hostname,pid,name,md5sum,signatureexists,signatureverified,description,certificatesubject,certificateissuer
SW0009UFP,5132,C:\Windows\System32\profapi.dll,88c6959992471311dd573ff5f7c0b77b,true,true,The file is signed and the signature was verified.,Microsoft Windows,Microsoft Windows Verification PCA
SW0009UFP,5132,C:\Windows\System32\FWPUCLNT.DLL,c903ac6a0d77ed5ccdfe46e954f360fe,true,true,The file is signed and the signature was verified.,Microsoft Windows,Microsoft Windows Verification PCA
SW0009UFP,1108,C:\Windows\System32\winnsi.dll,f1e31d6fd73c1e4c51652e166d6a8b3e,true,true,The file is signed and the signature was verified.,Microsoft Windows,Microsoft Windows Verification PCA
SW0009UFP,4516,C:\Windows\System32\lpk.dll,36ba76f0222780d9ecaba6ef3989ac10,true,true,The file is signed and the signature was verified.,Microsoft Windows,Microsoft Windows Verification PCA
SW0009UFP,5080,C:\Windows\System32\dhcpcsvc6.dll,2b06bc305190a004c94b92219bdb0296,true,true,The file is signed and the signature was verified.,Microsoft Windows,Microsoft Windows Verification PCA
SW0009UFP,5132,C:\Windows\System32\rpcrt4.dll,cdd2e1a90eadf692288679396407ac8f,true,true,The file is signed and the signature was verified.,Microsoft Windows,Microsoft Windows Verification PCA
SW0009UFP,5120,C:\Windows\System32\lpk.dll,36ba76f0222780d9ecaba6ef3989ac10,true,true,The file is signed and the signature was verified.,Microsoft Windows,Microsoft Windows Verification PCA
SW0009UFP,4540,C:\Windows\System32\rasadhlp.dll,a54eb74d4ffb70d995b5ee6a6a41df32,true,true,The file is signed and the signature was verified.,Microsoft Windows,Microsoft Windows Verification PCA
SW0009UFP,1180,C:\Windows\System32\gdi32.dll,d8897be023ad193cbf8da0ed2ce5eb5d,true,true,The file is signed and the signature was verified.,Microsoft Windows,Microsoft Windows Verification PCA
SW0009UFP,1108,C:\Windows\System32\sechost.dll,02c12c6782afc5df356a1e58fdf32d83,true,true,The file is signed and the signature was verified.,Microsoft Windows,Microsoft Windows Verification PCA
SW0009UFP,5120,C:\Windows\System32\pcwum.dll,ce1bc87e03ea4a2261024588f23f176e,true,true,The file is signed and the signature was verified.,Microsoft Windows,Microsoft Windows Verification PCA
SW0009UFP,4976,C:\Windows\System32\radarrs.dll,3cf4e836b7e27807645389c7b4a0d309,true,true,The file is signed and the signature was verified.,Microsoft Windows,Microsoft Windows Verification PCA
SW0009UFP,5080,C:\Windows\System32\imm32.dll,6c822015a4eb17dba3af845ece3cc6d6,true,true,The file is signed and the signature was verified.,Microsoft Windows,Microsoft Windows Verification PCA
SW0009UFP,4760,C:\Windows\System32\usp10.dll,e4eac22915a94a4c6be9f10fdf671858,true,true,The file is signed and the signature was verified.,Microsoft Windows,Microsoft Windows Verification PCA
SW0009UFP,1632,C:\Windows\System32\sechost.dll,02c12c6782afc5df356a1e58fdf32d83,true,true,The file is signed and the signature was verified.,Microsoft Windows,Microsoft Windows Verification PCA
SW0009UFP,5132,C:\Windows\System32\cscapi.dll,8e045549989eb78134ddf0a52d921d01,true,true,The file is signed and the signature was verified.,Microsoft Windows,Microsoft Windows Verification PCA
SW0009UFP,4760,C:\Windows\System32\advapi32.dll,2a80cf03b255a9cb77a0ca1724010c7e,true,true,The file is signed and the signature was verified.,Microsoft Windows,Microsoft Windows Verification PCA
SW0009UFP,524,C:\Windows\System32\winnsi.dll,f1e31d6fd73c1e4c51652e166d6a8b3e,true,true,The file is signed and the signature was verified.,Microsoft Windows,Microsoft Windows Verification PCA
SW0009UFP,4516,C:\Windows\System32\shlwapi.dll,4cc71cfff0bb2c1956bccafec72504c1,true,true,The file is signed and the signature was verified.,Microsoft Windows,Microsoft Windows Verification PCA
SW0009UFP,1108,C:\Windows\System32\wship6.dll,2a8e0e5ace2ebb678aaadff3e440b2eb,true,true,The file is signed and the signature was verified.,Microsoft Windows,Microsoft Windows Verification PCA
SW0009UFP,1108,C:\Windows\System32\bcrypt.dll,57be7e1d03c4333534f5cea62f8d8901,true,true,The file is signed and the signature was verified.,Microsoft Windows,Microsoft Windows Verification PCA
SW0009UFP,5080,C:\Windows\System32\rasadhlp.dll,a54eb74d4ffb70d995b5ee6a6a41df32,true,true,The file is signed and the signature was verified.,Microsoft Windows,Microsoft Windows Verification PCA
SW0009UFP,3372,C:\Windows\Fonts\vga850.fon,aa41b910e48614a9ea9eda9049f1dbc6,true,true,The file is signed and the signature was verified.,Microsoft Windows,Microsoft Windows Verification PCA
SW0009UFP,4380,C:\Windows\System32\cryptbase.dll,1aba09c7adbb276a315376d2ba90c532,true,true,The file is signed and the signature was verified.,Microsoft Windows,Microsoft Windows Verification PCA
SW0009UFP,4540,C:\Windows\System32\bcrypt.dll,57be7e1d03c4333534f5cea62f8d8901,true,true,The file is signed and the signature was verified.,Microsoft Windows,Microsoft Windows Verification PCA
SW0009UFP,4380,C:\Windows\System32\advapi32.dll,2a80cf03b255a9cb77a0ca1724010c7e,true,true,The file is signed and the signature was verified.,Microsoft Windows,Microsoft Windows Verification PCA
SW0009UFP,4540,C:\Windows\System32\sqmapi.dll,004f6040c8d0231959b5bcc0e3a83f99,true,true,The file is signed and the signature was verified.,Microsoft Windows,Microsoft Windows Verification PCA
SW0009UFP,5080,C:\Windows\System32\apisetschema.dll,a9661db7d845c974fc379772cf9ecd64,true,true,The file is signed and the signature was verified.,Microsoft Windows,Microsoft Windows Verification PCA
SW0009UFP,4964,C:\Windows\System32\psapi.dll,d30279d102e0ad14e8f35576cc573c11,true,true,The file is signed and the signature was verified.,Microsoft Windows,
SW0009UFP,524,C:\Windows\System32\gdi32.dll,d8897be023ad193cbf8da0ed2ce5eb5d,true,true,The file is signed and the signature was verified.,Microsoft Windows,Microsoft Windows Verification PCA
SW0009UFP,5132,C:\Windows\System32\en-US\spoolsv.exe.mui,3997c1e5beea772a9304054a9d86c4a6,true,true,The file is signed and the signature was verified.,Microsoft Windows,Microsoft Windows Verification PCA
SW0009UFP,4380,C:\Windows\System32\en-US\user32.dll.mui,0bff687ea7ecf148cc572555ecbeaa7e,true,true,The file is signed and the signature was verified.,Microsoft Windows,Microsoft Windows Verification PCA
SW0009UFP,2812,C:\Windows\System32\ncrypt.dll,dacbb23261b9ca00f0c7d6443a24767a,true,true,The file is signed and the signature was verified.,Microsoft Windows,Microsoft Windows Verification PCA
SW0009UFP,4540,C:\Windows\System32\wship6.dll,2a8e0e5ace2ebb678aaadff3e440b2eb,true,true,The file is signed and the signature was verified.,Microsoft Windows,Microsoft Windows Verification PCA
SW0009UFP,5132,C:\Windows\System32\mswsock.dll,8e00394657e9c1b2e96b563fe9376a43,true,true,The file is signed and the signature was verified.,Microsoft Windows,Microsoft Windows Verification PCA
SW0009UFP,4540,C:\Windows\System32\IPHLPAPI.DLL,1d0c6caa79a10b365b1b93908c4596f8,true,true,The file is signed and the signature was verified.,Microsoft Windows,Microsoft Windows Verification PCA
SW0009UFP,652,C:\Windows\System32\msasn1.dll,a5992dbe21b3665be70ce2848f70519f,true,true,The file is signed and the signature was verified.,Microsoft Windows,Microsoft Windows Verification PCA
SW0009UFP,1632,C:\Windows\System32\kerberos.dll,dab0b6fade361c9b34b2eb861b3626fc,true,true,The file is signed and the signature was verified.,Microsoft Windows,Microsoft Windows Verification PCA
SW0009UFP,652,C:\Windows\System32\nsi.dll,cce674a063d85efbd71058b14262cc8f,true,true,The file is signed and the signature was verified.,Microsoft Windows,Microsoft Windows Verification PCA
SW0009UFP,5120,C:\Windows\System32\esent.dll,77859e419df63900d4f86ee801086fc2,true,true,The file is signed and the signature was verified.,Microsoft Windows,Microsoft Windows Verification PCA
SW0009UFP,6188,C:\Windows\System32\mswsock.dll,8e00394657e9c1b2e96b563fe9376a43,true,true,The file is signed and the signature was verified.,Microsoft Windows,Microsoft Windows Verification PCA
SW0009UFP,5132,C:\Windows\System32\devrtl.dll,f1a72cbe8f63097670f95add67af7f83,true,true,The file is signed and the signature was verified.,Microsoft Windows,Microsoft Windows Verification PCA
SW0009UFP,4976,C:\Windows\System32\uxtheme.dll,da8cf007d5a5857346d5316ec8693f79,true,true,The file is signed and the signature was verified.,Microsoft Windows,Microsoft Windows Verification PCA
SW0009UFP,5120,C:\Windows\System32\dhcpcsvc.dll,cf0532f33073b1b1b0d67f6575fd072b,true,true,The file is signed and the signature was verified.,Microsoft Windows,Microsoft Windows Verification PCA
SW0009UFP,220,C:\Windows\system32\dllhost.exe,1b891b7e5871d5c8eb8d3b1acdee1522,false,false,,,
SW0009UFP,6188,C:\Windows\System32\shell32.dll,0d5db1de93ebb53acfaec4684ced4a83,true,true,The file is signed and the signature was verified.,Microsoft Windows,Microsoft Windows Verification PCA
SW0009UFP,6188,C:\Windows\System32\en-US\crypt32.dll.mui,05f2c3eb58c15a71f4e6b5bbea4077bf,true,true,The file is signed and the signature was verified.,Microsoft Windows,Microsoft Windows Verification PCA
SW0009UFP,1180,C:\Windows\System32\winbrand.dll,d0d7afe265a100c5fbd5393d116a7230,true,true,The file is signed and the signature was verified.,Microsoft Windows,Microsoft Windows Verification PCA
SW0009UFP,5132,C:\Windows\Globalization\Sorting\SortDefault.nls,fcbe454fa581583f5505dec11c39a094,true,true,The file is signed and the signature was verified.,Microsoft Windows,Microsoft Windows Verification PCA
SW0009UFP,6452,C:\Windows\System32\en-US\p2psvc.dll.mui,a9998c9d72f38d84ca2d5d3df99f6c46,true,true,The file is signed and the signature was verified.,Microsoft Windows,Microsoft Windows Verification PCA
SW0009UFP,1632,C:\Windows\System32\netjoin.dll,3345df5abefd1be987257748e84358bb,true,true,The file is signed and the signature was verified.,Microsoft Windows,Microsoft Windows Verification PCA
SW0009UFP,3372,C:\Windows\System32\sxs.dll,9af6d842dde02151a6f08a3befdd46c7,true,true,The file is signed and the signature was verified.,Microsoft Windows,Microsoft Windows Verification PCA
SW0009UFP,1632,C:\Windows\System32\wship6.dll,2a8e0e5ace2ebb678aaadff3e440b2eb,true,true,The file is signed and the signature was verified.,Microsoft Windows,Microsoft Windows Verification PCA
SW0009UFP,5132,C:\Windows\System32\advapi32.dll,2a80cf03b255a9cb77a0ca1724010c7e,true,true,The file is signed and the signature was verified.,Microsoft Windows,Microsoft Windows Verification PCA
SW0009UFP,4760,C:\Windows\System32\locale.nls,bfb12d019b57473e3ba179e64f3f92c6,true,true,The file is signed and the signature was verified.,Microsoft Windows,Microsoft Windows Verification PCA
SW0009UFP,4976,C:\Windows\System32\msctf.dll,a71086cec43ab4b4789e078775215579,true,true,The file is signed and the signature was verified.,Microsoft Windows,Microsoft Windows Verification PCA
SW0009UFP,4516,C:\Windows\System32\rasadhlp.dll,a54eb74d4ffb70d995b5ee6a6a41df32,true,true,The file is signed and the signature was verified.,Microsoft Windows,Microsoft Windows Verification PCA
SW0009UFP,1108,C:\Windows\System32\apisetschema.dll,a9661db7d845c974fc379772cf9ecd64,true,true,The file is signed and the signature was verified.,Microsoft Windows,Microsoft Windows Verification PCA
SW0009UFP,4964,C:\Windows\System32\locale.nls,bfb12d019b57473e3ba179e64f3f92c6,true,true,The file is signed and the signature was verified.,Microsoft Windows,
SW0009UFP,4516,C:\Windows\System32\dhcpcsvc.dll,cf0532f33073b1b1b0d67f6575fd072b,true,true,The file is signed and the signature was verified.,Microsoft Windows,Microsoft Windows Verification PCA
SW0009UFP,4540,C:\Windows\System32\ntdll.dll,a738424bab5e0547ebe1c0c255717a5a,true,true,The file is signed and the signature was verified.,Microsoft Windows,Microsoft Windows Verification PCA
SW0009UFP,3372,C:\Windows\Fonts\calibri.ttf,c524a2122dff747052a6068facab69e4,true,true,The file is signed and the signature was verified.,Microsoft Windows,Microsoft Windows Verification PCA
SW0009UFP,652,C:\Windows\System32\dhcpcsvc6.dll,2b06bc305190a004c94b92219bdb0296,true,true,The file is signed and the signature was verified.,Microsoft Windows,Microsoft Windows Verification PCA
SW0009UFP,4976,C:\Windows\System32\ncrypt.dll,dacbb23261b9ca00f0c7d6443a24767a,true,true,The file is signed and the signature was verified.,Microsoft Windows,Microsoft Windows Verification PCA
SW0009UFP,4516,C:\Windows\System32\rpcrt4.dll,cdd2e1a90eadf692288679396407ac8f,true,true,The file is signed and the signature was verified.,Microsoft Windows,Microsoft Windows Verification PCA
SW0009UFP,4196,C:\Windows\System32\WSHTCPIP.DLL,ffe36ce3099c7fea4d0ec38eb79f42c3,true,true,The file is signed and the signature was verified.,Microsoft Windows,Microsoft Windows Verification PCA
SW0009UFP,3032,C:\Windows\System32\imm32.dll,6c822015a4eb17dba3af845ece3cc6d6,true,true,The file is signed and the signature was verified.,Microsoft Windows,Microsoft Windows Verification PCA
SW0009UFP,4516,C:\Windows\System32\p2psvc.dll,1f96db73a39774dae293ece213908ecc,true,true,The file is signed and the signature was verified.,Microsoft Windows,Microsoft Windows Verification PCA
SW0009UFP,1632,C:\Windows\System32\mswsock.dll,8e00394657e9c1b2e96b563fe9376a43,true,true,The file is signed and the signature was verified.,Microsoft Windows,Microsoft Windows Verification PCA
SW0009UFP,5132,C:\Windows\System32\winnsi.dll,f1e31d6fd73c1e4c51652e166d6a8b3e,true,true,The file is signed and the signature was verified.,Microsoft Windows,Microsoft Windows Verification PCA
SW0009UFP,5120,C:\Windows\System32\rsaenh.dll,a98835320a961e39e3f3b7c1363b9b1b,true,true,The file is signed and the signature was verified.,Microsoft Windows,Microsoft Windows Verification PCA
SW0009UFP,524,C:\Windows\System32\mswsock.dll,8e00394657e9c1b2e96b563fe9376a43,true,true,The file is signed and the signature was verified.,Microsoft Windows,Microsoft Windows Verification PCA
SW0009UFP,5132,C:\Windows\System32\kernel32.dll,7e5863ad9704e556d9f657b7deeae645,true,true,The file is signed and the signature was verified.,Microsoft Windows,Microsoft Windows Verification PCA
SW0009UFP,3352,C:\Windows\System32\usp10.dll,e4eac22915a94a4c6be9f10fdf671858,true,true,The file is signed and the signature was verified.,Microsoft Windows,Microsoft Windows Verification PCA
SW0009UFP,652,C:\Windows\System32\svchost.exe,d05d31d8209350ba7377bbab72899184,true,true,The file is signed and the signature was verified.,Microsoft Windows,Microsoft Windows Verification PCA
SW0009UFP,524,C:\Windows\System32\user32.dll,75fbd0e4652413cf2abe45e8d97c1eb6,true,true,The file is signed and the signature was verified.,Microsoft Windows,Microsoft Windows Verification PCA
SW0009UFP,4760,C:\Windows\System32\imm32.dll,6c822015a4eb17dba3af845ece3cc6d6,true,true,The file is signed and the signature was verified.,Microsoft Windows,Microsoft Windows Verification PCA
SW0009UFP,4540,C:\Windows\System32\en-US\crypt32.dll.mui,05f2c3eb58c15a71f4e6b5bbea4077bf,true,true,The file is signed and the signature was verified.,Microsoft Windows,Microsoft Windows Verification PCA
SW0009UFP,6188,C:\Windows\System32\slc.dll,ad13af22833469d235bb054b27206eb6,true,true,The file is signed and the signature was verified.,Microsoft Windows,Microsoft Windows Verification PCA
SW0009UFP,3372,C:\Windows\System32\lpk.dll,36ba76f0222780d9ecaba6ef3989ac10,true,true,The file is signed and the signature was verified.,Microsoft Windows,Microsoft Windows Verification PCA
SW0009UFP,4516,C:\Windows\System32\shell32.dll,0d5db1de93ebb53acfaec4684ced4a83,true,true,The file is signed and the signature was verified.,Microsoft Windows,Microsoft Windows Verification PCA
SW0009UFP,3352,C:\Windows\System32\KernelBase.dll,9f96ece8ced2ff8cfbf5e8f4cd82c997,true,true,The file is signed and the signature was verified.,Microsoft Windows,Microsoft Windows Verification PCA
SW0009UFP,5120,C:\Windows\System32\ncrypt.dll,dacbb23261b9ca00f0c7d6443a24767a,true,true,The file is signed and the signature was verified.,Microsoft Windows,Microsoft Windows Verification PCA
SW0009UFP,652,C:\Windows\System32\wship6.dll,2a8e0e5ace2ebb678aaadff3e440b2eb,true,true,The file is signed and the signature was verified.,Microsoft Windows,Microsoft Windows Verification PCA
SW0009UFP,5080,C:\Windows\System32\pcwum.dll,ce1bc87e03ea4a2261024588f23f176e,true,true,The file is signed and the signature was verified.,Microsoft Windows,Microsoft Windows Verification PCA
SW0009UFP,6452,C:\Windows\System32\advapi32.dll,2a80cf03b255a9cb77a0ca1724010c7e,true,true,The file is signed and the signature was verified.,Microsoft Windows,Microsoft Windows Verification PCA
SW0009UFP,5080,C:\Windows\System32\rsaenh.dll,a98835320a961e39e3f3b7c1363b9b1b,true,true,The file is signed and the signature was verified.,Microsoft Windows,Microsoft Windows Verification PCA
SW0009UFP,5132,C:\Windows\System32\fundisc.dll,c888b3ed9a5fb3b4213b485cf7e41f44,true,true,The file is signed and the signature was verified.,Microsoft Windows,Microsoft Windows Verification PCA
SW0009UFP,4760,C:\Windows\System32\shlwapi.dll,4cc71cfff0bb2c1956bccafec72504c1,true,true,The file is signed and the signature was verified.,Microsoft Windows,Microsoft Windows Verification PCA
SW0009UFP,2812,C:\Windows\System32\kernel32.dll,7e5863ad9704e556d9f657b7deeae645,true,true,The file is signed and the signature was verified.,Microsoft Windows,Microsoft Windows Verification PCA
SW0009UFP,4976,C:\Windows\System32\winnsi.dll,f1e31d6fd73c1e4c51652e166d6a8b3e,true,true,The file is signed and the signature was verified.,Microsoft Windows,Microsoft Windows Verification PCA
SW0009UFP,652,C:\Windows\System32\ole32.dll,eba2411436aee6661fad2cba6344059a,true,true,The file is signed and the signature was verified.,Microsoft Windows,Microsoft Windows Verification PCA
SW0009UFP,4196,C:\Windows\System32\apisetschema.dll,a9661db7d845c974fc379772cf9ecd64,true,true,The file is signed and the signature was verified.,Microsoft Windows,Microsoft Windows Verification PCA
SW0009UFP,2812,C:\Windows\System32\winnsi.dll,f1e31d6fd73c1e4c51652e166d6a8b3e,true,true,The file is signed and the signature was verified.,Microsoft Windows,Microsoft Windows Verification PCA
SW0009UFP,4516,C:\Windows\System32\clbcatq.dll,1c755b0f7239ea78000ea929b3333aa3,true,true,The file is signed and the signature was verified.,Microsoft Windows,Microsoft Windows Verification PCA
SW0009UFP,4976,C:\Windows\System32\usp10.dll,e4eac22915a94a4c6be9f10fdf671858,true,true,The file is signed and the signature was verified.,Microsoft Windows,Microsoft Windows Verification PCA
SW0009UFP,1632,C:\Windows\System32\winsta.dll,1b3a41359c64eebb206e62e92edb27a7,true,true,The file is signed and the signature was verified.,Microsoft Windows,Microsoft Windows Verification PCA
SW0009UFP,6188,C:\Windows\System32\en-US\svchost.exe.mui,d35adc095086f9aef68f260daa6e7d09,true,true,The file is signed and the signature was verified.,Microsoft Windows,Microsoft Windows Verification PCA
SW0009UFP,5120,C:\Windows\System32\xmllite.dll,b791cf72a2e7af34f126a9d94b893e4c,true,true,The file is signed and the signature was verified.,Microsoft Windows,Microsoft Windows Verification PCA
SW0009UFP,6452,C:\Windows\System32\ssdpapi.dll,43a9f9ccc016bd506fbcecd0a844c6dd,true,true,The file is signed and the signature was verified.,Microsoft Windows,Microsoft Windows Verification PCA
SW0009UFP,3352,C:\Windows\System32\ntdll.dll,a738424bab5e0547ebe1c0c255717a5a,true,true,The file is signed and the signature was verified.,Microsoft Windows,Microsoft Windows Verification PCA
SW0009UFP,1108,C:\Windows\System32\msasn1.dll,a5992dbe21b3665be70ce2848f70519f,true,true,The file is signed and the signature was verified.,Microsoft Windows,Microsoft Windows Verification PCA
SW0009UFP,5080,C:\Windows\System32\p2psvc.dll,1f96db73a39774dae293ece213908ecc,true,true,The file is signed and the signature was verified.,Microsoft Windows,Microsoft Windows Verification PCA
SW0009UFP,4476,C:\Windows\System32\msctf.dll,a71086cec43ab4b4789e078775215579,true,true,The file is signed and the signature was verified.,Microsoft Windows,Microsoft Windows Verification PCA
SW0009UFP,652,C:\Windows\System32\rsaenh.dll,a98835320a961e39e3f3b7c1363b9b1b,true,true,The file is signed and the signature was verified.,Microsoft Windows,Microsoft Windows Verification PCA
SW0009UFP,6452,C:\Windows\System32\P2PGraph.dll,572e2082253e0bfea454374ebd0651bd,true,true,The file is signed and the signature was verified.,Microsoft Windows,Microsoft Windows Verification PCA
SW0009UFP,4964,C:\Windows\System32\imm32.dll,6c822015a4eb17dba3af845ece3cc6d6,true,true,The file is signed and the signature was verified.,Microsoft Windows,
SW0009UFP,5132,C:\Windows\System32\msctf.dll,a71086cec43ab4b4789e078775215579,true,true,The file is signed and the signature was verified.,Microsoft Windows,Microsoft Windows Verification PCA
SW0009UFP,5120,C:\Windows\System32\shlwapi.dll,4cc71cfff0bb2c1956bccafec72504c1,true,true,The file is signed and the signature was verified.,Microsoft Windows,Microsoft Windows Verification PCA
SW0009UFP,2812,C:\Windows\System32\IPHLPAPI.DLL,1d0c6caa79a10b365b1b93908c4596f8,true,true,The file is signed and the signature was verified.,Microsoft Windows,Microsoft Windows Verification PCA
SW0009UFP,3352,C:\Windows\System32\oleaut32.dll,496a79ecce776c3d64b435d4d1fefc77,true,true,The file is signed and the signature was verified.,Microsoft Windows,Microsoft Windows Verification PCA
SW0009UFP,4540,C:\Windows\System32\profapi.dll,88c6959992471311dd573ff5f7c0b77b,true,true,The file is signed and the signature was verified.,Microsoft Windows,Microsoft Windows Verification PCA
SW0009UFP,3372,C:\Windows\Fonts\marlett.ttf,77ea57338d4f5415a4b8da9e503bb65c,true,true,The file is signed and the signature was verified.,Microsoft Windows,Microsoft Windows Verification PCA
SW0009UFP,1108,C:\Windows\System32\ws2_32.dll,f5d8aebd93befc0f4fe280fd3fcb2cc9,true,true,The file is signed and the signature was verified.,Microsoft Windows,Microsoft Windows Verification PCA
SW0009UFP,524,C:\Windows\System32\wship6.dll,2a8e0e5ace2ebb678aaadff3e440b2eb,true,true,The file is signed and the signature was verified.,Microsoft Windows,Microsoft Windows Verification PCA
SW0009UFP,4516,C:\Windows\System32\sqmapi.dll,004f6040c8d0231959b5bcc0e3a83f99,true,true,The file is signed and the signature was verified.,Microsoft Windows,Microsoft Windows Verification PCA
SW0009UFP,4380,C:\Windows\System32\rsaenh.dll,a98835320a961e39e3f3b7c1363b9b1b,true,true,The file is signed and the signature was verified.,Microsoft Windows,Microsoft Windows Verification PCA
SW0009UFP,2812,C:\Windows\System32\svchost.exe,d05d31d8209350ba7377bbab72899184,true,true,The file is signed and the signature was verified.,Microsoft Windows,Microsoft Windows Verification PCA
SW0009UFP,4760,C:\Windows\System32\en-US\KernelBase.dll.mui,4eeb141e832a3c9fb2751ae960569a47,true,true,The file is signed and the signature was verified.,Microsoft Windows,Microsoft Windows Verification PCA
SW0009UFP,3352,C:\Windows\System32\credssp.dll,366ba59a8dc00d7996c13573ec9bce3b,true,true,The file is signed and the signature was verified.,Microsoft Windows,Microsoft Windows Verification PCA
SW0009UFP,6188,C:\Windows\System32\IPHLPAPI.DLL,1d0c6caa79a10b365b1b93908c4596f8,true,true,The file is signed and the signature was verified.,Microsoft Windows,Microsoft Windows Verification PCA
SW0009UFP,5080,C:\Windows\System32\usp10.dll,e4eac22915a94a4c6be9f10fdf671858,true,true,The file is signed and the signature was verified.,Microsoft Windows,Microsoft Windows Verification PCA
SW0009UFP,1108,C:\Windows\System32\authz.dll,d79136f0fc0dbe1fa092c53e404ac643,true,true,The file is signed and the signature was verified.,Microsoft Windows,Microsoft Windows Verification PCA
SW0009UFP,2812,C:\Windows\System32\gpapi.dll,f7b9adffd6eb50f49884f2f9071ab4f4,true,true,The file is signed and the signature was verified.,Microsoft Windows,Microsoft Windows Verification PCA
SW0009UFP,4476,C:\Windows\System32\scext.dll,918637f0243d31d9052e200214842373,true,true,The file is signed and the signature was verified.,Microsoft Windows,Microsoft Windows Verification PCA
SW0009UFP,5080,C:\Windows\System32\mswsock.dll,8e00394657e9c1b2e96b563fe9376a43,true,true,The file is signed and the signature was verified.,Microsoft Windows,Microsoft Windows Verification PCA
SW0009UFP,3032,C:\Windows\System32\dwmapi.dll,b3aac417ec6483181c6b1b8ede67b30f,true,true,The file is signed and the signature was verified.,Microsoft Windows,Microsoft Windows Verification PCA
SW0009UFP,1180,C:\Windows\System32\usp10.dll,e4eac22915a94a4c6be9f10fdf671858,true,true,The file is signed and the signature was verified.,Microsoft Windows,Microsoft Windows Verification PCA
SW0009UFP,4760,C:\Windows\System32\pcwum.dll,ce1bc87e03ea4a2261024588f23f176e,true,true,The file is signed and the signature was verified.,Microsoft Windows,Microsoft Windows Verification PCA
SW0009UFP,4516,C:\Windows\System32\pnrpnsp.dll,041fbf767a598f3e9ea3b4ee3f789aa7,true,true,The file is signed and the signature was verified.,Microsoft Windows,Microsoft Windows Verification PCA
SW0009UFP,5132,C:\Windows\System32\rasadhlp.dll,a54eb74d4ffb70d995b5ee6a6a41df32,true,true,The file is signed and the signature was verified.,Microsoft Windows,Microsoft Windows Verification PCA
SW0009UFP,2812,C:\Windows\System32\crypt32.dll,f7e636732fbfb9c1b48934551466ec62,true,true,The file is signed and the signature was verified.,Microsoft Windows,Microsoft Windows Verification PCA
SW0009UFP,4476,C:\Windows\System32\ntdll.dll,a738424bab5e0547ebe1c0c255717a5a,true,true,The file is signed and the signature was verified.,Microsoft Windows,Microsoft Windows Verification PCA
SW0009UFP,4540,C:\Windows\System32\msasn1.dll,a5992dbe21b3665be70ce2848f70519f,true,true,The file is signed and the signature was verified.,Microsoft Windows,Microsoft Windows Verification PCA
SW0009UFP,4196,C:\Windows\System32\locale.nls,bfb12d019b57473e3ba179e64f3f92c6,true,true,The file is signed and the signature was verified.,Microsoft Windows,Microsoft Windows Verification PCA
SW0009UFP,2812,C:\Windows\System32\KernelBase.dll,9f96ece8ced2ff8cfbf5e8f4cd82c997,true,true,The file is signed and the signature was verified.,Microsoft Windows,Microsoft Windows Verification PCA
SW0009UFP,6452,C:\Windows\System32\en-US\svchost.exe.mui,d35adc095086f9aef68f260daa6e7d09,true,true,The file is signed and the signature was verified.,Microsoft Windows,Microsoft Windows Verification PCA
SW0009UFP,524,C:\Windows\System32\sqmapi.dll,004f6040c8d0231959b5bcc0e3a83f99,true,true,The file is signed and the signature was verified.,Microsoft Windows,Microsoft Windows Verification PCA
SW0009UFP,4380,C:\Windows\System32\netjoin.dll,3345df5abefd1be987257748e84358bb,true,true,The file is signed and the signature was verified.,Microsoft Windows,Microsoft Windows Verification PCA
SW0009UFP,6188,C:\Windows\System32\rasadhlp.dll,a54eb74d4ffb70d995b5ee6a6a41df32,true,true,The file is signed and the signature was verified.,Microsoft Windows,Microsoft Windows Verification PCA
SW0009UFP,5132,C:\Windows\System32\msvcrt.dll,1193d517468a6431eb8ded151c813299,true,true,The file is signed and the signature was verified.,Microsoft Windows,Microsoft Windows Verification PCA
SW0009UFP,2812,C:\Windows\System32\psapi.dll,d30279d102e0ad14e8f35576cc573c11,true,true,The file is signed and the signature was verified.,Microsoft Windows,Microsoft Windows Verification PCA
SW0009UFP,3123,C:\Users\pheobe.per52\AppData\Local\Programs\Opera\56.0.3051.52\opera_crashreporter.exe,65438e5b6281e8cce024137acd76480f,false,false,,,
SW0009UFP,4760,C:\Windows\System32\ntdll.dll,a738424bab5e0547ebe1c0c255717a5a,true,true,The file is signed and the signature was verified.,Microsoft Windows,Microsoft Windows Verification PCA
SW0009UFP,3032,C:\Windows\System32\ole32.dll,eba2411436aee6661fad2cba6344059a,true,true,The file is signed and the signature was verified.,Microsoft Windows,Microsoft Windows Verification PCA
SW0009UFP,4760,C:\Windows\System32\en-US\crypt32.dll.mui,05f2c3eb58c15a71f4e6b5bbea4077bf,true,true,The file is signed and the signature was verified.,Microsoft Windows,Microsoft Windows Verification PCA
SW0009UFP,4964,C:\Windows\System32\WindowsCodecs.dll,c6e18078ea199f05539d56a15e413d51,true,true,The file is signed and the signature was verified.,Microsoft Windows,
SW0009UFP,1108,C:\Windows\System32\pcwum.dll,ce1bc87e03ea4a2261024588f23f176e,true,true,The file is signed and the signature was verified.,Microsoft Windows,Microsoft Windows Verification PCA
SW0009UFP,2812,C:\Windows\System32\profapi.dll,88c6959992471311dd573ff5f7c0b77b,true,true,The file is signed and the signature was verified.,Microsoft Windows,Microsoft Windows Verification PCA
SW0009UFP,6452,C:\Windows\System32\bcrypt.dll,57be7e1d03c4333534f5cea62f8d8901,true,true,The file is signed and the signature was verified.,Microsoft Windows,Microsoft Windows Verification PCA
SW0009UFP,1180,C:\Windows\System32\cmd.exe,b367f78760b8168ec0b5b09cf4d3d35a,true,true,The file is signed and the signature was verified.,Microsoft Windows,Microsoft Windows Verification PCA
SW0009UFP,6452,C:\Windows\System32\authz.dll,d79136f0fc0dbe1fa092c53e404ac643,true,true,The file is signed and the signature was verified.,Microsoft Windows,Microsoft Windows Verification PCA
SW0009UFP,4540,C:\Windows\System32\ntmarta.dll,1572fcc2d2f0ae76bd2f01dd7fb2f9da,true,true,The file is signed and the signature was verified.,Microsoft Windows,Microsoft Windows Verification PCA
SW0009UFP,3032,C:\Windows\System32\shlwapi.dll,4cc71cfff0bb2c1956bccafec72504c1,true,true,The file is signed and the signature was verified.,Microsoft Windows,Microsoft Windows Verification PCA
SW0009UFP,4476,C:\Windows\System32\cryptbase.dll,1aba09c7adbb276a315376d2ba90c532,true,true,The file is signed and the signature was verified.,Microsoft Windows,Microsoft Windows Verification PCA
SW0009UFP,5120,C:\Windows\System32\ntdll.dll,a738424bab5e0547ebe1c0c255717a5a,true,true,The file is signed and the signature was verified.,Microsoft Windows,Microsoft Windows Verification PCA
SW0009UFP,6452,C:\Windows\System32\msasn1.dll,a5992dbe21b3665be70ce2848f70519f,true,true,The file is signed and the signature was verified.,Microsoft Windows,Microsoft Windows Verification PCA
SW0009UFP,652,C:\Windows\System32\shell32.dll,0d5db1de93ebb53acfaec4684ced4a83,true,true,The file is signed and the signature was verified.,Microsoft Windows,Microsoft Windows Verification PCA
SW0009UFP,524,C:\Windows\System32\kernel32.dll,7e5863ad9704e556d9f657b7deeae645,true,true,The file is signed and the signature was verified.,Microsoft Windows,Microsoft Windows Verification PCA
SW0009UFP,3352,C:\Windows\System32\sspicli.dll,53876ad434c027b10976eb280905ae40,true,true,The file is signed and the signature was verified.,Microsoft Windows,Microsoft Windows Verification PCA
SW0009UFP,3352,C:\Windows\System32\secur32.dll,0f5fe8dcc7a5317432dc05fb37dc5ebd,true,true,The file is signed and the signature was verified.,Microsoft Windows,Microsoft Windows Verification PCA
SW0009UFP,4540,C:\Windows\System32\P2PGraph.dll,572e2082253e0bfea454374ebd0651bd,true,true,The file is signed and the signature was verified.,Microsoft Windows,Microsoft Windows Verification PCA
SW0009UFP,4516,C:\Windows\System32\crypt32.dll,f7e636732fbfb9c1b48934551466ec62,true,true,The file is signed and the signature was verified.,Microsoft Windows,Microsoft Windows Verification PCA
SW0009UFP,6188,C:\Windows\System32\advapi32.dll,2a80cf03b255a9cb77a0ca1724010c7e,true,true,The file is signed and the signature was verified.,Microsoft Windows,Microsoft Windows Verification PCA
SW0009UFP,4516,C:\Windows\System32\ole32.dll,eba2411436aee6661fad2cba6344059a,true,true,The file is signed and the signature was verified.,Microsoft Windows,Microsoft Windows Verification PCA
SW0009UFP,4976,C:\Windows\System32\shell32.dll,0d5db1de93ebb53acfaec4684ced4a83,true,true,The file is signed and the signature was verified.,Microsoft Windows,Microsoft Windows Verification PCA
SW0009UFP,652,C:\Windows\System32\sspicli.dll,53876ad434c027b10976eb280905ae40,true,true,The file is signed and the signature was verified.,Microsoft Windows,Microsoft Windows Verification PCA
SW0009UFP,5640,C:\Windows\System32\advapi32.dll,2a80cf03b255a9cb77a0ca1724010c7e,true,true,The file is signed and the signature was verified.,Microsoft Windows,Microsoft Windows Verification PCA
SW0009UFP,1108,C:\Windows\System32\mswsock.dll,8e00394657e9c1b2e96b563fe9376a43,true,true,The file is signed and the signature was verified.,Microsoft Windows,Microsoft Windows Verification PCA
SW0009UFP,5640,C:\Windows\System32\sechost.dll,02c12c6782afc5df356a1e58fdf32d83,true,true,The file is signed and the signature was verified.,Microsoft Windows,Microsoft Windows Verification PCA
SW0009UFP,2812,C:\Windows\System32\p2psvc.dll,1f96db73a39774dae293ece213908ecc,true,true,The file is signed and the signature was verified.,Microsoft Windows,Microsoft Windows Verification PCA
SW0009UFP,6188,C:\Windows\System32\ncrypt.dll,dacbb23261b9ca00f0c7d6443a24767a,true,true,The file is signed and the signature was verified.,Microsoft Windows,Microsoft Windows Verification PCA
SW0009UFP,5120,C:\Windows\System32\clbcatq.dll,1c755b0f7239ea78000ea929b3333aa3,true,true,The file is signed and the signature was verified.,Microsoft Windows,Microsoft Windows Verification PCA
SW0009UFP,1632,C:\Windows\System32\cabinet.dll,eb3a211d5450476a04b811da756db30c,true,true,The file is signed and the signature was verified.,Microsoft Windows,Microsoft Windows Verification PCA
SW0009UFP,5132,C:\Windows\System32\version.dll,ab1f4bf09ab3cf36307fa1866bf97218,true,true,The file is signed and the signature was verified.,Microsoft Windows,Microsoft Windows Verification PCA
SW0009UFP,1180,C:\Windows\System32\lpk.dll,36ba76f0222780d9ecaba6ef3989ac10,true,true,The file is signed and the signature was verified.,Microsoft Windows,Microsoft Windows Verification PCA
SW0009UFP,3372,C:\Windows\System32\csrss.exe,b130fb2cb0de97edf6bf095fd5e05a99,true,true,The file is signed and the signature was verified.,Microsoft Windows,Microsoft Windows Verification PCA
SW0009UFP,1108,C:\Windows\System32\IPHLPAPI.DLL,1d0c6caa79a10b365b1b93908c4596f8,true,true,The file is signed and the signature was verified.,Microsoft Windows,Microsoft Windows Verification PCA
SW0009UFP,3032,C:\Windows\System32\oleaut32.dll,496a79ecce776c3d64b435d4d1fefc77,true,true,The file is signed and the signature was verified.,Microsoft Windows,Microsoft Windows Verification PCA
SW0009UFP,652,C:\Windows\System32\authz.dll,d79136f0fc0dbe1fa092c53e404ac643,true,true,The file is signed and the signature was verified.,Microsoft Windows,Microsoft Windows Verification PCA
SW0009UFP,5132,C:\Windows\System32\en-US\localspl.dll.mui,a17033f4d26a9261865d6b56a9e64c5a,true,true,The file is signed and the signature was verified.,Microsoft Windows,Microsoft Windows Verification PCA
SW0009UFP,1632,C:\Windows\System32\negoexts.dll,eb8d7a026a2b8a06e21a6091d3b1d746,true,true,The file is signed and the signature was verified.,Microsoft Windows,Microsoft Windows Verification PCA
SW0009UFP,1632,C:\Windows\System32\bcrypt.dll,57be7e1d03c4333534f5cea62f8d8901,true,true,The file is signed and the signature was verified.,Microsoft Windows,Microsoft Windows Verification PCA
SW0009UFP,4540,C:\Windows\System32\authz.dll,d79136f0fc0dbe1fa092c53e404ac643,true,true,The file is signed and the signature was verified.,Microsoft Windows,Microsoft Windows Verification PCA
SW0009UFP,1108,C:\Windows\System32\RpcRtRemote.dll,1a8f76f530c5b082354aa8a1e2138364,true,true,The file is signed and the signature was verified.,Microsoft Windows,Microsoft Windows Verification PCA
SW0009UFP,1632,C:\Windows\System32\crypt32.dll,f7e636732fbfb9c1b48934551466ec62,true,true,The file is signed and the signature was verified.,Microsoft Windows,Microsoft Windows Verification PCA
SW0009UFP,5120,C:\Windows\System32\msvcrt.dll,1193d517468a6431eb8ded151c813299,true,true,The file is signed and the signature was verified.,Microsoft Windows,Microsoft Windows Verification PCA
SW0009UFP,4380,C:\Windows\System32\profapi.dll,88c6959992471311dd573ff5f7c0b77b,true,true,The file is signed and the signature was verified.,Microsoft Windows,Microsoft Windows Verification PCA
SW0009UFP,524,C:\Windows\System32\slc.dll,ad13af22833469d235bb054b27206eb6,true,true,The file is signed and the signature was verified.,Microsoft Windows,Microsoft Windows Verification PCA
SW0009UFP,1108,C:\Windows\System32\ole32.dll,eba2411436aee6661fad2cba6344059a,true,true,The file is signed and the signature was verified.,Microsoft Windows,Microsoft Windows Verification PCA
SW0009UFP,4760,C:\Windows\System32\nsi.dll,cce674a063d85efbd71058b14262cc8f,true,true,The file is signed and the signature was verified.,Microsoft Windows,Microsoft Windows Verification PCA
SW0009UFP,5080,C:\Windows\System32\wship6.dll,2a8e0e5ace2ebb678aaadff3e440b2eb,true,true,The file is signed and the signature was verified.,Microsoft Windows,Microsoft Windows Verification PCA
SW0009UFP,652,C:\Windows\System32\en-US\crypt32.dll.mui,05f2c3eb58c15a71f4e6b5bbea4077bf,true,true,The file is signed and the signature was verified.,Microsoft Windows,Microsoft Windows Verification PCA
SW0009UFP,5080,C:\Windows\System32\en-US\crypt32.dll.mui,05f2c3eb58c15a71f4e6b5bbea4077bf,true,true,The file is signed and the signature was verified.,Microsoft Windows,Microsoft Windows Verification PCA
SW0009UFP,6188,C:\Windows\System32\svchost.exe,d05d31d8209350ba7377bbab72899184,true,true,The file is signed and the signature was verified.,Microsoft Windows,Microsoft Windows Verification PCA
SW0009UFP,1946,C:\Users\pheobe.per52\AppData\Local\Programs\Opera\56.0.3051.52\opera.exe,47ca33c38c6950942916ed4c5c1e38d1,false,false,,,
SW0009UFP,1108,C:\Windows\System32\locale.nls,bfb12d019b57473e3ba179e64f3f92c6,true,true,The file is signed and the signature was verified.,Microsoft Windows,Microsoft Windows Verification PCA
SW0009UFP,5640,C:\Windows\System32\ntdll.dll,a738424bab5e0547ebe1c0c255717a5a,true,true,The file is signed and the signature was verified.,Microsoft Windows,Microsoft Windows Verification PCA
SW0009UFP,3352,C:\Windows\System32\p2psvc.dll,1f96db73a39774dae293ece213908ecc,true,true,The file is signed and the signature was verified.,Microsoft Windows,Microsoft Windows Verification PCA
SW0009UFP,4516,C:\Windows\System32\imm32.dll,6c822015a4eb17dba3af845ece3cc6d6,true,true,The file is signed and the signature was verified.,Microsoft Windows,Microsoft Windows Verification PCA
SW0009UFP,6188,C:\Windows\System32\clbcatq.dll,1c755b0f7239ea78000ea929b3333aa3,true,true,The file is signed and the signature was verified.,Microsoft Windows,Microsoft Windows Verification PCA
SW0009UFP,4516,C:\Windows\System32\xmllite.dll,b791cf72a2e7af34f126a9d94b893e4c,true,true,The file is signed and the signature was verified.,Microsoft Windows,Microsoft Windows Verification PCA
SW0009UFP,4196,C:\Windows\System32\en-US\user32.dll.mui,0bff687ea7ecf148cc572555ecbeaa7e,true,true,The file is signed and the signature was verified.,Microsoft Windows,Microsoft Windows Verification PCA
SW0009UFP,4476,C:\Windows\System32\ws2_32.dll,f5d8aebd93befc0f4fe280fd3fcb2cc9,true,true,The file is signed and the signature was verified.,Microsoft Windows,Microsoft Windows Verification PCA
SW0009UFP,4380,C:\Windows\System32\locale.nls,bfb12d019b57473e3ba179e64f3f92c6,true,true,The file is signed and the signature was verified.,Microsoft Windows,Microsoft Windows Verification PCA
SW0009UFP,3372,C:\Windows\System32\cryptbase.dll,1aba09c7adbb276a315376d2ba90c532,true,true,The file is signed and the signature was verified.,Microsoft Windows,Microsoft Windows Verification PCA
SW0009UFP,1632,C:\Windows\System32\devrtl.dll,f1a72cbe8f63097670f95add67af7f83,true,true,The file is signed and the signature was verified.,Microsoft Windows,Microsoft Windows Verification PCA
SW0009UFP,4516,C:\Windows\System32\pnrpsvc.dll,bd9dcaaa9c7588d4567434a29d1c33ba,true,true,The file is signed and the signature was verified.,Microsoft Windows,Microsoft Windows Verification PCA
SW0009UFP,4196,C:\Windows\System32\profapi.dll,88c6959992471311dd573ff5f7c0b77b,true,true,The file is signed and the signature was verified.,Microsoft Windows,Microsoft Windows Verification PCA
SW0009UFP,1632,C:\Windows\System32\samsrv.dll,e38550b46d36c8a48c35c38736dfbc7b,true,true,The file is signed and the signature was verified.,Microsoft Windows,Microsoft Windows Verification PCA
SW0009UFP,3372,C:\Windows\Fonts\vgasys.fon,a4e272b08dd806d60b6b06a154edc272,true,true,The file is signed and the signature was verified.,Microsoft Windows,Microsoft Windows Verification PCA
SW0009UFP,4516,C:\Windows\System32\ssdpapi.dll,43a9f9ccc016bd506fbcecd0a844c6dd,true,true,The file is signed and the signature was verified.,Microsoft Windows,Microsoft Windows Verification PCA
SW0009UFP,1180,C:\Windows\System32\kernel32.dll,7e5863ad9704e556d9f657b7deeae645,true,true,The file is signed and the signature was verified.,Microsoft Windows,Microsoft Windows Verification PCA
SW0009UFP,4540,C:\Windows\System32\lpk.dll,36ba76f0222780d9ecaba6ef3989ac10,true,true,The file is signed and the signature was verified.,Microsoft Windows,Microsoft Windows Verification PCA
SW0009UFP,5132,C:\Windows\System32\dsrole.dll,f3577e650d9c33641e5e7740ecaddc78,true,true,The file is signed and the signature was verified.,Microsoft Windows,Microsoft Windows Verification PCA
SW0009UFP,1108,C:\Windows\System32\ncrypt.dll,dacbb23261b9ca00f0c7d6443a24767a,true,true,The file is signed and the signature was verified.,Microsoft Windows,Microsoft Windows Verification PCA
SW0009UFP,652,C:\Windows\System32\ncrypt.dll,dacbb23261b9ca00f0c7d6443a24767a,true,true,The file is signed and the signature was verified.,Microsoft Windows,Microsoft Windows Verification PCA
SW0009UFP,6452,C:\Windows\System32\pnrpnsp.dll,041fbf767a598f3e9ea3b4ee3f789aa7,true,true,The file is signed and the signature was verified.,Microsoft Windows,Microsoft Windows Verification PCA
SW0009UFP,5080,C:\Windows\System32\drttransport.dll,9ba292071af380f1b4c23372a7860a81,true,true,The file is signed and the signature was verified.,Microsoft Windows,Microsoft Windows Verification PCA
SW0009UFP,3352,C:\Windows\System32\authz.dll,d79136f0fc0dbe1fa092c53e404ac643,true,true,The file is signed and the signature was verified.,Microsoft Windows,Microsoft Windows Verification PCA
SW0009UFP,1108,C:\Windows\System32\clbcatq.dll,1c755b0f7239ea78000ea929b3333aa3,true,true,The file is signed and the signature was verified.,Microsoft Windows,Microsoft Windows Verification PCA
SW0009UFP,3352,C:\Windows\System32\ncrypt.dll,dacbb23261b9ca00f0c7d6443a24767a,true,true,The file is signed and the signature was verified.,Microsoft Windows,Microsoft Windows Verification PCA
SW0009UFP,4540,C:\Windows\System32\msctf.dll,a71086cec43ab4b4789e078775215579,true,true,The file is signed and the signature was verified.,Microsoft Windows,Microsoft Windows Verification PCA
SW0009UFP,3372,C:\Windows\System32\msvcrt.dll,1193d517468a6431eb8ded151c813299,true,true,The file is signed and the signature was verified.,Microsoft Windows,Microsoft Windows Verification PCA
SW0009UFP,1108,C:\Windows\System32\shlwapi.dll,4cc71cfff0bb2c1956bccafec72504c1,true,true,The file is signed and the signature was verified.,Microsoft Windows,Microsoft Windows Verification PCA
SW0009UFP,6452,C:\Windows\System32\pnrpsvc.dll,bd9dcaaa9c7588d4567434a29d1c33ba,true,true,The file is signed and the signature was verified.,Microsoft Windows,Microsoft Windows Verification PCA
SW0009UFP,4380,C:\Windows\System32\uxtheme.dll,da8cf007d5a5857346d5316ec8693f79,true,true,The file is signed and the signature was verified.,Microsoft Windows,Microsoft Windows Verification PCA
SW0009UFP,1108,C:\Windows\System32\gpapi.dll,f7b9adffd6eb50f49884f2f9071ab4f4,true,true,The file is signed and the signature was verified.,Microsoft Windows,Microsoft Windows Verification PCA
SW0009UFP,4760,C:\Windows\System32\psapi.dll,d30279d102e0ad14e8f35576cc573c11,true,true,The file is signed and the signature was verified.,Microsoft Windows,Microsoft Windows Verification PCA
SW0009UFP,5080,C:\Windows\System32\ntdll.dll,a738424bab5e0547ebe1c0c255717a5a,true,true,The file is signed and the signature was verified.,Microsoft Windows,Microsoft Windows Verification PCA
SW0009UFP,4964,C:\Windows\System32\dwm.exe,ecc8728c1446e9b3985ff008d945a359,true,true,The file is signed and the signature was verified.,Microsoft Windows,
SW0009UFP,4516,C:\Windows\System32\profapi.dll,88c6959992471311dd573ff5f7c0b77b,true,true,The file is signed and the signature was verified.,Microsoft Windows,Microsoft Windows Verification PCA
SW0009UFP,524,C:\Windows\System32\esent.dll,77859e419df63900d4f86ee801086fc2,true,true,The file is signed and the signature was verified.,Microsoft Windows,Microsoft Windows Verification PCA
SW0009UFP,3352,C:\Windows\System32\pcwum.dll,ce1bc87e03ea4a2261024588f23f176e,true,true,The file is signed and the signature was verified.,Microsoft Windows,Microsoft Windows Verification PCA
SW0009UFP,6452,C:\Windows\System32\sechost.dll,02c12c6782afc5df356a1e58fdf32d83,true,true,The file is signed and the signature was verified.,Microsoft Windows,Microsoft Windows Verification PCA
SW0009UFP,652,C:\Windows\System32\advapi32.dll,2a80cf03b255a9cb77a0ca1724010c7e,true,true,The file is signed and the signature was verified.,Microsoft Windows,Microsoft Windows Verification PCA
SW0009UFP,1076,C:\Windows\system32\LogonUI.exe,84ebfd36d601b43a5d93a7db8600b673,false,false,,,
SW0009UFP,5132,C:\Windows\System32\usbmon.dll,14fd9734e647ece495cd624aec48c69b,true,true,The file is signed and the signature was verified.,Microsoft Windows,Microsoft Windows Verification PCA
SW0009UFP,3352,C:\Windows\System32\en-US\p2psvc.dll.mui,a9998c9d72f38d84ca2d5d3df99f6c46,true,true,The file is signed and the signature was verified.,Microsoft Windows,Microsoft Windows Verification PCA
SW0009UFP,3032,C:\Windows\System32\lpk.dll,36ba76f0222780d9ecaba6ef3989ac10,true,true,The file is signed and the signature was verified.,Microsoft Windows,Microsoft Windows Verification PCA
SW0009UFP,4380,C:\Windows\System32\slc.dll,ad13af22833469d235bb054b27206eb6,true,true,The file is signed and the signature was verified.,Microsoft Windows,Microsoft Windows Verification PCA
SW0009UFP,4196,C:\Windows\System32\wininit.exe,80357f63a9172abd14a2a7da7175e8fe,true,true,The file is signed and the signature was verified.,Microsoft Windows,Microsoft Windows Verification PCA
SW0009UFP,524,C:\Windows\System32\ncrypt.dll,dacbb23261b9ca00f0c7d6443a24767a,true,true,The file is signed and the signature was verified.,Microsoft Windows,Microsoft Windows Verification PCA
SW0009UFP,5080,C:\Windows\System32\authz.dll,d79136f0fc0dbe1fa092c53e404ac643,true,true,The file is signed and the signature was verified.,Microsoft Windows,Microsoft Windows Verification PCA
SW0009UFP,5132,C:\Windows\System32\npmproxy.dll,91da5d6387b2c86162a9517239a8ad25,true,true,The file is signed and the signature was verified.,Microsoft Windows,Microsoft Windows Verification PCA
SW0009UFP,4964,C:\Windows\System32\en-US\dwm.exe.mui,04ac3d6b91050a95b911a679a46f1e00,true,true,The file is signed and the signature was verified.,Microsoft Windows,
SW0009UFP,5120,C:\Windows\System32\bcrypt.dll,57be7e1d03c4333534f5cea62f8d8901,true,true,The file is signed and the signature was verified.,Microsoft Windows,Microsoft Windows Verification PCA
SW0009UFP,5120,C:\Windows\System32\cryptsp.dll,3fde56bb753787ee9b733bf69e43c070,true,true,The file is signed and the signature was verified.,Microsoft Windows,Microsoft Windows Verification PCA
SW0009UFP,4196,C:\Windows\System32\kernel32.dll,7e5863ad9704e556d9f657b7deeae645,true,true,The file is signed and the signature was verified.,Microsoft Windows,Microsoft Windows Verification PCA
SW0009UFP,524,C:\Windows\System32\schannel.dll,4ffd897c52d33d0469c419256af8597f,true,true,The file is signed and the signature was verified.,Microsoft Windows,Microsoft Windows Verification PCA
SW0009UFP,2812,C:\Windows\System32\nsi.dll,cce674a063d85efbd71058b14262cc8f,true,true,The file is signed and the signature was verified.,Microsoft Windows,Microsoft Windows Verification PCA
SW0009UFP,6188,C:\Windows\System32\sspicli.dll,53876ad434c027b10976eb280905ae40,true,true,The file is signed and the signature was verified.,Microsoft Windows,Microsoft Windows Verification PCA
SW0009UFP,5120,C:\Windows\System32\nsi.dll,cce674a063d85efbd71058b14262cc8f,true,true,The file is signed and the signature was verified.,Microsoft Windows,Microsoft Windows Verification PCA
SW0009UFP,6452,C:\Windows\System32\shlwapi.dll,4cc71cfff0bb2c1956bccafec72504c1,true,true,The file is signed and the signature was verified.,Microsoft Windows,Microsoft Windows Verification PCA
SW0009UFP,6452,C:\Windows\System32\msctf.dll,a71086cec43ab4b4789e078775215579,true,true,The file is signed and the signature was verified.,Microsoft Windows,Microsoft Windows Verification PCA
SW0009UFP,6188,C:\Windows\System32\imm32.dll,6c822015a4eb17dba3af845ece3cc6d6,true,true,The file is signed and the signature was verified.,Microsoft Windows,Microsoft Windows Verification PCA
SW0009UFP,1632,C:\Windows\System32\pku2u.dll,96c5b7b0c8263359f1ce50d6b90362c9,true,true,The file is signed and the signature was verified.,Microsoft Windows,Microsoft Windows Verification PCA
SW0009UFP,5080,C:\Windows\System32\svchost.exe,d05d31d8209350ba7377bbab72899184,true,true,The file is signed and the signature was verified.,Microsoft Windows,Microsoft Windows Verification PCA
SW0009UFP,1108,C:\Windows\System32\kernel32.dll,7e5863ad9704e556d9f657b7deeae645,true,true,The file is signed and the signature was verified.,Microsoft Windows,Microsoft Windows Verification PCA
SW0009UFP,5132,C:\Windows\System32\imm32.dll,6c822015a4eb17dba3af845ece3cc6d6,true,true,The file is signed and the signature was verified.,Microsoft Windows,Microsoft Windows Verification PCA
SW0009UFP,4976,C:\Windows\System32\taskhost.exe,e8ac7e5db91d989457724268a0f80f1f,true,true,The file is signed and the signature was verified.,Microsoft Windows,Microsoft Windows Verification PCA
SW0009UFP,652,C:\Windows\System32\msvcrt.dll,1193d517468a6431eb8ded151c813299,true,true,The file is signed and the signature was verified.,Microsoft Windows,Microsoft Windows Verification PCA
SW0009UFP,5120,C:\Windows\System32\secur32.dll,0f5fe8dcc7a5317432dc05fb37dc5ebd,true,true,The file is signed and the signature was verified.,Microsoft Windows,Microsoft Windows Verification PCA
SW0009UFP,4964,C:\Windows\System32\lpk.dll,36ba76f0222780d9ecaba6ef3989ac10,true,true,The file is signed and the signature was verified.,Microsoft Windows,
SW0009UFP,1632,C:\Windows\System32\profapi.dll,88c6959992471311dd573ff5f7c0b77b,true,true,The file is signed and the signature was verified.,Microsoft Windows,Microsoft Windows Verification PCA
SW0009UFP,4516,C:\Windows\System32\credssp.dll,366ba59a8dc00d7996c13573ec9bce3b,true,true,The file is signed and the signature was verified.,Microsoft Windows,Microsoft Windows Verification PCA
SW0009UFP,5132,C:\Windows\System32\gpapi.dll,f7b9adffd6eb50f49884f2f9071ab4f4,true,true,The file is signed and the signature was verified.,Microsoft Windows,Microsoft Windows Verification PCA
SW0009UFP,524,C:\Windows\System32\msctf.dll,a71086cec43ab4b4789e078775215579,true,true,The file is signed and the signature was verified.,Microsoft Windows,Microsoft Windows Verification PCA
SW0009UFP,3372,C:\Windows\System32\locale.nls,bfb12d019b57473e3ba179e64f3f92c6,true,true,The file is signed and the signature was verified.,Microsoft Windows,Microsoft Windows Verification PCA
SW0009UFP,1108,C:\Windows\Globalization\Sorting\SortDefault.nls,fcbe454fa581583f5505dec11c39a094,true,true,The file is signed and the signature was verified.,Microsoft Windows,Microsoft Windows Verification PCA
SW0009UFP,4476,C:\Windows\System32\winsta.dll,1b3a41359c64eebb206e62e92edb27a7,true,true,The file is signed and the signature was verified.,Microsoft Windows,Microsoft Windows Verification PCA
SW0009UFP,4540,C:\Windows\System32\drt.dll,f9a76398eb59a53748fb93dce0693b6d,true,true,The file is signed and the signature was verified.,Microsoft Windows,Microsoft Windows Verification PCA
SW0009UFP,5132,C:\Windows\System32\fdPnp.dll,583f909d5bd2edae8336e3f1368eb73f,true,true,The file is signed and the signature was verified.,Microsoft Windows,Microsoft Windows Verification PCA
SW0009UFP,3352,C:\Windows\System32\rpcrt4.dll,cdd2e1a90eadf692288679396407ac8f,true,true,The file is signed and the signature was verified.,Microsoft Windows,Microsoft Windows Verification PCA
SW0009UFP,1632,C:\Windows\System32\schannel.dll,4ffd897c52d33d0469c419256af8597f,true,true,The file is signed and the signature was verified.,Microsoft Windows,Microsoft Windows Verification PCA
SW0009UFP,3032,C:\Windows\System32\gdi32.dll,d8897be023ad193cbf8da0ed2ce5eb5d,true,true,The file is signed and the signature was verified.,Microsoft Windows,Microsoft Windows Verification PCA
SW0009UFP,4964,C:\Windows\System32\ntdll.dll,a738424bab5e0547ebe1c0c255717a5a,true,true,The file is signed and the signature was verified.,Microsoft Windows,
SW0009UFP,4516,C:\Windows\System32\apisetschema.dll,a9661db7d845c974fc379772cf9ecd64,true,true,The file is signed and the signature was verified.,Microsoft Windows,Microsoft Windows Verification PCA
SW0009UFP,4380,C:\Windows\System32\apisetschema.dll,a9661db7d845c974fc379772cf9ecd64,true,true,The file is signed and the signature was verified.,Microsoft Windows,Microsoft Windows Verification PCA
SW0009UFP,652,C:\Windows\System32\slc.dll,ad13af22833469d235bb054b27206eb6,true,true,The file is signed and the signature was verified.,Microsoft Windows,Microsoft Windows Verification PCA
SW0009UFP,652,C:\Windows\System32\rasadhlp.dll,a54eb74d4ffb70d995b5ee6a6a41df32,true,true,The file is signed and the signature was verified.,Microsoft Windows,Microsoft Windows Verification PCA
SW0009UFP,4976,C:\Windows\System32\IPHLPAPI.DLL,1d0c6caa79a10b365b1b93908c4596f8,true,true,The file is signed and the signature was verified.,Microsoft Windows,Microsoft Windows Verification PCA
SW0009UFP,5120,C:\Windows\System32\shell32.dll,0d5db1de93ebb53acfaec4684ced4a83,true,true,The file is signed and the signature was verified.,Microsoft Windows,Microsoft Windows Verification PCA
SW0009UFP,2812,C:\Windows\System32\rpcrt4.dll,cdd2e1a90eadf692288679396407ac8f,true,true,The file is signed and the signature was verified.,Microsoft Windows,Microsoft Windows Verification PCA
SW0009UFP,2812,C:\Windows\System32\RpcRtRemote.dll,1a8f76f530c5b082354aa8a1e2138364,true,true,The file is signed and the signature was verified.,Microsoft Windows,Microsoft Windows Verification PCA
SW0009UFP,524,C:\Windows\System32\pnrpnsp.dll,041fbf767a598f3e9ea3b4ee3f789aa7,true,true,The file is signed and the signature was verified.,Microsoft Windows,Microsoft Windows Verification PCA
SW0009UFP,652,C:\Windows\System32\IPHLPAPI.DLL,1d0c6caa79a10b365b1b93908c4596f8,true,true,The file is signed and the signature was verified.,Microsoft Windows,Microsoft Windows Verification PCA
SW0009UFP,3032,C:\Windows\Globalization\Sorting\SortDefault.nls,fcbe454fa581583f5505dec11c39a094,true,true,The file is signed and the signature was verified.,Microsoft Windows,Microsoft Windows Verification PCA
SW0009UFP,5080,C:\Windows\System32\xmllite.dll,b791cf72a2e7af34f126a9d94b893e4c,true,true,The file is signed and the signature was verified.,Microsoft Windows,Microsoft Windows Verification PCA
SW0009UFP,4964,C:\Windows\System32\d3d10_1core.dll,85235ce751fe8c403eff1c448af6ad5c,true,true,The file is signed and the signature was verified.,Microsoft Windows,
SW0009UFP,524,C:\Windows\System32\credssp.dll,366ba59a8dc00d7996c13573ec9bce3b,true,true,The file is signed and the signature was verified.,Microsoft Windows,Microsoft Windows Verification PCA
SW0009UFP,1632,C:\Windows\System32\C_28591.NLS,8c975b3ae1cf7039ab673d1b4157f6e8,true,true,The file is signed and the signature was verified.,Microsoft Windows,Microsoft Windows Verification PCA
SW0009UFP,3104,C:\Windows\System32\msdtc.exe,98b046ea2a99b00083c34c488953e644,false,false,,,
SW0009UFP,5080,C:\Windows\System32\gpapi.dll,f7b9adffd6eb50f49884f2f9071ab4f4,true,true,The file is signed and the signature was verified.,Microsoft Windows,Microsoft Windows Verification PCA
SW0009UFP,6452,C:\Windows\System32\kernel32.dll,7e5863ad9704e556d9f657b7deeae645,true,true,The file is signed and the signature was verified.,Microsoft Windows,Microsoft Windows Verification PCA
SW0009UFP,2812,C:\Windows\System32\user32.dll,75fbd0e4652413cf2abe45e8d97c1eb6,true,true,The file is signed and the signature was verified.,Microsoft Windows,Microsoft Windows Verification PCA
SW0009UFP,6188,C:\Windows\System32\profapi.dll,88c6959992471311dd573ff5f7c0b77b,true,true,The file is signed and the signature was verified.,Microsoft Windows,Microsoft Windows Verification PCA
SW0009UFP,4516,C:\Windows\System32\advapi32.dll,2a80cf03b255a9cb77a0ca1724010c7e,true,true,The file is signed and the signature was verified.,Microsoft Windows,Microsoft Windows Verification PCA
SW0009UFP,5132,C:\Windows\System32\umb.dll,97b86e9c3b6f39fa6fde1b3e35d900ae,true,true,The file is signed and the signature was verified.,Microsoft Windows,Microsoft Windows Verification PCA
SW0009UFP,4380,C:\Windows\System32\usp10.dll,e4eac22915a94a4c6be9f10fdf671858,true,true,The file is signed and the signature was verified.,Microsoft Windows,Microsoft Windows Verification PCA
SW0009UFP,4476,C:\Windows\System32\wship6.dll,2a8e0e5ace2ebb678aaadff3e440b2eb,true,true,The file is signed and the signature was verified.,Microsoft Windows,Microsoft Windows Verification PCA
SW0009UFP,5080,C:\Windows\System32\ncrypt.dll,dacbb23261b9ca00f0c7d6443a24767a,true,true,The file is signed and the signature was verified.,Microsoft Windows,Microsoft Windows Verification PCA
SW0009UFP,5132,C:\Windows\System32\en-US\WSDMon.dll.mui,ffeb2fdd2c0600381e57e94070cd3d71,true,true,The file is signed and the signature was verified.,Microsoft Windows,Microsoft Windows Verification PCA
SW0009UFP,524,C:\Windows\System32\dhcpcsvc6.dll,2b06bc305190a004c94b92219bdb0296,true,true,The file is signed and the signature was verified.,Microsoft Windows,Microsoft Windows Verification PCA
SW0009UFP,4380,C:\Windows\System32\imm32.dll,6c822015a4eb17dba3af845ece3cc6d6,true,true,The file is signed and the signature was verified.,Microsoft Windows,Microsoft Windows Verification PCA
SW0009UFP,6452,C:\Windows\System32\msvcrt.dll,1193d517468a6431eb8ded151c813299,true,true,The file is signed and the signature was verified.,Microsoft Windows,Microsoft Windows Verification PCA
SW0009UFP,4964,C:\Windows\System32\ole32.dll,eba2411436aee6661fad2cba6344059a,true,true,The file is signed and the signature was verified.,Microsoft Windows,
SW0009UFP,5080,C:\Windows\System32\lpk.dll,36ba76f0222780d9ecaba6ef3989ac10,true,true,The file is signed and the signature was verified.,Microsoft Windows,Microsoft Windows Verification PCA
SW0009UFP,4976,C:\Windows\System32\credssp.dll,366ba59a8dc00d7996c13573ec9bce3b,true,true,The file is signed and the signature was verified.,Microsoft Windows,Microsoft Windows Verification PCA
SW0009UFP,5132,C:\Windows\System32\sspicli.dll,53876ad434c027b10976eb280905ae40,true,true,The file is signed and the signature was verified.,Microsoft Windows,Microsoft Windows Verification PCA
SW0009UFP,4516,C:\Windows\System32\gpapi.dll,f7b9adffd6eb50f49884f2f9071ab4f4,true,true,The file is signed and the signature was verified.,Microsoft Windows,Microsoft Windows Verification PCA
SW0009UFP,5080,C:\Windows\System32\RpcRtRemote.dll,1a8f76f530c5b082354aa8a1e2138364,true,true,The file is signed and the signature was verified.,Microsoft Windows,Microsoft Windows Verification PCA
SW0009UFP,3372,C:\Windows\System32\usp10.dll,e4eac22915a94a4c6be9f10fdf671858,true,true,The file is signed and the signature was verified.,Microsoft Windows,Microsoft Windows Verification PCA
SW0009UFP,4976,C:\Windows\System32\sechost.dll,02c12c6782afc5df356a1e58fdf32d83,true,true,The file is signed and the signature was verified.,Microsoft Windows,Microsoft Windows Verification PCA
SW0009UFP,4964,C:\Windows\System32\version.dll,ab1f4bf09ab3cf36307fa1866bf97218,true,true,The file is signed and the signature was verified.,Microsoft Windows,
SW0009UFP,4380,C:\Windows\System32\rpcrt4.dll,cdd2e1a90eadf692288679396407ac8f,true,true,The file is signed and the signature was verified.,Microsoft Windows,Microsoft Windows Verification PCA
SW0009UFP,5132,C:\Windows\System32\crypt32.dll,f7e636732fbfb9c1b48934551466ec62,true,true,The file is signed and the signature was verified.,Microsoft Windows,Microsoft Windows Verification PCA
SW0009UFP,6188,C:\Windows\System32\shlwapi.dll,4cc71cfff0bb2c1956bccafec72504c1,true,true,The file is signed and the signature was verified.,Microsoft Windows,Microsoft Windows Verification PCA
SW0009UFP,524,C:\Windows\Globalization\Sorting\SortDefault.nls,fcbe454fa581583f5505dec11c39a094,true,true,The file is signed and the signature was verified.,Microsoft Windows,Microsoft Windows Verification PCA
SW0009UFP,5080,C:\Windows\System32\esent.dll,77859e419df63900d4f86ee801086fc2,true,true,The file is signed and the signature was verified.,Microsoft Windows,Microsoft Windows Verification PCA
SW0009UFP,5120,C:\Windows\System32\winnsi.dll,f1e31d6fd73c1e4c51652e166d6a8b3e,true,true,The file is signed and the signature was verified.,Microsoft Windows,Microsoft Windows Verification PCA
SW0009UFP,6452,C:\Windows\System32\winnsi.dll,f1e31d6fd73c1e4c51652e166d6a8b3e,true,true,The file is signed and the signature was verified.,Microsoft Windows,Microsoft Windows Verification PCA
SW0009UFP,524,C:\Windows\System32\secur32.dll,0f5fe8dcc7a5317432dc05fb37dc5ebd,true,true,The file is signed and the signature was verified.,Microsoft Windows,Microsoft Windows Verification PCA
SW0009UFP,4476,C:\Windows\System32\sspicli.dll,53876ad434c027b10976eb280905ae40,true,true,The file is signed and the signature was verified.,Microsoft Windows,Microsoft Windows Verification PCA
SW0009UFP,1108,C:\Windows\System32\P2PGraph.dll,572e2082253e0bfea454374ebd0651bd,true,true,The file is signed and the signature was verified.,Microsoft Windows,Microsoft Windows Verification PCA
SW0009UFP,4540,C:\Windows\System32\ncrypt.dll,dacbb23261b9ca00f0c7d6443a24767a,true,true,The file is signed and the signature was verified.,Microsoft Windows,Microsoft Windows Verification PCA
SW0009UFP,1632,C:\Windows\System32\msctf.dll,a71086cec43ab4b4789e078775215579,true,true,The file is signed and the signature was verified.,Microsoft Windows,Microsoft Windows Verification PCA
SW0009UFP,3352,C:\Windows\System32\IPHLPAPI.DLL,1d0c6caa79a10b365b1b93908c4596f8,true,true,The file is signed and the signature was verified.,Microsoft Windows,Microsoft Windows Verification PCA
SW0009UFP,3352,C:\Windows\System32\cryptsp.dll,3fde56bb753787ee9b733bf69e43c070,true,true,The file is signed and the signature was verified.,Microsoft Windows,Microsoft Windows Verification PCA
SW0009UFP,4976,C:\Windows\System32\KernelBase.dll,9f96ece8ced2ff8cfbf5e8f4cd82c997,true,true,The file is signed and the signature was verified.,Microsoft Windows,Microsoft Windows Verification PCA
SW0009UFP,4760,C:\Windows\System32\en-US\p2psvc.dll.mui,a9998c9d72f38d84ca2d5d3df99f6c46,true,true,The file is signed and the signature was verified.,Microsoft Windows,Microsoft Windows Verification PCA
SW0009UFP,6452,C:\Windows\System32\psapi.dll,d30279d102e0ad14e8f35576cc573c11,true,true,The file is signed and the signature was verified.,Microsoft Windows,Microsoft Windows Verification PCA
SW0009UFP,4976,C:\Windows\System32\dnsapi.dll,17804afb3c170f5d93bc9e1278fe46e4,true,true,The file is signed and the signature was verified.,Microsoft Windows,Microsoft Windows Verification PCA
SW0009UFP,5132,C:\Windows\System32\locale.nls,bfb12d019b57473e3ba179e64f3f92c6,true,true,The file is signed and the signature was verified.,Microsoft Windows,Microsoft Windows Verification PCA
SW0009UFP,2812,C:\Windows\System32\clbcatq.dll,1c755b0f7239ea78000ea929b3333aa3,true,true,The file is signed and the signature was verified.,Microsoft Windows,Microsoft Windows Verification PCA
SW0009UFP,524,C:\Windows\System32\lpk.dll,36ba76f0222780d9ecaba6ef3989ac10,true,true,The file is signed and the signature was verified.,Microsoft Windows,Microsoft Windows Verification PCA
SW0009UFP,4516,C:\Windows\System32\en-US\p2psvc.dll.mui,a9998c9d72f38d84ca2d5d3df99f6c46,true,true,The file is signed and the signature was verified.,Microsoft Windows,Microsoft Windows Verification PCA
SW0009UFP,2812,C:\Windows\System32\msasn1.dll,a5992dbe21b3665be70ce2848f70519f,true,true,The file is signed and the signature was verified.,Microsoft Windows,Microsoft Windows Verification PCA
SW0009UFP,1632,C:\Windows\System32\msv1_0.dll,c726774d8942b80ac7a85daabe0cdee5,true,true,The file is signed and the signature was verified.,Microsoft Windows,Microsoft Windows Verification PCA
SW0009UFP,5120,C:\Windows\System32\slc.dll,ad13af22833469d235bb054b27206eb6,true,true,The file is signed and the signature was verified.,Microsoft Windows,Microsoft Windows Verification PCA
SW0009UFP,4540,C:\Windows\System32\esent.dll,77859e419df63900d4f86ee801086fc2,true,true,The file is signed and the signature was verified.,Microsoft Windows,Microsoft Windows Verification PCA
SW0009UFP,1108,C:\Windows\System32\usp10.dll,e4eac22915a94a4c6be9f10fdf671858,true,true,The file is signed and the signature was verified.,Microsoft Windows,Microsoft Windows Verification PCA
SW0009UFP,6452,C:\Windows\System32\mswsock.dll,8e00394657e9c1b2e96b563fe9376a43,true,true,The file is signed and the signature was verified.,Microsoft Windows,Microsoft Windows Verification PCA
SW0009UFP,3372,C:\Windows\System32\user32.dll,75fbd0e4652413cf2abe45e8d97c1eb6,true,true,The file is signed and the signature was verified.,Microsoft Windows,Microsoft Windows Verification PCA
SW0009UFP,524,C:\Windows\System32\xmllite.dll,b791cf72a2e7af34f126a9d94b893e4c,true,true,The file is signed and the signature was verified.,Microsoft Windows,Microsoft Windows Verification PCA
SW0009UFP,6452,C:\Windows\System32\user32.dll,75fbd0e4652413cf2abe45e8d97c1eb6,true,true,The file is signed and the signature was verified.,Microsoft Windows,Microsoft Windows Verification PCA
SW0009UFP,524,C:\Windows\System32\authz.dll,d79136f0fc0dbe1fa092c53e404ac643,true,true,The file is signed and the signature was verified.,Microsoft Windows,Microsoft Windows Verification PCA
SW0009UFP,4976,C:\Windows\System32\wdi.dll,69ccc66c59532ef0153f677281738eb5,true,true,The file is signed and the signature was verified.,Microsoft Windows,Microsoft Windows Verification PCA
SW0009UFP,6452,C:\Windows\System32\profapi.dll,88c6959992471311dd573ff5f7c0b77b,true,true,The file is signed and the signature was verified.,Microsoft Windows,Microsoft Windows Verification PCA
SW0009UFP,4476,C:\Windows\System32\srvcli.dll,60cf8f79971fb755eee9194f92a9bbbb,true,true,The file is signed and the signature was verified.,Microsoft Windows,Microsoft Windows Verification PCA
SW0009UFP,5080,C:\Windows\System32\en-US\KernelBase.dll.mui,4eeb141e832a3c9fb2751ae960569a47,true,true,The file is signed and the signature was verified.,Microsoft Windows,Microsoft Windows Verification PCA
SW0009UFP,4516,C:\Windows\System32\user32.dll,75fbd0e4652413cf2abe45e8d97c1eb6,true,true,The file is signed and the signature was verified.,Microsoft Windows,Microsoft Windows Verification PCA
SW0009UFP,652,C:\Windows\System32\usp10.dll,e4eac22915a94a4c6be9f10fdf671858,true,true,The file is signed and the signature was verified.,Microsoft Windows,Microsoft Windows Verification PCA
SW0009UFP,5132,C:\Windows\System32\wtsapi32.dll,10b135315a4632824d4af3edcbb6318d,true,true,The file is signed and the signature was verified.,Microsoft Windows,Microsoft Windows Verification PCA
SW0009UFP,5120,C:\Windows\System32\apisetschema.dll,a9661db7d845c974fc379772cf9ecd64,true,true,The file is signed and the signature was verified.,Microsoft Windows,Microsoft Windows Verification PCA
SW0009UFP,4540,C:\Windows\System32\kernel32.dll,7e5863ad9704e556d9f657b7deeae645,true,true,The file is signed and the signature was verified.,Microsoft Windows,Microsoft Windows Verification PCA
SW0009UFP,1632,C:\Windows\System32\lsasrv.dll,4e8df0b6aaf1fd24f5fc1eea34207f4e,true,true,The file is signed and the signature was verified.,Microsoft Windows,Microsoft Windows Verification PCA
SW0009UFP,4516,C:\Windows\System32\usp10.dll,e4eac22915a94a4c6be9f10fdf671858,true,true,The file is signed and the signature was verified.,Microsoft Windows,Microsoft Windows Verification PCA
SW0009UFP,6188,C:\Windows\System32\usp10.dll,e4eac22915a94a4c6be9f10fdf671858,true,true,The file is signed and the signature was verified.,Microsoft Windows,Microsoft Windows Verification PCA
SW0009UFP,1108,C:\Windows\System32\advapi32.dll,2a80cf03b255a9cb77a0ca1724010c7e,true,true,The file is signed and the signature was verified.,Microsoft Windows,Microsoft Windows Verification PCA
SW0009UFP,524,C:\Windows\System32\sspicli.dll,53876ad434c027b10976eb280905ae40,true,true,The file is signed and the signature was verified.,Microsoft Windows,Microsoft Windows Verification PCA
SW0009UFP,5132,C:\Windows\System32\credssp.dll,366ba59a8dc00d7996c13573ec9bce3b,true,true,The file is signed and the signature was verified.,Microsoft Windows,Microsoft Windows Verification PCA
SW0009UFP,4540,C:\Windows\System32\locale.nls,bfb12d019b57473e3ba179e64f3f92c6,true,true,The file is signed and the signature was verified.,Microsoft Windows,Microsoft Windows Verification PCA
SW0009UFP,652,C:\Windows\System32\profapi.dll,88c6959992471311dd573ff5f7c0b77b,true,true,The file is signed and the signature was verified.,Microsoft Windows,Microsoft Windows Verification PCA
SW0009UFP,3352,C:\Windows\System32\cryptbase.dll,1aba09c7adbb276a315376d2ba90c532,true,true,The file is signed and the signature was verified.,Microsoft Windows,Microsoft Windows Verification PCA
SW0009UFP,4196,C:\Windows\System32\sechost.dll,02c12c6782afc5df356a1e58fdf32d83,true,true,The file is signed and the signature was verified.,Microsoft Windows,Microsoft Windows Verification PCA
SW0009UFP,4760,C:\Windows\System32\credssp.dll,366ba59a8dc00d7996c13573ec9bce3b,true,true,The file is signed and the signature was verified.,Microsoft Windows,Microsoft Windows Verification PCA
SW0009UFP,1108,C:\Windows\System32\sqmapi.dll,004f6040c8d0231959b5bcc0e3a83f99,true,true,The file is signed and the signature was verified.,Microsoft Windows,Microsoft Windows Verification PCA
SW0009UFP,4476,C:\Windows\Globalization\Sorting\SortDefault.nls,fcbe454fa581583f5505dec11c39a094,true,true,The file is signed and the signature was verified.,Microsoft Windows,Microsoft Windows Verification PCA
SW0009UFP,4540,C:\Windows\System32\xmllite.dll,b791cf72a2e7af34f126a9d94b893e4c,true,true,The file is signed and the signature was verified.,Microsoft Windows,Microsoft Windows Verification PCA
SW0009UFP,4540,C:\Windows\System32\schannel.dll,4ffd897c52d33d0469c419256af8597f,true,true,The file is signed and the signature was verified.,Microsoft Windows,Microsoft Windows Verification PCA
SW0009UFP,1632,C:\Windows\System32\netutils.dll,d946bce29c88a4cc3e78c50ceb903ce3,true,true,The file is signed and the signature was verified.,Microsoft Windows,Microsoft Windows Verification PCA
SW0009UFP,4540,C:\Windows\System32\cryptbase.dll,1aba09c7adbb276a315376d2ba90c532,true,true,The file is signed and the signature was verified.,Microsoft Windows,Microsoft Windows Verification PCA
SW0009UFP,5132,C:\Windows\System32\WSDApi.dll,0ccada3b47411e9214425ad0cedf71b2,true,true,The file is signed and the signature was verified.,Microsoft Windows,Microsoft Windows Verification PCA
SW0009UFP,5120,C:\Windows\System32\sspicli.dll,53876ad434c027b10976eb280905ae40,true,true,The file is signed and the signature was verified.,Microsoft Windows,Microsoft Windows Verification PCA
SW0009UFP,4964,C:\Windows\System32\gdi32.dll,d8897be023ad193cbf8da0ed2ce5eb5d,true,true,The file is signed and the signature was verified.,Microsoft Windows,
SW0009UFP,3352,C:\Windows\System32\gpapi.dll,f7b9adffd6eb50f49884f2f9071ab4f4,true,true,The file is signed and the signature was verified.,Microsoft Windows,Microsoft Windows Verification PCA
SW0009UFP,6188,C:\Windows\System32\pnrpnsp.dll,041fbf767a598f3e9ea3b4ee3f789aa7,true,true,The file is signed and the signature was verified.,Microsoft Windows,Microsoft Windows Verification PCA
SW0009UFP,2812,C:\Windows\System32\apisetschema.dll,a9661db7d845c974fc379772cf9ecd64,true,true,The file is signed and the signature was verified.,Microsoft Windows,Microsoft Windows Verification PCA
SW0009UFP,1108,C:\Windows\System32\dhcpcsvc6.dll,2b06bc305190a004c94b92219bdb0296,true,true,The file is signed and the signature was verified.,Microsoft Windows,Microsoft Windows Verification PCA
SW0009UFP,1632,C:\Windows\System32\userenv.dll,24d977f455c7ef76a736c77ad500cd55,true,true,The file is signed and the signature was verified.,Microsoft Windows,Microsoft Windows Verification PCA
SW0009UFP,5080,C:\Windows\System32\ntmarta.dll,1572fcc2d2f0ae76bd2f01dd7fb2f9da,true,true,The file is signed and the signature was verified.,Microsoft Windows,Microsoft Windows Verification PCA
SW0009UFP,4976,C:\Windows\System32\cryptbase.dll,1aba09c7adbb276a315376d2ba90c532,true,true,The file is signed and the signature was verified.,Microsoft Windows,Microsoft Windows Verification PCA
SW0009UFP,5640,C:\Windows\System32\secur32.dll,0f5fe8dcc7a5317432dc05fb37dc5ebd,true,true,The file is signed and the signature was verified.,Microsoft Windows,Microsoft Windows Verification PCA
SW0009UFP,4540,C:\Windows\System32\dhcpcsvc.dll,cf0532f33073b1b1b0d67f6575fd072b,true,true,The file is signed and the signature was verified.,Microsoft Windows,Microsoft Windows Verification PCA
SW0009UFP,2812,C:\Windows\System32\en-US\svchost.exe.mui,d35adc095086f9aef68f260daa6e7d09,true,true,The file is signed and the signature was verified.,Microsoft Windows,Microsoft Windows Verification PCA
SW0009UFP,5120,C:\Windows\System32\locale.nls,bfb12d019b57473e3ba179e64f3f92c6,true,true,The file is signed and the signature was verified.,Microsoft Windows,Microsoft Windows Verification PCA
SW0009UFP,524,C:\Windows\System32\usp10.dll,e4eac22915a94a4c6be9f10fdf671858,true,true,The file is signed and the signature was verified.,Microsoft Windows,Microsoft Windows Verification PCA
SW0009UFP,6452,C:\Windows\System32\nsi.dll,cce674a063d85efbd71058b14262cc8f,true,true,The file is signed and the signature was verified.,Microsoft Windows,Microsoft Windows Verification PCA
SW0009UFP,4196,C:\Windows\System32\wship6.dll,2a8e0e5ace2ebb678aaadff3e440b2eb,true,true,The file is signed and the signature was verified.,Microsoft Windows,Microsoft Windows Verification PCA
SW0009UFP,4380,C:\Windows\System32\msctf.dll,a71086cec43ab4b4789e078775215579,true,true,The file is signed and the signature was verified.,Microsoft Windows,Microsoft Windows Verification PCA
SW0009UFP,5120,C:\Windows\System32\rpcrt4.dll,cdd2e1a90eadf692288679396407ac8f,true,true,The file is signed and the signature was verified.,Microsoft Windows,Microsoft Windows Verification PCA
SW0009UFP,1108,C:\Windows\System32\p2psvc.dll,1f96db73a39774dae293ece213908ecc,true,true,The file is signed and the signature was verified.,Microsoft Windows,Microsoft Windows Verification PCA
SW0009UFP,4976,C:\Windows\System32\rasadhlp.dll,a54eb74d4ffb70d995b5ee6a6a41df32,true,true,The file is signed and the signature was verified.,Microsoft Windows,Microsoft Windows Verification PCA
SW0009UFP,2812,C:\Windows\System32\gdi32.dll,d8897be023ad193cbf8da0ed2ce5eb5d,true,true,The file is signed and the signature was verified.,Microsoft Windows,Microsoft Windows Verification PCA
SW0009UFP,4540,C:\Windows\System32\dhcpcsvc6.dll,2b06bc305190a004c94b92219bdb0296,true,true,The file is signed and the signature was verified.,Microsoft Windows,Microsoft Windows Verification PCA
SW0009UFP,5120,C:\Windows\Globalization\Sorting\SortDefault.nls,fcbe454fa581583f5505dec11c39a094,true,true,The file is signed and the signature was verified.,Microsoft Windows,Microsoft Windows Verification PCA
SW0009UFP,4760,C:\Windows\System32\msctf.dll,a71086cec43ab4b4789e078775215579,true,true,The file is signed and the signature was verified.,Microsoft Windows,Microsoft Windows Verification PCA
SW0009UFP,3352,C:\Windows\System32\en-US\KernelBase.dll.mui,4eeb141e832a3c9fb2751ae960569a47,true,true,The file is signed and the signature was verified.,Microsoft Windows,Microsoft Windows Verification PCA
SW0009UFP,524,C:\Windows\System32\ntmarta.dll,1572fcc2d2f0ae76bd2f01dd7fb2f9da,true,true,The file is signed and the signature was verified.,Microsoft Windows,Microsoft Windows Verification PCA
SW0009UFP,2812,C:\Windows\System32\rasadhlp.dll,a54eb74d4ffb70d995b5ee6a6a41df32,true,true,The file is signed and the signature was verified.,Microsoft Windows,Microsoft Windows Verification PCA
SW0009UFP,4476,C:\Windows\System32\usp10.dll,e4eac22915a94a4c6be9f10fdf671858,true,true,The file is signed and the signature was verified.,Microsoft Windows,Microsoft Windows Verification PCA
SW0009UFP,6188,C:\Windows\System32\credssp.dll,366ba59a8dc00d7996c13573ec9bce3b,true,true,The file is signed and the signature was verified.,Microsoft Windows,Microsoft Windows Verification PCA
SW0009UFP,652,C:\Windows\System32\kernel32.dll,7e5863ad9704e556d9f657b7deeae645,true,true,The file is signed and the signature was verified.,Microsoft Windows,Microsoft Windows Verification PCA
SW0009UFP,5120,C:\Windows\System32\psapi.dll,d30279d102e0ad14e8f35576cc573c11,true,true,The file is signed and the signature was verified.,Microsoft Windows,Microsoft Windows Verification PCA
SW0009UFP,3352,C:\Windows\System32\msasn1.dll,a5992dbe21b3665be70ce2848f70519f,true,true,The file is signed and the signature was verified.,Microsoft Windows,Microsoft Windows Verification PCA
SW0009UFP,6188,C:\Windows\System32\secur32.dll,0f5fe8dcc7a5317432dc05fb37dc5ebd,true,true,The file is signed and the signature was verified.,Microsoft Windows,Microsoft Windows Verification PCA
SW0009UFP,652,C:\Windows\System32\sqmapi.dll,004f6040c8d0231959b5bcc0e3a83f99,true,true,The file is signed and the signature was verified.,Microsoft Windows,Microsoft Windows Verification PCA
SW0009UFP,524,C:\Windows\System32\bcrypt.dll,57be7e1d03c4333534f5cea62f8d8901,true,true,The file is signed and the signature was verified.,Microsoft Windows,Microsoft Windows Verification PCA
SW0009UFP,1632,C:\Windows\System32\rsaenh.dll,a98835320a961e39e3f3b7c1363b9b1b,true,true,The file is signed and the signature was verified.,Microsoft Windows,Microsoft Windows Verification PCA
SW0009UFP,4760,C:\Windows\System32\msvcrt.dll,1193d517468a6431eb8ded151c813299,true,true,The file is signed and the signature was verified.,Microsoft Windows,Microsoft Windows Verification PCA
SW0009UFP,4516,C:\Windows\System32\sechost.dll,02c12c6782afc5df356a1e58fdf32d83,true,true,The file is signed and the signature was verified.,Microsoft Windows,Microsoft Windows Verification PCA
SW0009UFP,2812,C:\Windows\System32\shell32.dll,0d5db1de93ebb53acfaec4684ced4a83,true,true,The file is signed and the signature was verified.,Microsoft Windows,Microsoft Windows Verification PCA
SW0009UFP,524,C:\Windows\System32\en-US\crypt32.dll.mui,05f2c3eb58c15a71f4e6b5bbea4077bf,true,true,The file is signed and the signature was verified.,Microsoft Windows,Microsoft Windows Verification PCA
SW0009UFP,4476,C:\Windows\System32\msvcrt.dll,1193d517468a6431eb8ded151c813299,true,true,The file is signed and the signature was verified.,Microsoft Windows,Microsoft Windows Verification PCA
SW0009UFP,2812,C:\Windows\System32\dhcpcsvc6.dll,2b06bc305190a004c94b92219bdb0296,true,true,The file is signed and the signature was verified.,Microsoft Windows,Microsoft Windows Verification PCA
SW0009UFP,4196,C:\Windows\System32\imm32.dll,6c822015a4eb17dba3af845ece3cc6d6,true,true,The file is signed and the signature was verified.,Microsoft Windows,Microsoft Windows Verification PCA
SW0009UFP,524,C:\Windows\System32\ws2_32.dll,f5d8aebd93befc0f4fe280fd3fcb2cc9,true,true,The file is signed and the signature was verified.,Microsoft Windows,Microsoft Windows Verification PCA
SW0009UFP,3032,C:\Windows\System32\en-US\user32.dll.mui,0bff687ea7ecf148cc572555ecbeaa7e,true,true,The file is signed and the signature was verified.,Microsoft Windows,Microsoft Windows Verification PCA
SW0009UFP,5132,C:\Windows\System32\ws2_32.dll,f5d8aebd93befc0f4fe280fd3fcb2cc9,true,true,The file is signed and the signature was verified.,Microsoft Windows,Microsoft Windows Verification PCA
SW0009UFP,4964,C:\Windows\System32\KernelBase.dll,9f96ece8ced2ff8cfbf5e8f4cd82c997,true,true,The file is signed and the signature was verified.,Microsoft Windows,
SW0009UFP,6188,C:\Windows\System32\msvcrt.dll,1193d517468a6431eb8ded151c813299,true,true,The file is signed and the signature was verified.,Microsoft Windows,Microsoft Windows Verification PCA
SW0009UFP,3372,C:\Windows\System32\ntdll.dll,a738424bab5e0547ebe1c0c255717a5a,true,true,The file is signed and the signature was verified.,Microsoft Windows,Microsoft Windows Verification PCA
SW0009UFP,5132,C:\Windows\System32\usp10.dll,e4eac22915a94a4c6be9f10fdf671858,true,true,The file is signed and the signature was verified.,Microsoft Windows,Microsoft Windows Verification PCA
SW0009UFP,1180,C:\Windows\System32\advapi32.dll,2a80cf03b255a9cb77a0ca1724010c7e,true,true,The file is signed and the signature was verified.,Microsoft Windows,Microsoft Windows Verification PCA
SW0009UFP,3352,C:\Windows\System32\apisetschema.dll,a9661db7d845c974fc379772cf9ecd64,true,true,The file is signed and the signature was verified.,Microsoft Windows,Microsoft Windows Verification PCA
SW0009UFP,4760,C:\Windows\System32\RpcRtRemote.dll,1a8f76f530c5b082354aa8a1e2138364,true,true,The file is signed and the signature was verified.,Microsoft Windows,Microsoft Windows Verification PCA
SW0009UFP,5132,C:\Windows\System32\FirewallAPI.dll,5888f61e8d79538059c52da8f6a1794a,true,true,The file is signed and the signature was verified.,Microsoft Windows,Microsoft Windows Verification PCA
SW0009UFP,652,C:\Windows\System32\en-US\p2psvc.dll.mui,a9998c9d72f38d84ca2d5d3df99f6c46,true,true,The file is signed and the signature was verified.,Microsoft Windows,Microsoft Windows Verification PCA
SW0009UFP,4540,C:\Windows\System32\sspicli.dll,53876ad434c027b10976eb280905ae40,true,true,The file is signed and the signature was verified.,Microsoft Windows,Microsoft Windows Verification PCA
SW0009UFP,4540,C:\Windows\System32\pcwum.dll,ce1bc87e03ea4a2261024588f23f176e,true,true,The file is signed and the signature was verified.,Microsoft Windows,Microsoft Windows Verification PCA
SW0009UFP,5132,C:\Windows\System32\WlS0WndH.dll,209f94fd2d706131bada81d23c58ff85,true,true,The file is signed and the signature was verified.,Microsoft Windows,Microsoft Windows Verification PCA
SW0009UFP,5132,C:\Windows\System32\spoolss.dll,48dd407ad4253e6d6e3840ac9f3fd84d,true,true,The file is signed and the signature was verified.,Microsoft Windows,Microsoft Windows Verification PCA
SW0009UFP,6452,C:\Windows\System32\ntdll.dll,a738424bab5e0547ebe1c0c255717a5a,true,true,The file is signed and the signature was verified.,Microsoft Windows,Microsoft Windows Verification PCA
SW0009UFP,4516,C:\Windows\System32\P2PGraph.dll,572e2082253e0bfea454374ebd0651bd,true,true,The file is signed and the signature was verified.,Microsoft Windows,Microsoft Windows Verification PCA
SW0009UFP,3032,C:\Windows\System32\locale.nls,bfb12d019b57473e3ba179e64f3f92c6,true,true,The file is signed and the signature was verified.,Microsoft Windows,Microsoft Windows Verification PCA
SW0009UFP,5132,C:\Windows\System32\lpk.dll,36ba76f0222780d9ecaba6ef3989ac10,true,true,The file is signed and the signature was verified.,Microsoft Windows,Microsoft Windows Verification PCA
SW0009UFP,524,C:\Windows\System32\rasadhlp.dll,a54eb74d4ffb70d995b5ee6a6a41df32,true,true,The file is signed and the signature was verified.,Microsoft Windows,Microsoft Windows Verification PCA
SW0009UFP,4196,C:\Windows\System32\apphelp.dll,472fb0fc550daa749aeaf30fbc550402,true,true,The file is signed and the signature was verified.,Microsoft Windows,Microsoft Windows Verification PCA
SW0009UFP,4380,C:\Windows\System32\ntdll.dll,a738424bab5e0547ebe1c0c255717a5a,true,true,The file is signed and the signature was verified.,Microsoft Windows,Microsoft Windows Verification PCA
SW0009UFP,4196,C:\Windows\System32\RpcRtRemote.dll,1a8f76f530c5b082354aa8a1e2138364,true,true,The file is signed and the signature was verified.,Microsoft Windows,Microsoft Windows Verification PCA
SW0009UFP,4760,C:\Windows\Globalization\Sorting\SortDefault.nls,fcbe454fa581583f5505dec11c39a094,true,true,The file is signed and the signature was verified.,Microsoft Windows,Microsoft Windows Verification PCA
SW0009UFP,2812,C:\Windows\Globalization\Sorting\SortDefault.nls,fcbe454fa581583f5505dec11c39a094,true,true,The file is signed and the signature was verified.,Microsoft Windows,Microsoft Windows Verification PCA
SW0009UFP,4196,C:\Windows\System32\advapi32.dll,2a80cf03b255a9cb77a0ca1724010c7e,true,true,The file is signed and the signature was verified.,Microsoft Windows,Microsoft Windows Verification PCA
SW0009UFP,4196,C:\Windows\System32\sspicli.dll,53876ad434c027b10976eb280905ae40,true,true,The file is signed and the signature was verified.,Microsoft Windows,Microsoft Windows Verification PCA
SW0009UFP,4196,C:\Windows\System32\usp10.dll,e4eac22915a94a4c6be9f10fdf671858,true,true,The file is signed and the signature was verified.,Microsoft Windows,Microsoft Windows Verification PCA
SW0009UFP,1632,C:\Windows\System32\logoncli.dll,bd59308438439a16d5cd424170037f72,true,true,The file is signed and the signature was verified.,Microsoft Windows,Microsoft Windows Verification PCA
SW0009UFP,6188,C:\Windows\System32\nsi.dll,cce674a063d85efbd71058b14262cc8f,true,true,The file is signed and the signature was verified.,Microsoft Windows,Microsoft Windows Verification PCA
SW0009UFP,4976,C:\Windows\System32\user32.dll,75fbd0e4652413cf2abe45e8d97c1eb6,true,true,The file is signed and the signature was verified.,Microsoft Windows,Microsoft Windows Verification PCA
SW0009UFP,6452,C:\Windows\System32\crypt32.dll,f7e636732fbfb9c1b48934551466ec62,true,true,The file is signed and the signature was verified.,Microsoft Windows,Microsoft Windows Verification PCA
SW0009UFP,1632,C:\Windows\System32\user32.dll,75fbd0e4652413cf2abe45e8d97c1eb6,true,true,The file is signed and the signature was verified.,Microsoft Windows,Microsoft Windows Verification PCA
SW0009UFP,4196,C:\Windows\System32\ntdll.dll,a738424bab5e0547ebe1c0c255717a5a,true,true,The file is signed and the signature was verified.,Microsoft Windows,Microsoft Windows Verification PCA
SW0009UFP,4540,C:\Windows\System32\pnrpsvc.dll,bd9dcaaa9c7588d4567434a29d1c33ba,true,true,The file is signed and the signature was verified.,Microsoft Windows,Microsoft Windows Verification PCA
SW0009UFP,4976,C:\Windows\System32\sspicli.dll,53876ad434c027b10976eb280905ae40,true,true,The file is signed and the signature was verified.,Microsoft Windows,Microsoft Windows Verification PCA
SW0009UFP,1108,C:\Windows\System32\pnrpnsp.dll,041fbf767a598f3e9ea3b4ee3f789aa7,true,true,The file is signed and the signature was verified.,Microsoft Windows,Microsoft Windows Verification PCA
SW0009UFP,5132,C:\Windows\System32\userenv.dll,24d977f455c7ef76a736c77ad500cd55,true,true,The file is signed and the signature was verified.,Microsoft Windows,Microsoft Windows Verification PCA
SW0009UFP,5120,C:\Windows\System32\RpcRtRemote.dll,1a8f76f530c5b082354aa8a1e2138364,true,true,The file is signed and the signature was verified.,Microsoft Windows,Microsoft Windows Verification PCA
SW0009UFP,4380,C:\Windows\System32\winlogon.exe,97695b1b2090f4f9e5cc1ab49fc383ec,true,true,The file is signed and the signature was verified.,Microsoft Windows,Microsoft Windows Verification PCA
SW0009UFP,1632,C:\Windows\System32\cryptsp.dll,3fde56bb753787ee9b733bf69e43c070,true,true,The file is signed and the signature was verified.,Microsoft Windows,Microsoft Windows Verification PCA
SW0009UFP,524,C:\Windows\System32\cryptbase.dll,1aba09c7adbb276a315376d2ba90c532,true,true,The file is signed and the signature was verified.,Microsoft Windows,Microsoft Windows Verification PCA
SW0009UFP,4976,C:\Windows\System32\rpcrt4.dll,cdd2e1a90eadf692288679396407ac8f,true,true,The file is signed and the signature was verified.,Microsoft Windows,Microsoft Windows Verification PCA
SW0009UFP,4760,C:\Windows\System32\drt.dll,f9a76398eb59a53748fb93dce0693b6d,true,true,The file is signed and the signature was verified.,Microsoft Windows,Microsoft Windows Verification PCA
SW0009UFP,4299,C:\Users\pheobe.per52\AppData\Local\Programs\Opera\56.0.3051.52\opera.exe,47ca33c38c6950942916ed4c5c1e38d1,false,false,,,
SW0009UFP,1108,C:\Windows\System32\xmllite.dll,b791cf72a2e7af34f126a9d94b893e4c,true,true,The file is signed and the signature was verified.,Microsoft Windows,Microsoft Windows Verification PCA
SW0009UFP,4976,C:\Windows\System32\clbcatq.dll,1c755b0f7239ea78000ea929b3333aa3,true,true,The file is signed and the signature was verified.,Microsoft Windows,Microsoft Windows Verification PCA
SW0009UFP,3032,C:\Windows\System32\apisetschema.dll,a9661db7d845c974fc379772cf9ecd64,true,true,The file is signed and the signature was verified.,Microsoft Windows,Microsoft Windows Verification PCA
SW0009UFP,1632,C:\Windows\System32\cryptbase.dll,1aba09c7adbb276a315376d2ba90c532,true,true,The file is signed and the signature was verified.,Microsoft Windows,Microsoft Windows Verification PCA
SW0009UFP,3352,C:\Windows\System32\rasadhlp.dll,a54eb74d4ffb70d995b5ee6a6a41df32,true,true,The file is signed and the signature was verified.,Microsoft Windows,Microsoft Windows Verification PCA
SW0009UFP,4516,C:\Windows\System32\mswsock.dll,8e00394657e9c1b2e96b563fe9376a43,true,true,The file is signed and the signature was verified.,Microsoft Windows,Microsoft Windows Verification PCA
SW0009UFP,652,C:\Windows\System32\gdi32.dll,d8897be023ad193cbf8da0ed2ce5eb5d,true,true,The file is signed and the signature was verified.,Microsoft Windows,Microsoft Windows Verification PCA
SW0009UFP,524,C:\Windows\System32\shell32.dll,0d5db1de93ebb53acfaec4684ced4a83,true,true,The file is signed and the signature was verified.,Microsoft Windows,Microsoft Windows Verification PCA
SW0009UFP,5120,C:\Windows\System32\profapi.dll,88c6959992471311dd573ff5f7c0b77b,true,true,The file is signed and the signature was verified.,Microsoft Windows,Microsoft Windows Verification PCA
SW0009UFP,4760,C:\Windows\System32\ssdpapi.dll,43a9f9ccc016bd506fbcecd0a844c6dd,true,true,The file is signed and the signature was verified.,Microsoft Windows,Microsoft Windows Verification PCA
SW0009UFP,5120,C:\Windows\System32\schannel.dll,4ffd897c52d33d0469c419256af8597f,true,true,The file is signed and the signature was verified.,Microsoft Windows,Microsoft Windows Verification PCA
SW0009UFP,1180,C:\Windows\System32\msvcrt.dll,1193d517468a6431eb8ded151c813299,true,true,The file is signed and the signature was verified.,Microsoft Windows,Microsoft Windows Verification PCA
SW0009UFP,3372,C:\Windows\Fonts\times.ttf,1d40a15f348a3faf4a40bb0d7d61406b,true,true,The file is signed and the signature was verified.,Microsoft Windows,Microsoft Windows Verification PCA
SW0009UFP,4516,C:\Windows\Globalization\Sorting\SortDefault.nls,fcbe454fa581583f5505dec11c39a094,true,true,The file is signed and the signature was verified.,Microsoft Windows,Microsoft Windows Verification PCA
SW0009UFP,4540,C:\Windows\System32\msvcrt.dll,1193d517468a6431eb8ded151c813299,true,true,The file is signed and the signature was verified.,Microsoft Windows,Microsoft Windows Verification PCA
SW0009UFP,1108,C:\Windows\System32\ssdpapi.dll,43a9f9ccc016bd506fbcecd0a844c6dd,true,true,The file is signed and the signature was verified.,Microsoft Windows,Microsoft Windows Verification PCA
SW0009UFP,1632,C:\Windows\System32\advapi32.dll,2a80cf03b255a9cb77a0ca1724010c7e,true,true,The file is signed and the signature was verified.,Microsoft Windows,Microsoft Windows Verification PCA
SW0009UFP,524,C:\Windows\System32\drt.dll,f9a76398eb59a53748fb93dce0693b6d,true,true,The file is signed and the signature was verified.,Microsoft Windows,Microsoft Windows Verification PCA
SW0009UFP,5132,C:\Windows\System32\oleaut32.dll,496a79ecce776c3d64b435d4d1fefc77,true,true,The file is signed and the signature was verified.,Microsoft Windows,Microsoft Windows Verification PCA
SW0009UFP,4540,C:\Windows\System32\user32.dll,75fbd0e4652413cf2abe45e8d97c1eb6,true,true,The file is signed and the signature was verified.,Microsoft Windows,Microsoft Windows Verification PCA
SW0009UFP,1108,C:\Windows\System32\crypt32.dll,f7e636732fbfb9c1b48934551466ec62,true,true,The file is signed and the signature was verified.,Microsoft Windows,Microsoft Windows Verification PCA
SW0009UFP,4540,C:\Windows\System32\apisetschema.dll,a9661db7d845c974fc379772cf9ecd64,true,true,The file is signed and the signature was verified.,Microsoft Windows,Microsoft Windows Verification PCA
SW0009UFP,5120,C:\Windows\System32\sqmapi.dll,004f6040c8d0231959b5bcc0e3a83f99,true,true,The file is signed and the signature was verified.,Microsoft Windows,Microsoft Windows Verification PCA
SW0009UFP,4964,C:\Windows\System32\msasn1.dll,a5992dbe21b3665be70ce2848f70519f,true,true,The file is signed and the signature was verified.,Microsoft Windows,
SW0009UFP,5120,C:\Windows\System32\msctf.dll,a71086cec43ab4b4789e078775215579,true,true,The file is signed and the signature was verified.,Microsoft Windows,Microsoft Windows Verification PCA
SW0009UFP,5132,C:\Windows\System32\en-US\setupapi.dll.mui,695ccb3df27fbbf91c7ced0a237fe539,true,true,The file is signed and the signature was verified.,Microsoft Windows,Microsoft Windows Verification PCA
SW0009UFP,4380,C:\Windows\System32\user32.dll,75fbd0e4652413cf2abe45e8d97c1eb6,true,true,The file is signed and the signature was verified.,Microsoft Windows,Microsoft Windows Verification PCA
SW0009UFP,6452,C:\Windows\System32\en-US\KernelBase.dll.mui,4eeb141e832a3c9fb2751ae960569a47,true,true,The file is signed and the signature was verified.,Microsoft Windows,Microsoft Windows Verification PCA
SW0009UFP,3372,C:\Windows\Fonts\arial.ttf,1572fc5aaac1ed68dc3400ffa68d1b09,true,true,The file is signed and the signature was verified.,Microsoft Windows,Microsoft Windows Verification PCA
SW0009UFP,4964,C:\Windows\System32\apisetschema.dll,a9661db7d845c974fc379772cf9ecd64,true,true,The file is signed and the signature was verified.,Microsoft Windows,
SW0009UFP,4964,C:\Windows\System32\crypt32.dll,f7e636732fbfb9c1b48934551466ec62,true,true,The file is signed and the signature was verified.,Microsoft Windows,
SW0009UFP,2812,C:\Windows\System32\msvcrt.dll,1193d517468a6431eb8ded151c813299,true,true,The file is signed and the signature was verified.,Microsoft Windows,Microsoft Windows Verification PCA
SW0009UFP,3352,C:\Windows\System32\wship6.dll,2a8e0e5ace2ebb678aaadff3e440b2eb,true,true,The file is signed and the signature was verified.,Microsoft Windows,Microsoft Windows Verification PCA
SW0009UFP,4964,C:\Windows\System32\wintrust.dll,a56a515db0d9e49cfd83fccd5c5ff0c4,true,true,The file is signed and the signature was verified.,Microsoft Windows,
SW0009UFP,5080,C:\Windows\System32\ole32.dll,eba2411436aee6661fad2cba6344059a,true,true,The file is signed and the signature was verified.,Microsoft Windows,Microsoft Windows Verification PCA
SW0009UFP,4964,C:\Windows\System32\msvcrt.dll,1193d517468a6431eb8ded151c813299,true,true,The file is signed and the signature was verified.,Microsoft Windows,
SW0009UFP,4380,C:\Windows\System32\winsta.dll,1b3a41359c64eebb206e62e92edb27a7,true,true,The file is signed and the signature was verified.,Microsoft Windows,Microsoft Windows Verification PCA
SW0009UFP,1632,C:\Windows\System32\en-US\lsasrv.dll.mui,0727d90e7384d6f3f14402d1273223e1,true,true,The file is signed and the signature was verified.,Microsoft Windows,Microsoft Windows Verification PCA
SW0009UFP,1108,C:\Windows\System32\en-US\p2psvc.dll.mui,a9998c9d72f38d84ca2d5d3df99f6c46,true,true,The file is signed and the signature was verified.,Microsoft Windows,Microsoft Windows Verification PCA
SW0009UFP,5640,C:\Windows\System32\cryptbase.dll,1aba09c7adbb276a315376d2ba90c532,true,true,The file is signed and the signature was verified.,Microsoft Windows,Microsoft Windows Verification PCA
SW0009UFP,6452,C:\Windows\System32\clbcatq.dll,1c755b0f7239ea78000ea929b3333aa3,true,true,The file is signed and the signature was verified.,Microsoft Windows,Microsoft Windows Verification PCA
SW0009UFP,5080,C:\Windows\System32\drt.dll,f9a76398eb59a53748fb93dce0693b6d,true,true,The file is signed and the signature was verified.,Microsoft Windows,Microsoft Windows Verification PCA
SW0009UFP,4976,C:\Windows\System32\wer.dll,6acfc6596fb3af7ce40f6824e1fc6d91,true,true,The file is signed and the signature was verified.,Microsoft Windows,Microsoft Windows Verification PCA
SW0009UFP,6452,C:\Windows\System32\shell32.dll,0d5db1de93ebb53acfaec4684ced4a83,true,true,The file is signed and the signature was verified.,Microsoft Windows,Microsoft Windows Verification PCA
SW0009UFP,6452,C:\Windows\System32\schannel.dll,4ffd897c52d33d0469c419256af8597f,true,true,The file is signed and the signature was verified.,Microsoft Windows,Microsoft Windows Verification PCA
SW0009UFP,1632,C:\Windows\System32\CertPolEng.dll,7ee19aa207315c1954c2c7d282a9ff52,true,true,The file is signed and the signature was verified.,Microsoft Windows,Microsoft Windows Verification PCA
SW0009UFP,2812,C:\Windows\System32\esent.dll,77859e419df63900d4f86ee801086fc2,true,true,The file is signed and the signature was verified.,Microsoft Windows,Microsoft Windows Verification PCA
SW0009UFP,652,C:\Windows\System32\imm32.dll,6c822015a4eb17dba3af845ece3cc6d6,true,true,The file is signed and the signature was verified.,Microsoft Windows,Microsoft Windows Verification PCA
SW0009UFP,5132,C:\Windows\System32\powrprof.dll,307e30ad71566aa0798a6e67f5e1f7f9,true,true,The file is signed and the signature was verified.,Microsoft Windows,Microsoft Windows Verification PCA
SW0009UFP,1108,C:\Windows\System32\shell32.dll,0d5db1de93ebb53acfaec4684ced4a83,true,true,The file is signed and the signature was verified.,Microsoft Windows,Microsoft Windows Verification PCA
SW0009UFP,3372,C:\Windows\Fonts\cga40850.fon,8ded46060c1ae78910b1f9d0d1649534,true,true,The file is signed and the signature was verified.,Microsoft Windows,Microsoft Windows Verification PCA
SW0009UFP,6188,C:\Windows\System32\esent.dll,77859e419df63900d4f86ee801086fc2,true,true,The file is signed and the signature was verified.,Microsoft Windows,Microsoft Windows Verification PCA
SW0009UFP,3032,C:\Windows\System32\conhost.exe,ee880760fa420c21d2d894a4dd4b898c,true,true,The file is signed and the signature was verified.,Microsoft Windows,Microsoft Windows Verification PCA
SW0009UFP,4976,C:\Windows\Globalization\Sorting\SortDefault.nls,fcbe454fa581583f5505dec11c39a094,true,true,The file is signed and the signature was verified.,Microsoft Windows,Microsoft Windows Verification PCA
SW0009UFP,652,C:\Windows\System32\xmllite.dll,b791cf72a2e7af34f126a9d94b893e4c,true,true,The file is signed and the signature was verified.,Microsoft Windows,Microsoft Windows Verification PCA
SW0009UFP,5132,C:\Windows\System32\RpcRtRemote.dll,1a8f76f530c5b082354aa8a1e2138364,true,true,The file is signed and the signature was verified.,Microsoft Windows,Microsoft Windows Verification PCA
SW0009UFP,652,C:\Windows\System32\lpk.dll,36ba76f0222780d9ecaba6ef3989ac10,true,true,The file is signed and the signature was verified.,Microsoft Windows,Microsoft Windows Verification PCA
SW0009UFP,6452,C:\Windows\System32\sspicli.dll,53876ad434c027b10976eb280905ae40,true,true,The file is signed and the signature was verified.,Microsoft Windows,Microsoft Windows Verification PCA
SW0009UFP,6452,C:\Windows\System32\oleaut32.dll,496a79ecce776c3d64b435d4d1fefc77,true,true,The file is signed and the signature was verified.,Microsoft Windows,Microsoft Windows Verification PCA
SW0009UFP,3352,C:\Windows\System32\pnrpsvc.dll,bd9dcaaa9c7588d4567434a29d1c33ba,true,true,The file is signed and the signature was verified.,Microsoft Windows,Microsoft Windows Verification PCA
SW0009UFP,6188,C:\Windows\System32\msasn1.dll,a5992dbe21b3665be70ce2848f70519f,true,true,The file is signed and the signature was verified.,Microsoft Windows,Microsoft Windows Verification PCA
SW0009UFP,5132,C:\Windows\System32\spoolsv.exe,f3ebba0a83c9ab51de314f0e73c5272f,true,true,The file is signed and the signature was verified.,Microsoft Windows,Microsoft Windows Verification PCA
SW0009UFP,6452,C:\Windows\System32\drt.dll,f9a76398eb59a53748fb93dce0693b6d,true,true,The file is signed and the signature was verified.,Microsoft Windows,Microsoft Windows Verification PCA
SW0009UFP,1108,C:\Windows\System32\KernelBase.dll,9f96ece8ced2ff8cfbf5e8f4cd82c997,true,true,The file is signed and the signature was verified.,Microsoft Windows,Microsoft Windows Verification PCA
SW0009UFP,3352,C:\Windows\System32\crypt32.dll,f7e636732fbfb9c1b48934551466ec62,true,true,The file is signed and the signature was verified.,Microsoft Windows,Microsoft Windows Verification PCA
SW0009UFP,4540,C:\Windows\System32\ws2_32.dll,f5d8aebd93befc0f4fe280fd3fcb2cc9,true,true,The file is signed and the signature was verified.,Microsoft Windows,Microsoft Windows Verification PCA
SW0009UFP,5080,C:\Windows\System32\gdi32.dll,d8897be023ad193cbf8da0ed2ce5eb5d,true,true,The file is signed and the signature was verified.,Microsoft Windows,Microsoft Windows Verification PCA
SW0009UFP,3352,C:\Windows\System32\msvcrt.dll,1193d517468a6431eb8ded151c813299,true,true,The file is signed and the signature was verified.,Microsoft Windows,Microsoft Windows Verification PCA
SW0009UFP,5132,C:\Windows\System32\user32.dll,75fbd0e4652413cf2abe45e8d97c1eb6,true,true,The file is signed and the signature was verified.,Microsoft Windows,Microsoft Windows Verification PCA
SW0009UFP,4760,C:\Windows\System32\en-US\svchost.exe.mui,d35adc095086f9aef68f260daa6e7d09,true,true,The file is signed and the signature was verified.,Microsoft Windows,Microsoft Windows Verification PCA
SW0009UFP,652,C:\Windows\System32\pcwum.dll,ce1bc87e03ea4a2261024588f23f176e,true,true,The file is signed and the signature was verified.,Microsoft Windows,Microsoft Windows Verification PCA
SW0009UFP,2812,C:\Windows\System32\dhcpcsvc.dll,cf0532f33073b1b1b0d67f6575fd072b,true,true,The file is signed and the signature was verified.,Microsoft Windows,Microsoft Windows Verification PCA
SW0009UFP,3032,C:\Windows\System32\user32.dll,75fbd0e4652413cf2abe45e8d97c1eb6,true,true,The file is signed and the signature was verified.,Microsoft Windows,Microsoft Windows Verification PCA
SW0009UFP,3352,C:\Windows\System32\profapi.dll,88c6959992471311dd573ff5f7c0b77b,true,true,The file is signed and the signature was verified.,Microsoft Windows,Microsoft Windows Verification PCA
SW0009UFP,1632,C:\Windows\System32\sspisrv.dll,8829828c83668e0f6a4a24197ff290d5,true,true,The file is signed and the signature was verified.,Microsoft Windows,Microsoft Windows Verification PCA
SW0009UFP,2812,C:\Windows\System32\slc.dll,ad13af22833469d235bb054b27206eb6,true,true,The file is signed and the signature was verified.,Microsoft Windows,Microsoft Windows Verification PCA
SW0009UFP,1108,C:\Windows\System32\svchost.exe,d05d31d8209350ba7377bbab72899184,true,true,The file is signed and the signature was verified.,Microsoft Windows,Microsoft Windows Verification PCA
SW0009UFP,4516,C:\Windows\System32\en-US\crypt32.dll.mui,05f2c3eb58c15a71f4e6b5bbea4077bf,true,true,The file is signed and the signature was verified.,Microsoft Windows,Microsoft Windows Verification PCA
SW0009UFP,6452,C:\Windows\System32\rpcrt4.dll,cdd2e1a90eadf692288679396407ac8f,true,true,The file is signed and the signature was verified.,Microsoft Windows,Microsoft Windows Verification PCA
SW0009UFP,5080,C:\Windows\System32\en-US\svchost.exe.mui,d35adc095086f9aef68f260daa6e7d09,true,true,The file is signed and the signature was verified.,Microsoft Windows,Microsoft Windows Verification PCA
SW0009UFP,4516,C:\Windows\System32\sspicli.dll,53876ad434c027b10976eb280905ae40,true,true,The file is signed and the signature was verified.,Microsoft Windows,Microsoft Windows Verification PCA
SW0009UFP,4516,C:\Windows\System32\pcwum.dll,ce1bc87e03ea4a2261024588f23f176e,true,true,The file is signed and the signature was verified.,Microsoft Windows,Microsoft Windows Verification PCA
SW0009UFP,4976,C:\Windows\winsxs\amd64_microsoft.windows.common-controls_6595b64144ccf1df_6.0.7601.17514_none_fa396087175ac9ac\comctl32.dll,932c0a3d7bfba269e6cdf00e472f226b,true,true,The file is signed and the signature was verified.,Microsoft Windows,Microsoft Windows Verification PCA
SW0009UFP,3032,C:\Windows\System32\en-US\conhost.exe.mui,6db37d0fe220c62a430538171bc6d83b,true,true,The file is signed and the signature was verified.,Microsoft Windows,Microsoft Windows Verification PCA
SW0009UFP,3372,C:\Windows\Fonts\micross.ttf,dcb06de765edf5b3904dae8a15d3814a,true,true,The file is signed and the signature was verified.,Microsoft Windows,Microsoft Windows Verification PCA
SW0009UFP,3352,C:\Windows\System32\sechost.dll,02c12c6782afc5df356a1e58fdf32d83,true,true,The file is signed and the signature was verified.,Microsoft Windows,Microsoft Windows Verification PCA
SW0009UFP,1108,C:\Windows\System32\ntdll.dll,a738424bab5e0547ebe1c0c255717a5a,true,true,The file is signed and the signature was verified.,Microsoft Windows,Microsoft Windows Verification PCA
SW0009UFP,5132,C:\Windows\System32\apisetschema.dll,a9661db7d845c974fc379772cf9ecd64,true,true,The file is signed and the signature was verified.,Microsoft Windows,Microsoft Windows Verification PCA
SW0009UFP,1108,C:\Windows\System32\pnrpsvc.dll,bd9dcaaa9c7588d4567434a29d1c33ba,true,true,The file is signed and the signature was verified.,Microsoft Windows,Microsoft Windows Verification PCA
SW0009UFP,4976,C:\Windows\System32\msasn1.dll,a5992dbe21b3665be70ce2848f70519f,true,true,The file is signed and the signature was verified.,Microsoft Windows,Microsoft Windows Verification PCA
SW0009UFP,1632,C:\Windows\System32\msprivs.dll,f470326834321e49d3d202729bd99f6c,true,true,The file is signed and the signature was verified.,Microsoft Windows,Microsoft Windows Verification PCA
SW0009UFP,524,C:\Windows\System32\apisetschema.dll,a9661db7d845c974fc379772cf9ecd64,true,true,The file is signed and the signature was verified.,Microsoft Windows,Microsoft Windows Verification PCA
SW0009UFP,4196,C:\Windows\System32\lpk.dll,36ba76f0222780d9ecaba6ef3989ac10,true,true,The file is signed and the signature was verified.,Microsoft Windows,Microsoft Windows Verification PCA
SW0009UFP,6452,C:\Windows\System32\KernelBase.dll,9f96ece8ced2ff8cfbf5e8f4cd82c997,true,true,The file is signed and the signature was verified.,Microsoft Windows,Microsoft Windows Verification PCA
SW0009UFP,5080,C:\Windows\System32\sechost.dll,02c12c6782afc5df356a1e58fdf32d83,true,true,The file is signed and the signature was verified.,Microsoft Windows,Microsoft Windows Verification PCA
SW0009UFP,5132,C:\Windows\System32\secur32.dll,0f5fe8dcc7a5317432dc05fb37dc5ebd,true,true,The file is signed and the signature was verified.,Microsoft Windows,Microsoft Windows Verification PCA
SW0009UFP,4476,C:\Windows\System32\RpcRtRemote.dll,1a8f76f530c5b082354aa8a1e2138364,true,true,The file is signed and the signature was verified.,Microsoft Windows,Microsoft Windows Verification PCA
SW0009UFP,1632,C:\Windows\System32\gdi32.dll,d8897be023ad193cbf8da0ed2ce5eb5d,true,true,The file is signed and the signature was verified.,Microsoft Windows,Microsoft Windows Verification PCA
SW0009UFP,6188,C:\Windows\System32\pnrpsvc.dll,bd9dcaaa9c7588d4567434a29d1c33ba,true,true,The file is signed and the signature was verified.,Microsoft Windows,Microsoft Windows Verification PCA
SW0009UFP,5120,C:\Windows\System32\ssdpapi.dll,43a9f9ccc016bd506fbcecd0a844c6dd,true,true,The file is signed and the signature was verified.,Microsoft Windows,Microsoft Windows Verification PCA
SW0009UFP,4516,C:\Windows\System32\RpcRtRemote.dll,1a8f76f530c5b082354aa8a1e2138364,true,true,The file is signed and the signature was verified.,Microsoft Windows,Microsoft Windows Verification PCA
SW0009UFP,5640,C:\Windows\System32\sysntfy.dll,f54ef6f09148e3619603dcb58e1a7710,true,true,The file is signed and the signature was verified.,Microsoft Windows,Microsoft Windows Verification PCA
SW0009UFP,5132,C:\Windows\System32\setupapi.dll,e3c5d7ae6f6f64a2ce85401cfc0d6545,true,true,The file is signed and the signature was verified.,Microsoft Windows,Microsoft Windows Verification PCA
SW0009UFP,4516,C:\Windows\System32\userenv.dll,24d977f455c7ef76a736c77ad500cd55,true,true,The file is signed and the signature was verified.,Microsoft Windows,Microsoft Windows Verification PCA
SW0009UFP,5080,C:\Windows\System32\advapi32.dll,2a80cf03b255a9cb77a0ca1724010c7e,true,true,The file is signed and the signature was verified.,Microsoft Windows,Microsoft Windows Verification PCA
SW0009UFP,1108,C:\Windows\System32\msctf.dll,a71086cec43ab4b4789e078775215579,true,true,The file is signed and the signature was verified.,Microsoft Windows,Microsoft Windows Verification PCA
SW0009UFP,4516,C:\Windows\System32\msvcrt.dll,1193d517468a6431eb8ded151c813299,true,true,The file is signed and the signature was verified.,Microsoft Windows,Microsoft Windows Verification PCA
SW0009UFP,3372,C:\Windows\System32\winsrv.dll,34b7ab2b0e1ab82f90a438b1dab03b4e,true,true,The file is signed and the signature was verified.,Microsoft Windows,Microsoft Windows Verification PCA
SW0009UFP,5132,C:\Windows\System32\KernelBase.dll,9f96ece8ced2ff8cfbf5e8f4cd82c997,true,true,The file is signed and the signature was verified.,Microsoft Windows,Microsoft Windows Verification PCA
SW0009UFP,6452,C:\Windows\System32\RpcRtRemote.dll,1a8f76f530c5b082354aa8a1e2138364,true,true,The file is signed and the signature was verified.,Microsoft Windows,Microsoft Windows Verification PCA
SW0009UFP,1180,C:\Windows\System32\KernelBase.dll,9f96ece8ced2ff8cfbf5e8f4cd82c997,true,true,The file is signed and the signature was verified.,Microsoft Windows,Microsoft Windows Verification PCA
SW0009UFP,6452,C:\Windows\System32\rasadhlp.dll,a54eb74d4ffb70d995b5ee6a6a41df32,true,true,The file is signed and the signature was verified.,Microsoft Windows,Microsoft Windows Verification PCA
SW0009UFP,2812,C:\Windows\System32\mswsock.dll,8e00394657e9c1b2e96b563fe9376a43,true,true,The file is signed and the signature was verified.,Microsoft Windows,Microsoft Windows Verification PCA
SW0009UFP,4540,C:\Windows\System32\RpcRtRemote.dll,1a8f76f530c5b082354aa8a1e2138364,true,true,The file is signed and the signature was verified.,Microsoft Windows,Microsoft Windows Verification PCA
SW0009UFP,4964,C:\Windows\System32\usp10.dll,e4eac22915a94a4c6be9f10fdf671858,true,true,The file is signed and the signature was verified.,Microsoft Windows,
SW0009UFP,4760,C:\Windows\System32\rasadhlp.dll,a54eb74d4ffb70d995b5ee6a6a41df32,true,true,The file is signed and the signature was verified.,Microsoft Windows,Microsoft Windows Verification PCA
SW0009UFP,1108,C:\Windows\System32\user32.dll,75fbd0e4652413cf2abe45e8d97c1eb6,true,true,The file is signed and the signature was verified.,Microsoft Windows,Microsoft Windows Verification PCA
SW0009UFP,2812,C:\Windows\System32\en-US\p2psvc.dll.mui,a9998c9d72f38d84ca2d5d3df99f6c46,true,true,The file is signed and the signature was verified.,Microsoft Windows,Microsoft Windows Verification PCA
SW0009UFP,4976,C:\Windows\System32\RstrtMgr.dll,523694ec103869e80f83f07580aa603c,true,true,The file is signed and the signature was verified.,Microsoft Windows,Microsoft Windows Verification PCA
SW0009UFP,4196,C:\Windows\System32\cryptbase.dll,1aba09c7adbb276a315376d2ba90c532,true,true,The file is signed and the signature was verified.,Microsoft Windows,Microsoft Windows Verification PCA
SW0009UFP,1108,C:\Windows\System32\cryptbase.dll,1aba09c7adbb276a315376d2ba90c532,true,true,The file is signed and the signature was verified.,Microsoft Windows,Microsoft Windows Verification PCA
SW0009UFP,5132,C:\Windows\System32\devobj.dll,f5e5445fdb7501c52c5bfe770821c83f,true,true,The file is signed and the signature was verified.,Microsoft Windows,Microsoft Windows Verification PCA
SW0009UFP,5120,C:\Windows\System32\drt.dll,f9a76398eb59a53748fb93dce0693b6d,true,true,The file is signed and the signature was verified.,Microsoft Windows,Microsoft Windows Verification PCA
SW0009UFP,2100,C:\Program Files\Wireshark\Wireshark.exe,ebbbebe85b83c99746ea8c5885e0e034,false,false,,,
SW0009UFP,5349,C:\Users\pheobe.per52\AppData\Local\Programs\Opera\56.0.3051.52\opera.exe,47ca33c38c6950942916ed4c5c1e38d1,false,false,,,
SW0009UFP,2812,C:\Windows\System32\sechost.dll,02c12c6782afc5df356a1e58fdf32d83,true,true,The file is signed and the signature was verified.,Microsoft Windows,Microsoft Windows Verification PCA
SW0009UFP,2812,C:\Windows\System32\shlwapi.dll,4cc71cfff0bb2c1956bccafec72504c1,true,true,The file is signed and the signature was verified.,Microsoft Windows,Microsoft Windows Verification PCA
SW0009UFP,524,C:\Windows\System32\p2psvc.dll,1f96db73a39774dae293ece213908ecc,true,true,The file is signed and the signature was verified.,Microsoft Windows,Microsoft Windows Verification PCA
SW0009UFP,6452,C:\Windows\System32\ntmarta.dll,1572fcc2d2f0ae76bd2f01dd7fb2f9da,true,true,The file is signed and the signature was verified.,Microsoft Windows,Microsoft Windows Verification PCA
SW0009UFP,4516,C:\Windows\System32\esent.dll,77859e419df63900d4f86ee801086fc2,true,true,The file is signed and the signature was verified.,Microsoft Windows,Microsoft Windows Verification PCA
SW0009UFP,5120,C:\Windows\System32\pnrpsvc.dll,bd9dcaaa9c7588d4567434a29d1c33ba,true,true,The file is signed and the signature was verified.,Microsoft Windows,Microsoft Windows Verification PCA
SW0009UFP,5120,C:\Windows\System32\en-US\KernelBase.dll.mui,4eeb141e832a3c9fb2751ae960569a47,true,true,The file is signed and the signature was verified.,Microsoft Windows,Microsoft Windows Verification PCA
SW0009UFP,4516,C:\Windows\System32\cryptsp.dll,3fde56bb753787ee9b733bf69e43c070,true,true,The file is signed and the signature was verified.,Microsoft Windows,Microsoft Windows Verification PCA
SW0009UFP,6188,C:\Windows\System32\en-US\KernelBase.dll.mui,4eeb141e832a3c9fb2751ae960569a47,true,true,The file is signed and the signature was verified.,Microsoft Windows,Microsoft Windows Verification PCA
SW0009UFP,5132,C:\Windows\System32\WSHTCPIP.DLL,ffe36ce3099c7fea4d0ec38eb79f42c3,true,true,The file is signed and the signature was verified.,Microsoft Windows,Microsoft Windows Verification PCA
SW0009UFP,5080,C:\Windows\System32\msasn1.dll,a5992dbe21b3665be70ce2848f70519f,true,true,The file is signed and the signature was verified.,Microsoft Windows,Microsoft Windows Verification PCA
SW0009UFP,524,C:\Windows\System32\nsi.dll,cce674a063d85efbd71058b14262cc8f,true,true,The file is signed and the signature was verified.,Microsoft Windows,Microsoft Windows Verification PCA
SW0009UFP,5080,C:\Windows\System32\dhcpcsvc.dll,cf0532f33073b1b1b0d67f6575fd072b,true,true,The file is signed and the signature was verified.,Microsoft Windows,Microsoft Windows Verification PCA
SW0009UFP,4760,C:\Windows\System32\P2PGraph.dll,572e2082253e0bfea454374ebd0651bd,true,true,The file is signed and the signature was verified.,Microsoft Windows,Microsoft Windows Verification PCA
SW0009UFP,5132,C:\Windows\System32\IPHLPAPI.DLL,1d0c6caa79a10b365b1b93908c4596f8,true,true,The file is signed and the signature was verified.,Microsoft Windows,Microsoft Windows Verification PCA
SW0009UFP,4476,C:\Windows\System32\advapi32.dll,2a80cf03b255a9cb77a0ca1724010c7e,true,true,The file is signed and the signature was verified.,Microsoft Windows,Microsoft Windows Verification PCA
SW0009UFP,524,C:\Windows\System32\userenv.dll,24d977f455c7ef76a736c77ad500cd55,true,true,The file is signed and the signature was verified.,Microsoft Windows,Microsoft Windows Verification PCA
SW0009UFP,6452,C:\Windows\System32\rsaenh.dll,a98835320a961e39e3f3b7c1363b9b1b,true,true,The file is signed and the signature was verified.,Microsoft Windows,Microsoft Windows Verification PCA
SW0009UFP,4196,C:\Windows\System32\rpcrt4.dll,cdd2e1a90eadf692288679396407ac8f,true,true,The file is signed and the signature was verified.,Microsoft Windows,Microsoft Windows Verification PCA
SW0009UFP,6188,C:\Windows\System32\ssdpapi.dll,43a9f9ccc016bd506fbcecd0a844c6dd,true,true,The file is signed and the signature was verified.,Microsoft Windows,Microsoft Windows Verification PCA
SW0009UFP,3352,C:\Windows\System32\gdi32.dll,d8897be023ad193cbf8da0ed2ce5eb5d,true,true,The file is signed and the signature was verified.,Microsoft Windows,Microsoft Windows Verification PCA
SW0009UFP,524,C:\Windows\System32\IPHLPAPI.DLL,1d0c6caa79a10b365b1b93908c4596f8,true,true,The file is signed and the signature was verified.,Microsoft Windows,Microsoft Windows Verification PCA
SW0009UFP,652,C:\Windows\System32\rpcrt4.dll,cdd2e1a90eadf692288679396407ac8f,true,true,The file is signed and the signature was verified.,Microsoft Windows,Microsoft Windows Verification PCA
SW0009UFP,4476,C:\Windows\System32\sechost.dll,02c12c6782afc5df356a1e58fdf32d83,true,true,The file is signed and the signature was verified.,Microsoft Windows,Microsoft Windows Verification PCA
SW0009UFP,5080,C:\Windows\System32\pnrpnsp.dll,041fbf767a598f3e9ea3b4ee3f789aa7,true,true,The file is signed and the signature was verified.,Microsoft Windows,Microsoft Windows Verification PCA
SW0009UFP,2812,C:\Windows\System32\rsaenh.dll,a98835320a961e39e3f3b7c1363b9b1b,true,true,The file is signed and the signature was verified.,Microsoft Windows,Microsoft Windows Verification PCA
SW0009UFP,652,C:\Windows\System32\gpapi.dll,f7b9adffd6eb50f49884f2f9071ab4f4,true,true,The file is signed and the signature was verified.,Microsoft Windows,Microsoft Windows Verification PCA
SW0009UFP,6188,C:\Windows\System32\bcrypt.dll,57be7e1d03c4333534f5cea62f8d8901,true,true,The file is signed and the signature was verified.,Microsoft Windows,Microsoft Windows Verification PCA
SW0009UFP,4540,C:\Windows\System32\rsaenh.dll,a98835320a961e39e3f3b7c1363b9b1b,true,true,The file is signed and the signature was verified.,Microsoft Windows,Microsoft Windows Verification PCA
SW0009UFP,6188,C:\Windows\System32\ntmarta.dll,1572fcc2d2f0ae76bd2f01dd7fb2f9da,true,true,The file is signed and the signature was verified.,Microsoft Windows,Microsoft Windows Verification PCA
SW0009UFP,6188,C:\Windows\System32\lpk.dll,36ba76f0222780d9ecaba6ef3989ac10,true,true,The file is signed and the signature was verified.,Microsoft Windows,Microsoft Windows Verification PCA
SW0009UFP,3352,C:\Windows\System32\drttransport.dll,9ba292071af380f1b4c23372a7860a81,true,true,The file is signed and the signature was verified.,Microsoft Windows,Microsoft Windows Verification PCA
SW0009UFP,3352,C:\Windows\Globalization\Sorting\SortDefault.nls,fcbe454fa581583f5505dec11c39a094,true,true,The file is signed and the signature was verified.,Microsoft Windows,Microsoft Windows Verification PCA
SW0009UFP,6452,C:\Windows\System32\apisetschema.dll,a9661db7d845c974fc379772cf9ecd64,true,true,The file is signed and the signature was verified.,Microsoft Windows,Microsoft Windows Verification PCA
SW0009UFP,524,C:\Windows\System32\svchost.exe,d05d31d8209350ba7377bbab72899184,true,true,The file is signed and the signature was verified.,Microsoft Windows,Microsoft Windows Verification PCA
SW0009UFP,4540,C:\Windows\System32\en-US\svchost.exe.mui,d35adc095086f9aef68f260daa6e7d09,true,true,The file is signed and the signature was verified.,Microsoft Windows,Microsoft Windows Verification PCA
SW0009UFP,1108,C:\Windows\System32\rasadhlp.dll,a54eb74d4ffb70d995b5ee6a6a41df32,true,true,The file is signed and the signature was verified.,Microsoft Windows,Microsoft Windows Verification PCA
SW0009UFP,5640,C:\Windows\System32\pcwum.dll,ce1bc87e03ea4a2261024588f23f176e,true,true,The file is signed and the signature was verified.,Microsoft Windows,Microsoft Windows Verification PCA
SW0009UFP,4540,C:\Windows\System32\mswsock.dll,8e00394657e9c1b2e96b563fe9376a43,true,true,The file is signed and the signature was verified.,Microsoft Windows,Microsoft Windows Verification PCA
SW0009UFP,3372,C:\Windows\Fonts\segoeuib.ttf,77df86d7065822fb5646ad14760d9d4b,true,true,The file is signed and the signature was verified.,Microsoft Windows,Microsoft Windows Verification PCA
SW0009UFP,2812,C:\Windows\System32\pnrpsvc.dll,bd9dcaaa9c7588d4567434a29d1c33ba,true,true,The file is signed and the signature was verified.,Microsoft Windows,Microsoft Windows Verification PCA
SW0009UFP,4380,C:\Windows\System32\gdi32.dll,d8897be023ad193cbf8da0ed2ce5eb5d,true,true,The file is signed and the signature was verified.,Microsoft Windows,Microsoft Windows Verification PCA
SW0009UFP,4476,C:\Windows\System32\scesrv.dll,4750ab4d20ee39ff9275dbe33bf899f8,true,true,The file is signed and the signature was verified.,Microsoft Windows,Microsoft Windows Verification PCA
SW0009UFP,4540,C:\Windows\System32\KernelBase.dll,9f96ece8ced2ff8cfbf5e8f4cd82c997,true,true,The file is signed and the signature was verified.,Microsoft Windows,Microsoft Windows Verification PCA
SW0009UFP,5640,C:\Windows\System32\msvcrt.dll,1193d517468a6431eb8ded151c813299,true,true,The file is signed and the signature was verified.,Microsoft Windows,Microsoft Windows Verification PCA
SW0009UFP,524,C:\Windows\System32\KernelBase.dll,9f96ece8ced2ff8cfbf5e8f4cd82c997,true,true,The file is signed and the signature was verified.,Microsoft Windows,Microsoft Windows Verification PCA
SW0009UFP,4516,C:\Windows\System32\ws2_32.dll,f5d8aebd93befc0f4fe280fd3fcb2cc9,true,true,The file is signed and the signature was verified.,Microsoft Windows,Microsoft Windows Verification PCA
SW0009UFP,6188,C:\Windows\System32\cryptbase.dll,1aba09c7adbb276a315376d2ba90c532,true,true,The file is signed and the signature was verified.,Microsoft Windows,Microsoft Windows Verification PCA
SW0009UFP,1870,C:\Users\pheobe.per52\AppData\Local\Programs\Opera\56.0.3051.52\opera.exe,47ca33c38c6950942916ed4c5c1e38d1,false,false,,,
SW0009UFP,5080,C:\Windows\System32\winnsi.dll,f1e31d6fd73c1e4c51652e166d6a8b3e,true,true,The file is signed and the signature was verified.,Microsoft Windows,Microsoft Windows Verification PCA
SW0009UFP,4540,C:\Windows\System32\credssp.dll,366ba59a8dc00d7996c13573ec9bce3b,true,true,The file is signed and the signature was verified.,Microsoft Windows,Microsoft Windows Verification PCA
SW0009UFP,5120,C:\Windows\System32\credssp.dll,366ba59a8dc00d7996c13573ec9bce3b,true,true,The file is signed and the signature was verified.,Microsoft Windows,Microsoft Windows Verification PCA
SW0009UFP,524,C:\Windows\System32\ssdpapi.dll,43a9f9ccc016bd506fbcecd0a844c6dd,true,true,The file is signed and the signature was verified.,Microsoft Windows,Microsoft Windows Verification PCA
SW0009UFP,1632,C:\Windows\System32\keyiso.dll,23617639da22d45595b0542990402278,true,true,The file is signed and the signature was verified.,Microsoft Windows,Microsoft Windows Verification PCA
SW0009UFP,1632,C:\Windows\System32\SensApi.dll,fc4103b443099f0be2549cae22e33904,true,true,The file is signed and the signature was verified.,Microsoft Windows,Microsoft Windows Verification PCA
SW0009UFP,5640,C:\Windows\System32\sspicli.dll,53876ad434c027b10976eb280905ae40,true,true,The file is signed and the signature was verified.,Microsoft Windows,Microsoft Windows Verification PCA
SW0009UFP,4516,C:\Windows\System32\gdi32.dll,d8897be023ad193cbf8da0ed2ce5eb5d,true,true,The file is signed and the signature was verified.,Microsoft Windows,Microsoft Windows Verification PCA
SW0009UFP,4540,C:\Windows\System32\p2psvc.dll,1f96db73a39774dae293ece213908ecc,true,true,The file is signed and the signature was verified.,Microsoft Windows,Microsoft Windows Verification PCA
SW0009UFP,4760,C:\Windows\System32\ws2_32.dll,f5d8aebd93befc0f4fe280fd3fcb2cc9,true,true,The file is signed and the signature was verified.,Microsoft Windows,Microsoft Windows Verification PCA
SW0009UFP,4540,C:\Windows\System32\secur32.dll,0f5fe8dcc7a5317432dc05fb37dc5ebd,true,true,The file is signed and the signature was verified.,Microsoft Windows,Microsoft Windows Verification PCA
SW0009UFP,4433,C:\Users\isaiabai\AppData\Local\Microsoft\OneDrive\OneDrive.exe,6f213e21ea8dd3bbdc6fcdf51ecf8fa1,false,false,,,
SW0009UFP,652,C:\Windows\Globalization\Sorting\SortDefault.nls,fcbe454fa581583f5505dec11c39a094,true,true,The file is signed and the signature was verified.,Microsoft Windows,Microsoft Windows Verification PCA
SW0009UFP,3372,C:\Windows\Fonts\timesbd.ttf,36faac030893ee612f27ada187bb1481,true,true,The file is signed and the signature was verified.,Microsoft Windows,Microsoft Windows Verification PCA
SW0009UFP,1180,C:\Windows\System32\locale.nls,bfb12d019b57473e3ba179e64f3f92c6,true,true,The file is signed and the signature was verified.,Microsoft Windows,Microsoft Windows Verification PCA
SW0009UFP,5132,C:\Windows\System32\msasn1.dll,a5992dbe21b3665be70ce2848f70519f,true,true,The file is signed and the signature was verified.,Microsoft Windows,Microsoft Windows Verification PCA
SW0009UFP,524,C:\Windows\System32\msvcrt.dll,1193d517468a6431eb8ded151c813299,true,true,The file is signed and the signature was verified.,Microsoft Windows,Microsoft Windows Verification PCA
SW0009UFP,4976,C:\Windows\System32\apisetschema.dll,a9661db7d845c974fc379772cf9ecd64,true,true,The file is signed and the signature was verified.,Microsoft Windows,Microsoft Windows Verification PCA
SW0009UFP,5080,C:\Windows\System32\cryptbase.dll,1aba09c7adbb276a315376d2ba90c532,true,true,The file is signed and the signature was verified.,Microsoft Windows,Microsoft Windows Verification PCA
SW0009UFP,4380,C:\Windows\System32\lpk.dll,36ba76f0222780d9ecaba6ef3989ac10,true,true,The file is signed and the signature was verified.,Microsoft Windows,Microsoft Windows Verification PCA
SW0009UFP,4196,C:\Windows\System32\gdi32.dll,d8897be023ad193cbf8da0ed2ce5eb5d,true,true,The file is signed and the signature was verified.,Microsoft Windows,Microsoft Windows Verification PCA
SW0009UFP,4760,C:\Windows\System32\KernelBase.dll,9f96ece8ced2ff8cfbf5e8f4cd82c997,true,true,The file is signed and the signature was verified.,Microsoft Windows,Microsoft Windows Verification PCA
SW0009UFP,3352,C:\Windows\System32\RpcRtRemote.dll,1a8f76f530c5b082354aa8a1e2138364,true,true,The file is signed and the signature was verified.,Microsoft Windows,Microsoft Windows Verification PCA
SW0009UFP,3990,C:\Program Files (x86)\Panda Security\Panda Security Protection\PSUAService.exe,134d09a9eef3f4b7c2fd20e091cc7578,false,false,,,
SW0009UFP,5080,C:\Windows\System32\shell32.dll,0d5db1de93ebb53acfaec4684ced4a83,true,true,The file is signed and the signature was verified.,Microsoft Windows,Microsoft Windows Verification PCA
SW0009UFP,1108,C:\Windows\System32\en-US\crypt32.dll.mui,05f2c3eb58c15a71f4e6b5bbea4077bf,true,true,The file is signed and the signature was verified.,Microsoft Windows,Microsoft Windows Verification PCA
SW0009UFP,6452,C:\Windows\System32\gpapi.dll,f7b9adffd6eb50f49884f2f9071ab4f4,true,true,The file is signed and the signature was verified.,Microsoft Windows,Microsoft Windows Verification PCA
SW0009UFP,3352,C:\Windows\System32\locale.nls,bfb12d019b57473e3ba179e64f3f92c6,true,true,The file is signed and the signature was verified.,Microsoft Windows,Microsoft Windows Verification PCA
SW0009UFP,4976,C:\Windows\System32\shlwapi.dll,4cc71cfff0bb2c1956bccafec72504c1,true,true,The file is signed and the signature was verified.,Microsoft Windows,Microsoft Windows Verification PCA
SW0009UFP,4760,C:\Windows\System32\rsaenh.dll,a98835320a961e39e3f3b7c1363b9b1b,true,true,The file is signed and the signature was verified.,Microsoft Windows,Microsoft Windows Verification PCA
SW0009UFP,1632,C:\Windows\Globalization\Sorting\SortDefault.nls,fcbe454fa581583f5505dec11c39a094,true,true,The file is signed and the signature was verified.,Microsoft Windows,Microsoft Windows Verification PCA
SW0009UFP,4976,C:\Windows\System32\webio.dll,3db7f654b262ff7c9688603dc06d87b4,true,true,The file is signed and the signature was verified.,Microsoft Windows,Microsoft Windows Verification PCA
SW0009UFP,3372,C:\Windows\Fonts\segoeuii.ttf,fc1783c433db0e8b6cb1d063572709ef,true,true,The file is signed and the signature was verified.,Microsoft Windows,Microsoft Windows Verification PCA
SW0009UFP,5132,C:\Windows\System32\srvcli.dll,60cf8f79971fb755eee9194f92a9bbbb,true,true,The file is signed and the signature was verified.,Microsoft Windows,Microsoft Windows Verification PCA
SW0009UFP,4476,C:\Windows\System32\user32.dll,75fbd0e4652413cf2abe45e8d97c1eb6,true,true,The file is signed and the signature was verified.,Microsoft Windows,Microsoft Windows Verification PCA
SW0009UFP,5080,C:\Windows\System32\credssp.dll,366ba59a8dc00d7996c13573ec9bce3b,true,true,The file is signed and the signature was verified.,Microsoft Windows,Microsoft Windows Verification PCA
SW0009UFP,5120,C:\Windows\System32\sechost.dll,02c12c6782afc5df356a1e58fdf32d83,true,true,The file is signed and the signature was verified.,Microsoft Windows,Microsoft Windows Verification PCA
SW0009UFP,4516,C:\Windows\System32\ntmarta.dll,1572fcc2d2f0ae76bd2f01dd7fb2f9da,true,true,The file is signed and the signature was verified.,Microsoft Windows,Microsoft Windows Verification PCA
SW0009UFP,5132,C:\Windows\System32\netutils.dll,d946bce29c88a4cc3e78c50ceb903ce3,true,true,The file is signed and the signature was verified.,Microsoft Windows,Microsoft Windows Verification PCA
SW0009UFP,5120,C:\Windows\System32\gpapi.dll,f7b9adffd6eb50f49884f2f9071ab4f4,true,true,The file is signed and the signature was verified.,Microsoft Windows,Microsoft Windows Verification PCA
SW0009UFP,5120,C:\Windows\System32\advapi32.dll,2a80cf03b255a9cb77a0ca1724010c7e,true,true,The file is signed and the signature was verified.,Microsoft Windows,Microsoft Windows Verification PCA
SW0009UFP,4760,C:\Windows\System32\clbcatq.dll,1c755b0f7239ea78000ea929b3333aa3,true,true,The file is signed and the signature was verified.,Microsoft Windows,Microsoft Windows Verification PCA
SW0009UFP,5132,C:\Windows\System32\winsta.dll,1b3a41359c64eebb206e62e92edb27a7,true,true,The file is signed and the signature was verified.,Microsoft Windows,Microsoft Windows Verification PCA
SW0009UFP,2812,C:\Windows\System32\drttransport.dll,9ba292071af380f1b4c23372a7860a81,true,true,The file is signed and the signature was verified.,Microsoft Windows,Microsoft Windows Verification PCA
SW0009UFP,5120,C:\Windows\System32\imm32.dll,6c822015a4eb17dba3af845ece3cc6d6,true,true,The file is signed and the signature was verified.,Microsoft Windows,Microsoft Windows Verification PCA
SW0009UFP,4516,C:\Windows\System32\wship6.dll,2a8e0e5ace2ebb678aaadff3e440b2eb,true,true,The file is signed and the signature was verified.,Microsoft Windows,Microsoft Windows Verification PCA
SW0009UFP,4976,C:\Windows\System32\advapi32.dll,2a80cf03b255a9cb77a0ca1724010c7e,true,true,The file is signed and the signature was verified.,Microsoft Windows,Microsoft Windows Verification PCA
SW0009UFP,2812,C:\Windows\System32\ntdll.dll,a738424bab5e0547ebe1c0c255717a5a,true,true,The file is signed and the signature was verified.,Microsoft Windows,Microsoft Windows Verification PCA
SW0009UFP,6188,C:\Windows\System32\dhcpcsvc6.dll,2b06bc305190a004c94b92219bdb0296,true,true,The file is signed and the signature was verified.,Microsoft Windows,Microsoft Windows Verification PCA
SW0009UFP,652,C:\Windows\System32\msctf.dll,a71086cec43ab4b4789e078775215579,true,true,The file is signed and the signature was verified.,Microsoft Windows,Microsoft Windows Verification PCA
SW0009UFP,1108,C:\Windows\System32\profapi.dll,88c6959992471311dd573ff5f7c0b77b,true,true,The file is signed and the signature was verified.,Microsoft Windows,Microsoft Windows Verification PCA
SW0009UFP,4760,C:\Windows\System32\pnrpnsp.dll,041fbf767a598f3e9ea3b4ee3f789aa7,true,true,The file is signed and the signature was verified.,Microsoft Windows,Microsoft Windows Verification PCA
SW0009UFP,4540,C:\Windows\System32\crypt32.dll,f7e636732fbfb9c1b48934551466ec62,true,true,The file is signed and the signature was verified.,Microsoft Windows,Microsoft Windows Verification PCA
SW0009UFP,5132,C:\Windows\System32\wsnmp32.dll,dc391ecc541354df4b8216fe91a32f8a,true,true,The file is signed and the signature was verified.,Microsoft Windows,Microsoft Windows Verification PCA
SW0009UFP,3372,C:\Windows\System32\sxssrv.dll,a0a91b7312b0ed8354716fd1a8af40d5,true,true,The file is signed and the signature was verified.,Microsoft Windows,Microsoft Windows Verification PCA
SW0009UFP,1632,C:\Windows\System32\shlwapi.dll,4cc71cfff0bb2c1956bccafec72504c1,true,true,The file is signed and the signature was verified.,Microsoft Windows,Microsoft Windows Verification PCA
SW0009UFP,6188,C:\Windows\System32\pcwum.dll,ce1bc87e03ea4a2261024588f23f176e,true,true,The file is signed and the signature was verified.,Microsoft Windows,Microsoft Windows Verification PCA
SW0009UFP,4760,C:\Windows\System32\sechost.dll,02c12c6782afc5df356a1e58fdf32d83,true,true,The file is signed and the signature was verified.,Microsoft Windows,Microsoft Windows Verification PCA
SW0009UFP,5132,C:\Windows\System32\cfgmgr32.dll,ee02837d35a006f9c093d52dd08ce531,true,true,The file is signed and the signature was verified.,Microsoft Windows,Microsoft Windows Verification PCA
SW0009UFP,5640,C:\Windows\System32\kernel32.dll,7e5863ad9704e556d9f657b7deeae645,true,true,The file is signed and the signature was verified.,Microsoft Windows,Microsoft Windows Verification PCA
SW0009UFP,4760,C:\Windows\System32\msasn1.dll,a5992dbe21b3665be70ce2848f70519f,true,true,The file is signed and the signature was verified.,Microsoft Windows,Microsoft Windows Verification PCA
SW0009UFP,4476,C:\Windows\System32\secur32.dll,0f5fe8dcc7a5317432dc05fb37dc5ebd,true,true,The file is signed and the signature was verified.,Microsoft Windows,Microsoft Windows Verification PCA
SW0009UFP,4964,C:\Windows\System32\rpcrt4.dll,cdd2e1a90eadf692288679396407ac8f,true,true,The file is signed and the signature was verified.,Microsoft Windows,
SW0009UFP,4540,C:\Windows\System32\drttransport.dll,9ba292071af380f1b4c23372a7860a81,true,true,The file is signed and the signature was verified.,Microsoft Windows,Microsoft Windows Verification PCA
SW0009UFP,4296,C:\Windows\System32\smss.exe,cbb1679b66a51e8b7438a5c8a4431a3f,true,true,The file is signed and the signature was verified.,Microsoft Windows,Microsoft Windows Verification PCA
SW0009UFP,524,C:\Windows\System32\rsaenh.dll,a98835320a961e39e3f3b7c1363b9b1b,true,true,The file is signed and the signature was verified.,Microsoft Windows,Microsoft Windows Verification PCA
SW0009UFP,5132,C:\Windows\System32\slc.dll,ad13af22833469d235bb054b27206eb6,true,true,The file is signed and the signature was verified.,Microsoft Windows,Microsoft Windows Verification PCA
SW0009UFP,4476,C:\Windows\System32\apphelp.dll,472fb0fc550daa749aeaf30fbc550402,true,true,The file is signed and the signature was verified.,Microsoft Windows,Microsoft Windows Verification PCA
SW0009UFP,1632,C:\Windows\System32\msasn1.dll,a5992dbe21b3665be70ce2848f70519f,true,true,The file is signed and the signature was verified.,Microsoft Windows,Microsoft Windows Verification PCA
SW0009UFP,4760,C:\Windows\System32\shell32.dll,0d5db1de93ebb53acfaec4684ced4a83,true,true,The file is signed and the signature was verified.,Microsoft Windows,Microsoft Windows Verification PCA
SW0009UFP,5080,C:\Windows\System32\KernelBase.dll,9f96ece8ced2ff8cfbf5e8f4cd82c997,true,true,The file is signed and the signature was verified.,Microsoft Windows,Microsoft Windows Verification PCA
SW0009UFP,4760,C:\Windows\System32\pnrpsvc.dll,bd9dcaaa9c7588d4567434a29d1c33ba,true,true,The file is signed and the signature was verified.,Microsoft Windows,Microsoft Windows Verification PCA
SW0009UFP,4380,C:\Windows\System32\msvcrt.dll,1193d517468a6431eb8ded151c813299,true,true,The file is signed and the signature was verified.,Microsoft Windows,Microsoft Windows Verification PCA
SW0009UFP,5132,C:\Windows\System32\clbcatq.dll,1c755b0f7239ea78000ea929b3333aa3,true,true,The file is signed and the signature was verified.,Microsoft Windows,Microsoft Windows Verification PCA
SW0009UFP,6452,C:\Windows\System32\slc.dll,ad13af22833469d235bb054b27206eb6,true,true,The file is signed and the signature was verified.,Microsoft Windows,Microsoft Windows Verification PCA
SW0009UFP,498,C:\Program Files (x86)\Panda Security\Panda Devices Agent\AgentSvc.exe,93dc78f3a5c1926180847c4140c507ee,false,false,,,
SW0009UFP,4380,C:\Windows\System32\WindowsCodecs.dll,c6e18078ea199f05539d56a15e413d51,true,true,The file is signed and the signature was verified.,Microsoft Windows,Microsoft Windows Verification PCA
SW0009UFP,1632,C:\Windows\System32\TSpkg.dll,9925a3db8d04b4ee555153de88326939,true,true,The file is signed and the signature was verified.,Microsoft Windows,Microsoft Windows Verification PCA
SW0009UFP,4196,C:\Windows\System32\KernelBase.dll,9f96ece8ced2ff8cfbf5e8f4cd82c997,true,true,The file is signed and the signature was verified.,Microsoft Windows,Microsoft Windows Verification PCA
SW0009UFP,3352,C:\Windows\System32\mswsock.dll,8e00394657e9c1b2e96b563fe9376a43,true,true,The file is signed and the signature was verified.,Microsoft Windows,Microsoft Windows Verification PCA
SW0009UFP,4540,C:\Windows\System32\gdi32.dll,d8897be023ad193cbf8da0ed2ce5eb5d,true,true,The file is signed and the signature was verified.,Microsoft Windows,Microsoft Windows Verification PCA
SW0009UFP,5080,C:\Windows\System32\ssdpapi.dll,43a9f9ccc016bd506fbcecd0a844c6dd,true,true,The file is signed and the signature was verified.,Microsoft Windows,Microsoft Windows Verification PCA
SW0009UFP,4380,C:\Windows\System32\wkscli.dll,35b427353c2e6ce1e11933dd7456f2c4,true,true,The file is signed and the signature was verified.,Microsoft Windows,Microsoft Windows Verification PCA
SW0009UFP,4976,C:\Windows\System32\en-US\radarrs.dll.mui,daf18078d0967111e4f1c7e3b20c9b57,true,true,The file is signed and the signature was verified.,Microsoft Windows,Microsoft Windows Verification PCA
SW0009UFP,6452,C:\Windows\System32\drttransport.dll,9ba292071af380f1b4c23372a7860a81,true,true,The file is signed and the signature was verified.,Microsoft Windows,Microsoft Windows Verification PCA
SW0009UFP,5132,C:\Windows\System32\atl.dll,abf6a0cc02f67279261c94853fe53745,true,true,The file is signed and the signature was verified.,Microsoft Windows,Microsoft Windows Verification PCA
SW0009UFP,6261,C:\Users\pheobe.per52\AppData\Local\Programs\Opera\56.0.3051.52\opera.exe,47ca33c38c6950942916ed4c5c1e38d1,false,false,,,
SW0009UFP,1632,C:\Windows\System32\dssenh.dll,bdb3ef7b0fcbbf1044ecb56b430f227a,true,true,The file is signed and the signature was verified.,Microsoft Windows,Microsoft Windows Verification PCA
SW0009UFP,4476,C:\Windows\System32\imm32.dll,6c822015a4eb17dba3af845ece3cc6d6,true,true,The file is signed and the signature was verified.,Microsoft Windows,Microsoft Windows Verification PCA
SW0009UFP,3372,C:\Windows\Fonts\segoeui.ttf,5321c772e0561bd010b1576226a5ea78,true,true,The file is signed and the signature was verified.,Microsoft Windows,Microsoft Windows Verification PCA
SW0009UFP,5132,C:\Windows\System32\snmpapi.dll,1168a1a3a5e6984f470f19dbb6dff75d,true,true,The file is signed and the signature was verified.,Microsoft Windows,Microsoft Windows Verification PCA
SW0009UFP,5132,C:\Windows\System32\cryptsp.dll,3fde56bb753787ee9b733bf69e43c070,true,true,The file is signed and the signature was verified.,Microsoft Windows,Microsoft Windows Verification PCA
SW0009UFP,652,C:\Windows\System32\cryptsp.dll,3fde56bb753787ee9b733bf69e43c070,true,true,The file is signed and the signature was verified.,Microsoft Windows,Microsoft Windows Verification PCA
SW0009UFP,5120,C:\Windows\System32\en-US\p2psvc.dll.mui,a9998c9d72f38d84ca2d5d3df99f6c46,true,true,The file is signed and the signature was verified.,Microsoft Windows,Microsoft Windows Verification PCA
SW0009UFP,4760,C:\Windows\System32\drttransport.dll,9ba292071af380f1b4c23372a7860a81,true,true,The file is signed and the signature was verified.,Microsoft Windows,Microsoft Windows Verification PCA
SW0009UFP,3032,C:\Windows\System32\cryptbase.dll,1aba09c7adbb276a315376d2ba90c532,true,true,The file is signed and the signature was verified.,Microsoft Windows,Microsoft Windows Verification PCA
SW0009UFP,4540,C:\Windows\System32\slc.dll,ad13af22833469d235bb054b27206eb6,true,true,The file is signed and the signature was verified.,Microsoft Windows,Microsoft Windows Verification PCA
SW0009UFP,4964,C:\Windows\System32\d3d10_1.dll,ebe2af0eb906972a4944cdf3b73688d9,true,true,The file is signed and the signature was verified.,Microsoft Windows,
SW0009UFP,4760,C:\Windows\System32\ncrypt.dll,dacbb23261b9ca00f0c7d6443a24767a,true,true,The file is signed and the signature was verified.,Microsoft Windows,Microsoft Windows Verification PCA
SW0009UFP,5120,C:\Windows\System32\usp10.dll,e4eac22915a94a4c6be9f10fdf671858,true,true,The file is signed and the signature was verified.,Microsoft Windows,Microsoft Windows Verification PCA
SW0009UFP,5640,C:\Windows\System32\locale.nls,bfb12d019b57473e3ba179e64f3f92c6,true,true,The file is signed and the signature was verified.,Microsoft Windows,Microsoft Windows Verification PCA
SW0009UFP,2812,C:\Windows\System32\authz.dll,d79136f0fc0dbe1fa092c53e404ac643,true,true,The file is signed and the signature was verified.,Microsoft Windows,Microsoft Windows Verification PCA
SW0009UFP,5120,C:\Windows\System32\wship6.dll,2a8e0e5ace2ebb678aaadff3e440b2eb,true,true,The file is signed and the signature was verified.,Microsoft Windows,Microsoft Windows Verification PCA
SW0009UFP,4976,C:\Windows\System32\ntdll.dll,a738424bab5e0547ebe1c0c255717a5a,true,true,The file is signed and the signature was verified.,Microsoft Windows,Microsoft Windows Verification PCA
SW0009UFP,6188,C:\Windows\System32\P2PGraph.dll,572e2082253e0bfea454374ebd0651bd,true,true,The file is signed and the signature was verified.,Microsoft Windows,Microsoft Windows Verification PCA
SW0009UFP,3352,C:\Windows\System32\nsi.dll,cce674a063d85efbd71058b14262cc8f,true,true,The file is signed and the signature was verified.,Microsoft Windows,Microsoft Windows Verification PCA
SW0009UFP,652,C:\Windows\System32\ntmarta.dll,1572fcc2d2f0ae76bd2f01dd7fb2f9da,true,true,The file is signed and the signature was verified.,Microsoft Windows,Microsoft Windows Verification PCA
SW0009UFP,4380,C:\Windows\System32\kernel32.dll,7e5863ad9704e556d9f657b7deeae645,true,true,The file is signed and the signature was verified.,Microsoft Windows,Microsoft Windows Verification PCA
SW0009UFP,4964,C:\Windows\System32\uxtheme.dll,da8cf007d5a5857346d5316ec8693f79,true,true,The file is signed and the signature was verified.,Microsoft Windows,
SW0009UFP,1632,C:\Windows\System32\wevtapi.dll,cb8b1f6d5a58a2b272d55add9eb8caf9,true,true,The file is signed and the signature was verified.,Microsoft Windows,Microsoft Windows Verification PCA
SW0009UFP,5730,C:\Users\isaiabai\Documents\kitty-0.70.0.6.exe,1711798cbb581e4f4408fb9656f783d2,false,false,,,
SW0009UFP,6188,C:\Windows\System32\user32.dll,75fbd0e4652413cf2abe45e8d97c1eb6,true,true,The file is signed and the signature was verified.,Microsoft Windows,Microsoft Windows Verification PCA
SW0009UFP,3352,C:\Windows\System32\xmllite.dll,b791cf72a2e7af34f126a9d94b893e4c,true,true,The file is signed and the signature was verified.,Microsoft Windows,Microsoft Windows Verification PCA
SW0009UFP,6188,C:\Windows\System32\RpcRtRemote.dll,1a8f76f530c5b082354aa8a1e2138364,true,true,The file is signed and the signature was verified.,Microsoft Windows,Microsoft Windows Verification PCA
SW0009UFP,4380,C:\Windows\System32\apphelp.dll,472fb0fc550daa749aeaf30fbc550402,true,true,The file is signed and the signature was verified.,Microsoft Windows,Microsoft Windows Verification PCA
SW0009UFP,4540,C:\Windows\System32\svchost.exe,d05d31d8209350ba7377bbab72899184,true,true,The file is signed and the signature was verified.,Microsoft Windows,Microsoft Windows Verification PCA
SW0009UFP,2812,C:\Windows\System32\schannel.dll,4ffd897c52d33d0469c419256af8597f,true,true,The file is signed and the signature was verified.,Microsoft Windows,Microsoft Windows Verification PCA
SW0009UFP,1632,C:\Windows\System32\wdigest.dll,2be6c98ade2be61cae9eab1ccb3af9ec,true,true,The file is signed and the signature was verified.,Microsoft Windows,Microsoft Windows Verification PCA
SW0009UFP,6452,C:\Windows\System32\credssp.dll,366ba59a8dc00d7996c13573ec9bce3b,true,true,The file is signed and the signature was verified.,Microsoft Windows,Microsoft Windows Verification PCA
SW0009UFP,1108,C:\Windows\System32\slc.dll,ad13af22833469d235bb054b27206eb6,true,true,The file is signed and the signature was verified.,Microsoft Windows,Microsoft Windows Verification PCA
SW0009UFP,1180,C:\Windows\System32\user32.dll,75fbd0e4652413cf2abe45e8d97c1eb6,true,true,The file is signed and the signature was verified.,Microsoft Windows,Microsoft Windows Verification PCA
SW0009UFP,652,C:\Windows\System32\winnsi.dll,f1e31d6fd73c1e4c51652e166d6a8b3e,true,true,The file is signed and the signature was verified.,Microsoft Windows,Microsoft Windows Verification PCA
SW0009UFP,4476,C:\Windows\System32\mswsock.dll,8e00394657e9c1b2e96b563fe9376a43,true,true,The file is signed and the signature was verified.,Microsoft Windows,Microsoft Windows Verification PCA
SW0009UFP,2812,C:\Windows\System32\advapi32.dll,2a80cf03b255a9cb77a0ca1724010c7e,true,true,The file is signed and the signature was verified.,Microsoft Windows,Microsoft Windows Verification PCA
SW0009UFP,2812,C:\Windows\System32\drt.dll,f9a76398eb59a53748fb93dce0693b6d,true,true,The file is signed and the signature was verified.,Microsoft Windows,Microsoft Windows Verification PCA
SW0009UFP,5132,C:\Windows\System32\FXSMON.dll,5cc6ddb86f6df54e89d3bd83bf9250e2,true,true,The file is signed and the signature was verified.,Microsoft Windows,Microsoft Windows Verification PCA
SW0009UFP,6188,C:\Windows\System32\drttransport.dll,9ba292071af380f1b4c23372a7860a81,true,true,The file is signed and the signature was verified.,Microsoft Windows,Microsoft Windows Verification PCA
SW0009UFP,5120,C:\Windows\System32\userenv.dll,24d977f455c7ef76a736c77ad500cd55,true,true,The file is signed and the signature was verified.,Microsoft Windows,Microsoft Windows Verification PCA
SW0009UFP,1180,C:\Windows\System32\ntdll.dll,a738424bab5e0547ebe1c0c255717a5a,true,true,The file is signed and the signature was verified.,Microsoft Windows,Microsoft Windows Verification PCA
SW0009UFP,4516,C:\Windows\System32\svchost.exe,d05d31d8209350ba7377bbab72899184,true,true,The file is signed and the signature was verified.,Microsoft Windows,Microsoft Windows Verification PCA
SW0009UFP,524,C:\Windows\System32\psapi.dll,d30279d102e0ad14e8f35576cc573c11,true,true,The file is signed and the signature was verified.,Microsoft Windows,Microsoft Windows Verification PCA
SW0009UFP,3032,C:\Windows\System32\KernelBase.dll,9f96ece8ced2ff8cfbf5e8f4cd82c997,true,true,The file is signed and the signature was verified.,Microsoft Windows,Microsoft Windows Verification PCA
SW0009UFP,652,C:\Windows\System32\en-US\KernelBase.dll.mui,4eeb141e832a3c9fb2751ae960569a47,true,true,The file is signed and the signature was verified.,Microsoft Windows,Microsoft Windows Verification PCA
SW0009UFP,1632,C:\Windows\System32\imm32.dll,6c822015a4eb17dba3af845ece3cc6d6,true,true,The file is signed and the signature was verified.,Microsoft Windows,Microsoft Windows Verification PCA
SW0009UFP,524,C:\Windows\System32\ntdll.dll,a738424bab5e0547ebe1c0c255717a5a,true,true,The file is signed and the signature was verified.,Microsoft Windows,Microsoft Windows Verification PCA
SW0009UFP,5080,C:\Windows\System32\IPHLPAPI.DLL,1d0c6caa79a10b365b1b93908c4596f8,true,true,The file is signed and the signature was verified.,Microsoft Windows,Microsoft Windows Verification PCA
SW0009UFP,5080,C:\Windows\System32\shlwapi.dll,4cc71cfff0bb2c1956bccafec72504c1,true,true,The file is signed and the signature was verified.,Microsoft Windows,Microsoft Windows Verification PCA
SW0009UFP,3372,C:\Windows\Fonts\app850.fon,578c296cd9bd893e66076a5063a7eee0,true,true,The file is signed and the signature was verified.,Microsoft Windows,Microsoft Windows Verification PCA
SW0009UFP,6420,C:\Windows\System32\powershell.exe\powershell.exe,ab385a641f592e3b27778db879a249b9,false,false,,,
SW0009UFP,4976,C:\Windows\System32\en-US\wer.dll.mui,6e93e8b56ca378845f98f0f1c05d3825,true,true,The file is signed and the signature was verified.,Microsoft Windows,Microsoft Windows Verification PCA
SW0009UFP,4196,C:\Windows\System32\credssp.dll,366ba59a8dc00d7996c13573ec9bce3b,true,true,The file is signed and the signature was verified.,Microsoft Windows,Microsoft Windows Verification PCA
SW0009UFP,652,C:\Windows\System32\drt.dll,f9a76398eb59a53748fb93dce0693b6d,true,true,The file is signed and the signature was verified.,Microsoft Windows,Microsoft Windows Verification PCA
SW0009UFP,3032,C:\Windows\Fonts\StaticCache.dat,1c057b8999c19571d0229df30ada8de8,true,true,The file is signed and the signature was verified.,Microsoft Windows,Microsoft Windows Verification PCA
SW0009UFP,5132,C:\Windows\System32\shlwapi.dll,4cc71cfff0bb2c1956bccafec72504c1,true,true,The file is signed and the signature was verified.,Microsoft Windows,Microsoft Windows Verification PCA
SW0009UFP,3352,C:\Windows\System32\advapi32.dll,2a80cf03b255a9cb77a0ca1724010c7e,true,true,The file is signed and the signature was verified.,Microsoft Windows,Microsoft Windows Verification PCA
SW0009UFP,6188,C:\Windows\System32\userenv.dll,24d977f455c7ef76a736c77ad500cd55,true,true,The file is signed and the signature was verified.,Microsoft Windows,Microsoft Windows Verification PCA
SW0009UFP,5132,C:\Windows\System32\nlaapi.dll,0f7f2a6f973b4c9121b53f1d7a12721c,true,true,The file is signed and the signature was verified.,Microsoft Windows,Microsoft Windows Verification PCA
SW0009UFP,1632,C:\Windows\System32\authz.dll,d79136f0fc0dbe1fa092c53e404ac643,true,true,The file is signed and the signature was verified.,Microsoft Windows,Microsoft Windows Verification PCA
SW0009UFP,524,C:\Windows\System32\en-US\p2psvc.dll.mui,a9998c9d72f38d84ca2d5d3df99f6c46,true,true,The file is signed and the signature was verified.,Microsoft Windows,Microsoft Windows Verification PCA
SW0009UFP,2812,C:\Windows\System32\pcwum.dll,ce1bc87e03ea4a2261024588f23f176e,true,true,The file is signed and the signature was verified.,Microsoft Windows,Microsoft Windows Verification PCA
SW0009UFP,4976,C:\Windows\System32\dwmapi.dll,b3aac417ec6483181c6b1b8ede67b30f,true,true,The file is signed and the signature was verified.,Microsoft Windows,Microsoft Windows Verification PCA
SW0009UFP,6188,C:\Windows\System32\oleaut32.dll,496a79ecce776c3d64b435d4d1fefc77,true,true,The file is signed and the signature was verified.,Microsoft Windows,Microsoft Windows Verification PCA
SW0009UFP,6188,C:\Windows\System32\schannel.dll,4ffd897c52d33d0469c419256af8597f,true,true,The file is signed and the signature was verified.,Microsoft Windows,Microsoft Windows Verification PCA
SW0009UFP,6452,C:\Windows\System32\cryptbase.dll,1aba09c7adbb276a315376d2ba90c532,true,true,The file is signed and the signature was verified.,Microsoft Windows,Microsoft Windows Verification PCA
SW0009UFP,1632,C:\Windows\System32\cngaudit.dll,2ef6c52f92f88002f501afbb88cadb10,true,true,The file is signed and the signature was verified.,Microsoft Windows,Microsoft Windows Verification PCA
SW0009UFP,1632,C:\Windows\System32\usp10.dll,e4eac22915a94a4c6be9f10fdf671858,true,true,The file is signed and the signature was verified.,Microsoft Windows,Microsoft Windows Verification PCA
SW0009UFP,4196,C:\Windows\System32\ws2_32.dll,f5d8aebd93befc0f4fe280fd3fcb2cc9,true,true,The file is signed and the signature was verified.,Microsoft Windows,Microsoft Windows Verification PCA
SW0009UFP,5132,C:\Windows\System32\dnsapi.dll,17804afb3c170f5d93bc9e1278fe46e4,true,true,The file is signed and the signature was verified.,Microsoft Windows,Microsoft Windows Verification PCA
SW0009UFP,4976,C:\Windows\System32\kernel32.dll,7e5863ad9704e556d9f657b7deeae645,true,true,The file is signed and the signature was verified.,Microsoft Windows,Microsoft Windows Verification PCA
SW0009UFP,4760,C:\Windows\System32\esent.dll,77859e419df63900d4f86ee801086fc2,true,true,The file is signed and the signature was verified.,Microsoft Windows,Microsoft Windows Verification PCA
SW0009UFP,4516,C:\Windows\System32\msctf.dll,a71086cec43ab4b4789e078775215579,true,true,The file is signed and the signature was verified.,Microsoft Windows,Microsoft Windows Verification PCA
SW0009UFP,2812,C:\Windows\System32\sqmapi.dll,004f6040c8d0231959b5bcc0e3a83f99,true,true,The file is signed and the signature was verified.,Microsoft Windows,Microsoft Windows Verification PCA
SW0009UFP,5080,C:\Windows\System32\sspicli.dll,53876ad434c027b10976eb280905ae40,true,true,The file is signed and the signature was verified.,Microsoft Windows,Microsoft Windows Verification PCA
SW0009UFP,4976,C:\Windows\SoftwareDistribution\DataStore\DataStore.edb,5b623d4d2b6e9eaca666d72b11aa8ebd,true,false,The form specified for the subject is not one supported or known by the specified trust provider.,,
SW0009UFP,6452,C:\Windows\System32\secur32.dll,0f5fe8dcc7a5317432dc05fb37dc5ebd,true,true,The file is signed and the signature was verified.,Microsoft Windows,Microsoft Windows Verification PCA
SW0009UFP,4760,C:\Windows\System32\lpk.dll,36ba76f0222780d9ecaba6ef3989ac10,true,true,The file is signed and the signature was verified.,Microsoft Windows,Microsoft Windows Verification PCA
SW0009UFP,652,C:\Windows\System32\mswsock.dll,8e00394657e9c1b2e96b563fe9376a43,true,true,The file is signed and the signature was verified.,Microsoft Windows,Microsoft Windows Verification PCA
SW0009UFP,5080,C:\Windows\System32\oleaut32.dll,496a79ecce776c3d64b435d4d1fefc77,true,true,The file is signed and the signature was verified.,Microsoft Windows,Microsoft Windows Verification PCA
SW0009UFP,6188,C:\Windows\System32\winnsi.dll,f1e31d6fd73c1e4c51652e166d6a8b3e,true,true,The file is signed and the signature was verified.,Microsoft Windows,Microsoft Windows Verification PCA
SW0009UFP,5120,C:\Windows\System32\drttransport.dll,9ba292071af380f1b4c23372a7860a81,true,true,The file is signed and the signature was verified.,Microsoft Windows,Microsoft Windows Verification PCA
SW0009UFP,4964,C:\Windows\System32\dwmcore.dll,5a3b61d8111dfe9a284a20b89fc0195e,true,true,The file is signed and the signature was verified.,Microsoft Windows,
SW0009UFP,6452,C:\Windows\System32\ncrypt.dll,dacbb23261b9ca00f0c7d6443a24767a,true,true,The file is signed and the signature was verified.,Microsoft Windows,Microsoft Windows Verification PCA
SW0009UFP,5080,C:\Windows\System32\crypt32.dll,f7e636732fbfb9c1b48934551466ec62,true,true,The file is signed and the signature was verified.,Microsoft Windows,Microsoft Windows Verification PCA
SW0009UFP,5120,C:\Windows\System32\ws2_32.dll,f5d8aebd93befc0f4fe280fd3fcb2cc9,true,true,The file is signed and the signature was verified.,Microsoft Windows,Microsoft Windows Verification PCA
SW0009UFP,652,C:\Windows\System32\sechost.dll,02c12c6782afc5df356a1e58fdf32d83,true,true,The file is signed and the signature was verified.,Microsoft Windows,Microsoft Windows Verification PCA
SW0009UFP,6452,C:\Windows\System32\IPHLPAPI.DLL,1d0c6caa79a10b365b1b93908c4596f8,true,true,The file is signed and the signature was verified.,Microsoft Windows,Microsoft Windows Verification PCA
SW0009UFP,4964,C:\Windows\System32\msctf.dll,a71086cec43ab4b4789e078775215579,true,true,The file is signed and the signature was verified.,Microsoft Windows,
SW0009UFP,3032,C:\Windows\System32\msvcrt.dll,1193d517468a6431eb8ded151c813299,true,true,The file is signed and the signature was verified.,Microsoft Windows,Microsoft Windows Verification PCA
SW0009UFP,3352,C:\Windows\System32\imm32.dll,6c822015a4eb17dba3af845ece3cc6d6,true,true,The file is signed and the signature was verified.,Microsoft Windows,Microsoft Windows Verification PCA
SW0009UFP,4964,C:\Windows\System32\dxgi.dll,38ea83f8db1d88d10e611f9c899b640e,true,true,The file is signed and the signature was verified.,Microsoft Windows,
SW0009UFP,5132,C:\Windows\System32\en-US\win32spl.dll.mui,97084a228647cbe6f80ab12cede507ac,true,true,The file is signed and the signature was verified.,Microsoft Windows,Microsoft Windows Verification PCA
SW0009UFP,4196,C:\Windows\System32\mswsock.dll,8e00394657e9c1b2e96b563fe9376a43,true,true,The file is signed and the signature was verified.,Microsoft Windows,Microsoft Windows Verification PCA
SW0009UFP,3352,C:\Windows\System32\sqmapi.dll,004f6040c8d0231959b5bcc0e3a83f99,true,true,The file is signed and the signature was verified.,Microsoft Windows,Microsoft Windows Verification PCA
SW0009UFP,4540,C:\Windows\System32\usp10.dll,e4eac22915a94a4c6be9f10fdf671858,true,true,The file is signed and the signature was verified.,Microsoft Windows,Microsoft Windows Verification PCA
SW0009UFP,1108,C:\Windows\System32\psapi.dll,d30279d102e0ad14e8f35576cc573c11,true,true,The file is signed and the signature was verified.,Microsoft Windows,Microsoft Windows Verification PCA
SW0009UFP,6452,C:\Windows\System32\en-US\crypt32.dll.mui,05f2c3eb58c15a71f4e6b5bbea4077bf,true,true,The file is signed and the signature was verified.,Microsoft Windows,Microsoft Windows Verification PCA
SW0009UFP,4964,C:\Windows\System32\user32.dll,75fbd0e4652413cf2abe45e8d97c1eb6,true,true,The file is signed and the signature was verified.,Microsoft Windows,
SW0009UFP,1632,C:\Windows\System32\dnsapi.dll,17804afb3c170f5d93bc9e1278fe46e4,true,true,The file is signed and the signature was verified.,Microsoft Windows,Microsoft Windows Verification PCA
SW0009UFP,4540,C:\Windows\System32\psapi.dll,d30279d102e0ad14e8f35576cc573c11,true,true,The file is signed and the signature was verified.,Microsoft Windows,Microsoft Windows Verification PCA
SW0009UFP,6452,C:\Windows\System32\pcwum.dll,ce1bc87e03ea4a2261024588f23f176e,true,true,The file is signed and the signature was verified.,Microsoft Windows,Microsoft Windows Verification PCA
SW0009UFP,3352,C:\Windows\System32\rsaenh.dll,a98835320a961e39e3f3b7c1363b9b1b,true,true,The file is signed and the signature was verified.,Microsoft Windows,Microsoft Windows Verification PCA
SW0009UFP,5080,C:\Windows\System32\user32.dll,75fbd0e4652413cf2abe45e8d97c1eb6,true,true,The file is signed and the signature was verified.,Microsoft Windows,Microsoft Windows Verification PCA
SW0009UFP,6188,C:\Windows\System32\ws2_32.dll,f5d8aebd93befc0f4fe280fd3fcb2cc9,true,true,The file is signed and the signature was verified.,Microsoft Windows,Microsoft Windows Verification PCA
SW0009UFP,4516,C:\Windows\System32\psapi.dll,d30279d102e0ad14e8f35576cc573c11,true,true,The file is signed and the signature was verified.,Microsoft Windows,Microsoft Windows Verification PCA
SW0009UFP,3372,C:\Windows\Fonts\cga80850.fon,6b75f509d859f192ca1973d43f81ced1,true,true,The file is signed and the signature was verified.,Microsoft Windows,Microsoft Windows Verification PCA
SW0009UFP,3372,C:\Windows\System32\KernelBase.dll,9f96ece8ced2ff8cfbf5e8f4cd82c997,true,true,The file is signed and the signature was verified.,Microsoft Windows,Microsoft Windows Verification PCA
SW0009UFP,1632,C:\Windows\System32\credssp.dll,366ba59a8dc00d7996c13573ec9bce3b,true,true,The file is signed and the signature was verified.,Microsoft Windows,Microsoft Windows Verification PCA
SW0009UFP,4760,C:\Windows\System32\wship6.dll,2a8e0e5ace2ebb678aaadff3e440b2eb,true,true,The file is signed and the signature was verified.,Microsoft Windows,Microsoft Windows Verification PCA
SW0009UFP,1632,C:\Windows\System32\WSHTCPIP.DLL,ffe36ce3099c7fea4d0ec38eb79f42c3,true,true,The file is signed and the signature was verified.,Microsoft Windows,Microsoft Windows Verification PCA
SW0009UFP,652,C:\Windows\System32\clbcatq.dll,1c755b0f7239ea78000ea929b3333aa3,true,true,The file is signed and the signature was verified.,Microsoft Windows,Microsoft Windows Verification PCA
SW0009UFP,4760,C:\Windows\System32\crypt32.dll,f7e636732fbfb9c1b48934551466ec62,true,true,The file is signed and the signature was verified.,Microsoft Windows,Microsoft Windows Verification PCA
SW0009UFP,4760,C:\Windows\System32\user32.dll,75fbd0e4652413cf2abe45e8d97c1eb6,true,true,The file is signed and the signature was verified.,Microsoft Windows,Microsoft Windows Verification PCA
SW0009UFP,4976,C:\Windows\System32\dhcpcsvc.dll,cf0532f33073b1b1b0d67f6575fd072b,true,true,The file is signed and the signature was verified.,Microsoft Windows,Microsoft Windows Verification PCA
SW0009UFP,6188,C:\Windows\System32\xmllite.dll,b791cf72a2e7af34f126a9d94b893e4c,true,true,The file is signed and the signature was verified.,Microsoft Windows,Microsoft Windows Verification PCA
SW0009UFP,6452,C:\Windows\System32\p2psvc.dll,1f96db73a39774dae293ece213908ecc,true,true,The file is signed and the signature was verified.,Microsoft Windows,Microsoft Windows Verification PCA
SW0009UFP,4760,C:\Windows\System32\ntmarta.dll,1572fcc2d2f0ae76bd2f01dd7fb2f9da,true,true,The file is signed and the signature was verified.,Microsoft Windows,Microsoft Windows Verification PCA
SW0009UFP,524,C:\Windows\System32\profapi.dll,88c6959992471311dd573ff5f7c0b77b,true,true,The file is signed and the signature was verified.,Microsoft Windows,Microsoft Windows Verification PCA
SW0009UFP,1632,C:\Windows\System32\msvcrt.dll,1193d517468a6431eb8ded151c813299,true,true,The file is signed and the signature was verified.,Microsoft Windows,Microsoft Windows Verification PCA
SW0009UFP,6188,C:\Windows\System32\rsaenh.dll,a98835320a961e39e3f3b7c1363b9b1b,true,true,The file is signed and the signature was verified.,Microsoft Windows,Microsoft Windows Verification PCA
SW0009UFP,652,C:\Windows\System32\apisetschema.dll,a9661db7d845c974fc379772cf9ecd64,true,true,The file is signed and the signature was verified.,Microsoft Windows,Microsoft Windows Verification PCA
SW0009UFP,2812,C:\Windows\System32\pnrpnsp.dll,041fbf767a598f3e9ea3b4ee3f789aa7,true,true,The file is signed and the signature was verified.,Microsoft Windows,Microsoft Windows Verification PCA
SW0009UFP,3352,C:\Windows\System32\drt.dll,f9a76398eb59a53748fb93dce0693b6d,true,true,The file is signed and the signature was verified.,Microsoft Windows,Microsoft Windows Verification PCA
SW0009UFP,1180,C:\Windows\System32\imm32.dll,6c822015a4eb17dba3af845ece3cc6d6,true,true,The file is signed and the signature was verified.,Microsoft Windows,Microsoft Windows Verification PCA
SW0009UFP,5640,C:\Windows\System32\RpcRtRemote.dll,1a8f76f530c5b082354aa8a1e2138364,true,true,The file is signed and the signature was verified.,Microsoft Windows,Microsoft Windows Verification PCA
SW0009UFP,5120,C:\Windows\System32\msasn1.dll,a5992dbe21b3665be70ce2848f70519f,true,true,The file is signed and the signature was verified.,Microsoft Windows,Microsoft Windows Verification PCA
SW0009UFP,6452,C:\Windows\System32\sqmapi.dll,004f6040c8d0231959b5bcc0e3a83f99,true,true,The file is signed and the signature was verified.,Microsoft Windows,Microsoft Windows Verification PCA
SW0009UFP,4976,C:\Windows\System32\en-US\KernelBase.dll.mui,4eeb141e832a3c9fb2751ae960569a47,true,true,The file is signed and the signature was verified.,Microsoft Windows,Microsoft Windows Verification PCA
SW0009UFP,4760,C:\Windows\System32\apisetschema.dll,a9661db7d845c974fc379772cf9ecd64,true,true,The file is signed and the signature was verified.,Microsoft Windows,Microsoft Windows Verification PCA
SW0009UFP,1180,C:\Windows\Globalization\Sorting\SortDefault.nls,fcbe454fa581583f5505dec11c39a094,true,true,The file is signed and the signature was verified.,Microsoft Windows,Microsoft Windows Verification PCA
SW0009UFP,652,C:\Windows\System32\p2psvc.dll,1f96db73a39774dae293ece213908ecc,true,true,The file is signed and the signature was verified.,Microsoft Windows,Microsoft Windows Verification PCA
SW0009UFP,652,C:\Windows\System32\cryptbase.dll,1aba09c7adbb276a315376d2ba90c532,true,true,The file is signed and the signature was verified.,Microsoft Windows,Microsoft Windows Verification PCA
SW0009UFP,4976,C:\Windows\System32\mswsock.dll,8e00394657e9c1b2e96b563fe9376a43,true,true,The file is signed and the signature was verified.,Microsoft Windows,Microsoft Windows Verification PCA
SW0009UFP,4760,C:\Windows\System32\mswsock.dll,8e00394657e9c1b2e96b563fe9376a43,true,true,The file is signed and the signature was verified.,Microsoft Windows,Microsoft Windows Verification PCA
SW0009UFP,5132,C:\Windows\System32\en-US\KernelBase.dll.mui,4eeb141e832a3c9fb2751ae960569a47,true,true,The file is signed and the signature was verified.,Microsoft Windows,Microsoft Windows Verification PCA
SW0009UFP,1108,C:\Windows\System32\drt.dll,f9a76398eb59a53748fb93dce0693b6d,true,true,The file is signed and the signature was verified.,Microsoft Windows,Microsoft Windows Verification PCA
SW0009UFP,5120,C:\Windows\System32\kernel32.dll,7e5863ad9704e556d9f657b7deeae645,true,true,The file is signed and the signature was verified.,Microsoft Windows,Microsoft Windows Verification PCA
SW0009UFP,652,C:\Windows\System32\ntdll.dll,a738424bab5e0547ebe1c0c255717a5a,true,true,The file is signed and the signature was verified.,Microsoft Windows,Microsoft Windows Verification PCA
SW0009UFP,6188,C:\Windows\System32\rpcrt4.dll,cdd2e1a90eadf692288679396407ac8f,true,true,The file is signed and the signature was verified.,Microsoft Windows,Microsoft Windows Verification PCA
SW0009UFP,5640,C:\Windows\System32\credssp.dll,366ba59a8dc00d7996c13573ec9bce3b,true,true,The file is signed and the signature was verified.,Microsoft Windows,Microsoft Windows Verification PCA
SW0009UFP,6188,C:\Windows\System32\dhcpcsvc.dll,cf0532f33073b1b1b0d67f6575fd072b,true,true,The file is signed and the signature was verified.,Microsoft Windows,Microsoft Windows Verification PCA
SW0009UFP,4476,C:\Windows\System32\locale.nls,bfb12d019b57473e3ba179e64f3f92c6,true,true,The file is signed and the signature was verified.,Microsoft Windows,Microsoft Windows Verification PCA
SW0009UFP,2812,C:\Windows\System32\en-US\KernelBase.dll.mui,4eeb141e832a3c9fb2751ae960569a47,true,true,The file is signed and the signature was verified.,Microsoft Windows,Microsoft Windows Verification PCA
SW0009UFP,4964,C:\Windows\System32\advapi32.dll,2a80cf03b255a9cb77a0ca1724010c7e,true,true,The file is signed and the signature was verified.,Microsoft Windows,
SW0009UFP,5120,C:\Windows\System32\user32.dll,75fbd0e4652413cf2abe45e8d97c1eb6,true,true,The file is signed and the signature was verified.,Microsoft Windows,Microsoft Windows Verification PCA
SW0009UFP,652,C:\Windows\System32\oleaut32.dll,496a79ecce776c3d64b435d4d1fefc77,true,true,The file is signed and the signature was verified.,Microsoft Windows,Microsoft Windows Verification PCA
SW0009UFP,5132,C:\Windows\System32\rsaenh.dll,a98835320a961e39e3f3b7c1363b9b1b,true,true,The file is signed and the signature was verified.,Microsoft Windows,Microsoft Windows Verification PCA
SW0009UFP,6452,C:\Windows\System32\locale.nls,bfb12d019b57473e3ba179e64f3f92c6,true,true,The file is signed and the signature was verified.,Microsoft Windows,Microsoft Windows Verification PCA
SW0009UFP,652,C:\Windows\System32\KernelBase.dll,9f96ece8ced2ff8cfbf5e8f4cd82c997,true,true,The file is signed and the signature was verified.,Microsoft Windows,Microsoft Windows Verification PCA
SW0009UFP,5132,C:\Windows\System32\gdi32.dll,d8897be023ad193cbf8da0ed2ce5eb5d,true,true,The file is signed and the signature was verified.,Microsoft Windows,Microsoft Windows Verification PCA
SW0009UFP,524,C:\Windows\System32\pnrpsvc.dll,bd9dcaaa9c7588d4567434a29d1c33ba,true,true,The file is signed and the signature was verified.,Microsoft Windows,Microsoft Windows Verification PCA
SW0009UFP,1108,C:\Windows\System32\oleaut32.dll,496a79ecce776c3d64b435d4d1fefc77,true,true,The file is signed and the signature was verified.,Microsoft Windows,Microsoft Windows Verification PCA
SW0009UFP,652,C:\Windows\System32\userenv.dll,24d977f455c7ef76a736c77ad500cd55,true,true,The file is signed and the signature was verified.,Microsoft Windows,Microsoft Windows Verification PCA
SW0009UFP,4976,C:\Windows\System32\ole32.dll,eba2411436aee6661fad2cba6344059a,true,true,The file is signed and the signature was verified.,Microsoft Windows,Microsoft Windows Verification PCA
SW0009UFP,6452,C:\Windows\System32\xmllite.dll,b791cf72a2e7af34f126a9d94b893e4c,true,true,The file is signed and the signature was verified.,Microsoft Windows,Microsoft Windows Verification PCA
SW0009UFP,5080,C:\Windows\System32\P2PGraph.dll,572e2082253e0bfea454374ebd0651bd,true,true,The file is signed and the signature was verified.,Microsoft Windows,Microsoft Windows Verification PCA
SW0009UFP,2812,C:\Windows\System32\ws2_32.dll,f5d8aebd93befc0f4fe280fd3fcb2cc9,true,true,The file is signed and the signature was verified.,Microsoft Windows,Microsoft Windows Verification PCA
SW0009UFP,4380,C:\Windows\System32\ole32.dll,eba2411436aee6661fad2cba6344059a,true,true,The file is signed and the signature was verified.,Microsoft Windows,Microsoft Windows Verification PCA
SW0009UFP,4476,C:\Windows\System32\credssp.dll,366ba59a8dc00d7996c13573ec9bce3b,true,true,The file is signed and the signature was verified.,Microsoft Windows,Microsoft Windows Verification PCA
SW0009UFP,5080,C:\Windows\System32\userenv.dll,24d977f455c7ef76a736c77ad500cd55,true,true,The file is signed and the signature was verified.,Microsoft Windows,Microsoft Windows Verification PCA
SW0009UFP,4516,C:\Windows\System32\drttransport.dll,9ba292071af380f1b4c23372a7860a81,true,true,The file is signed and the signature was verified.,Microsoft Windows,Microsoft Windows Verification PCA
SW0009UFP,1108,C:\Windows\System32\en-US\svchost.exe.mui,d35adc095086f9aef68f260daa6e7d09,true,true,The file is signed and the signature was verified.,Microsoft Windows,Microsoft Windows Verification PCA
SW0009UFP,3372,C:\Windows\System32\gdi32.dll,d8897be023ad193cbf8da0ed2ce5eb5d,true,true,The file is signed and the signature was verified.,Microsoft Windows,Microsoft Windows Verification PCA
SW0009UFP,5132,C:\Windows\System32\webservices.dll,9929006c466f04fc242c4edc024527c2,true,true,The file is signed and the signature was verified.,Microsoft Windows,Microsoft Windows Verification PCA
SW0009UFP,1180,C:\Windows\System32\rpcrt4.dll,cdd2e1a90eadf692288679396407ac8f,true,true,The file is signed and the signature was verified.,Microsoft Windows,Microsoft Windows Verification PCA
SW0009UFP,4476,C:\Windows\System32\rpcrt4.dll,cdd2e1a90eadf692288679396407ac8f,true,true,The file is signed and the signature was verified.,Microsoft Windows,Microsoft Windows Verification PCA
SW0009UFP,652,C:\Windows\System32\pnrpsvc.dll,bd9dcaaa9c7588d4567434a29d1c33ba,true,true,The file is signed and the signature was verified.,Microsoft Windows,Microsoft Windows Verification PCA
SW0009UFP,3032,C:\Windows\System32\usp10.dll,e4eac22915a94a4c6be9f10fdf671858,true,true,The file is signed and the signature was verified.,Microsoft Windows,Microsoft Windows Verification PCA
SW0009UFP,5120,C:\Windows\System32\IPHLPAPI.DLL,1d0c6caa79a10b365b1b93908c4596f8,true,true,The file is signed and the signature was verified.,Microsoft Windows,Microsoft Windows Verification PCA
SW0009UFP,4760,C:\Windows\System32\p2psvc.dll,1f96db73a39774dae293ece213908ecc,true,true,The file is signed and the signature was verified.,Microsoft Windows,Microsoft Windows Verification PCA
SW0009UFP,4976,C:\Windows\System32\en-US\taskhost.exe.mui,ab5f5fb66a783b48d7a1d4a61917dea6,true,true,The file is signed and the signature was verified.,Microsoft Windows,Microsoft Windows Verification PCA
SW0009UFP,6452,C:\Windows\Globalization\Sorting\SortDefault.nls,fcbe454fa581583f5505dec11c39a094,true,true,The file is signed and the signature was verified.,Microsoft Windows,Microsoft Windows Verification PCA
SW0009UFP,5080,C:\Windows\System32\msctf.dll,a71086cec43ab4b4789e078775215579,true,true,The file is signed and the signature was verified.,Microsoft Windows,Microsoft Windows Verification PCA
SW0009UFP,1632,C:\Windows\System32\ntdll.dll,a738424bab5e0547ebe1c0c255717a5a,true,true,The file is signed and the signature was verified.,Microsoft Windows,Microsoft Windows Verification PCA
SW0009UFP,1632,C:\Windows\System32\rpcrt4.dll,cdd2e1a90eadf692288679396407ac8f,true,true,The file is signed and the signature was verified.,Microsoft Windows,Microsoft Windows Verification PCA
SW0009UFP,5640,C:\Windows\System32\en-US\lsm.exe.mui,525217af0df54423a48f3400308c4f3a,true,true,The file is signed and the signature was verified.,Microsoft Windows,Microsoft Windows Verification PCA
SW0009UFP,4540,C:\Windows\System32\nsi.dll,cce674a063d85efbd71058b14262cc8f,true,true,The file is signed and the signature was verified.,Microsoft Windows,Microsoft Windows Verification PCA
SW0009UFP,4516,C:\Windows\System32\oleaut32.dll,496a79ecce776c3d64b435d4d1fefc77,true,true,The file is signed and the signature was verified.,Microsoft Windows,Microsoft Windows Verification PCA
SW0009UFP,1632,C:\Windows\System32\kernel32.dll,7e5863ad9704e556d9f657b7deeae645,true,true,The file is signed and the signature was verified.,Microsoft Windows,Microsoft Windows Verification PCA
SW0009UFP,1108,C:\Windows\System32\cryptsp.dll,3fde56bb753787ee9b733bf69e43c070,true,true,The file is signed and the signature was verified.,Microsoft Windows,Microsoft Windows Verification PCA
SW0009UFP,3352,C:\Windows\System32\psapi.dll,d30279d102e0ad14e8f35576cc573c11,true,true,The file is signed and the signature was verified.,Microsoft Windows,Microsoft Windows Verification PCA
SW0009UFP,5080,C:\Windows\System32\rpcrt4.dll,cdd2e1a90eadf692288679396407ac8f,true,true,The file is signed and the signature was verified.,Microsoft Windows,Microsoft Windows Verification PCA
SW0009UFP,6188,C:\Windows\System32\kernel32.dll,7e5863ad9704e556d9f657b7deeae645,true,true,The file is signed and the signature was verified.,Microsoft Windows,Microsoft Windows Verification PCA
SW0009UFP,4516,C:\Windows\System32\dhcpcsvc6.dll,2b06bc305190a004c94b92219bdb0296,true,true,The file is signed and the signature was verified.,Microsoft Windows,Microsoft Windows Verification PCA
SW0009UFP,3352,C:\Windows\System32\esent.dll,77859e419df63900d4f86ee801086fc2,true,true,The file is signed and the signature was verified.,Microsoft Windows,Microsoft Windows Verification PCA
SW0009UFP,4036,C:\Program Files (x86)\Panda Security\Panda Security Protection\PSANHost.exe,a9bc4405cc0fcbec1fcd2f85b5a82951,false,false,,,
SW0009UFP,1108,C:\Windows\System32\imm32.dll,6c822015a4eb17dba3af845ece3cc6d6,true,true,The file is signed and the signature was verified.,Microsoft Windows,Microsoft Windows Verification PCA
SW0009UFP,4516,C:\Windows\System32\authz.dll,d79136f0fc0dbe1fa092c53e404ac643,true,true,The file is signed and the signature was verified.,Microsoft Windows,Microsoft Windows Verification PCA
SW0009UFP,4540,C:\Windows\System32\pnrpnsp.dll,041fbf767a598f3e9ea3b4ee3f789aa7,true,true,The file is signed and the signature was verified.,Microsoft Windows,Microsoft Windows Verification PCA
SW0009UFP,4760,C:\Windows\System32\schannel.dll,4ffd897c52d33d0469c419256af8597f,true,true,The file is signed and the signature was verified.,Microsoft Windows,Microsoft Windows Verification PCA
SW0009UFP,2812,C:\Windows\System32\locale.nls,bfb12d019b57473e3ba179e64f3f92c6,true,true,The file is signed and the signature was verified.,Microsoft Windows,Microsoft Windows Verification PCA
SW0009UFP,1108,C:\Windows\System32\esent.dll,77859e419df63900d4f86ee801086fc2,true,true,The file is signed and the signature was verified.,Microsoft Windows,Microsoft Windows Verification PCA
SW0009UFP,4540,C:\Windows\System32\rpcrt4.dll,cdd2e1a90eadf692288679396407ac8f,true,true,The file is signed and the signature was verified.,Microsoft Windows,Microsoft Windows Verification PCA
SW0009UFP,4540,C:\Windows\System32\oleaut32.dll,496a79ecce776c3d64b435d4d1fefc77,true,true,The file is signed and the signature was verified.,Microsoft Windows,Microsoft Windows Verification PCA
SW0009UFP,4760,C:\Windows\System32\svchost.exe,d05d31d8209350ba7377bbab72899184,true,true,The file is signed and the signature was verified.,Microsoft Windows,Microsoft Windows Verification PCA
SW0009UFP,524,C:\Windows\System32\oleaut32.dll,496a79ecce776c3d64b435d4d1fefc77,true,true,The file is signed and the signature was verified.,Microsoft Windows,Microsoft Windows Verification PCA
SW0009UFP,4516,C:\Windows\System32\schannel.dll,4ffd897c52d33d0469c419256af8597f,true,true,The file is signed and the signature was verified.,Microsoft Windows,Microsoft Windows Verification PCA
SW0009UFP,6452,C:\Windows\System32\dhcpcsvc6.dll,2b06bc305190a004c94b92219bdb0296,true,true,The file is signed and the signature was verified.,Microsoft Windows,Microsoft Windows Verification PCA
SW0009UFP,1108,C:\Windows\System32\sspicli.dll,53876ad434c027b10976eb280905ae40,true,true,The file is signed and the signature was verified.,Microsoft Windows,Microsoft Windows Verification PCA
SW0009UFP,5120,C:\Windows\System32\dhcpcsvc6.dll,2b06bc305190a004c94b92219bdb0296,true,true,The file is signed and the signature was verified.,Microsoft Windows,Microsoft Windows Verification PCA
SW0009UFP,1632,C:\Windows\System32\scecli.dll,49116b4351f007de237bec2b17fbfa71,true,true,The file is signed and the signature was verified.,Microsoft Windows,Microsoft Windows Verification PCA
SW0009UFP,6452,C:\Windows\System32\gdi32.dll,d8897be023ad193cbf8da0ed2ce5eb5d,true,true,The file is signed and the signature was verified.,Microsoft Windows,Microsoft Windows Verification PCA
SW0009UFP,6188,C:\Windows\System32\authz.dll,d79136f0fc0dbe1fa092c53e404ac643,true,true,The file is signed and the signature was verified.,Microsoft Windows,Microsoft Windows Verification PCA
SW0009UFP,4964,C:\Windows\System32\dwmapi.dll,b3aac417ec6483181c6b1b8ede67b30f,true,true,The file is signed and the signature was verified.,Microsoft Windows,
SW0009UFP,4296,C:\Windows\System32\ntdll.dll,a738424bab5e0547ebe1c0c255717a5a,true,true,The file is signed and the signature was verified.,Microsoft Windows,Microsoft Windows Verification PCA
SW0009UFP,6188,C:\Windows\System32\gpapi.dll,f7b9adffd6eb50f49884f2f9071ab4f4,true,true,The file is signed and the signature was verified.,Microsoft Windows,Microsoft Windows Verification PCA
SW0009UFP,4540,C:\Windows\System32\ssdpapi.dll,43a9f9ccc016bd506fbcecd0a844c6dd,true,true,The file is signed and the signature was verified.,Microsoft Windows,Microsoft Windows Verification PCA
SW0009UFP,2812,C:\Windows\System32\msctf.dll,a71086cec43ab4b4789e078775215579,true,true,The file is signed and the signature was verified.,Microsoft Windows,Microsoft Windows Verification PCA
SW0009UFP,524,C:\Windows\System32\sechost.dll,02c12c6782afc5df356a1e58fdf32d83,true,true,The file is signed and the signature was verified.,Microsoft Windows,Microsoft Windows Verification PCA
SW0009UFP,5120,C:\Windows\System32\P2PGraph.dll,572e2082253e0bfea454374ebd0651bd,true,true,The file is signed and the signature was verified.,Microsoft Windows,Microsoft Windows Verification PCA
SW0009UFP,5080,C:\Windows\System32\locale.nls,bfb12d019b57473e3ba179e64f3f92c6,true,true,The file is signed and the signature was verified.,Microsoft Windows,Microsoft Windows Verification PCA
SW0009UFP,4540,C:\Windows\System32\advapi32.dll,2a80cf03b255a9cb77a0ca1724010c7e,true,true,The file is signed and the signature was verified.,Microsoft Windows,Microsoft Windows Verification PCA
SW0009UFP,1108,C:\Windows\System32\userenv.dll,24d977f455c7ef76a736c77ad500cd55,true,true,The file is signed and the signature was verified.,Microsoft Windows,Microsoft Windows Verification PCA
SW0009UFP,4760,C:\Windows\System32\cryptbase.dll,1aba09c7adbb276a315376d2ba90c532,true,true,The file is signed and the signature was verified.,Microsoft Windows,Microsoft Windows Verification PCA
SW0009UFP,4760,C:\Windows\System32\sspicli.dll,53876ad434c027b10976eb280905ae40,true,true,The file is signed and the signature was verified.,Microsoft Windows,Microsoft Windows Verification PCA
SW0009UFP,4976,C:\Windows\System32\oleaut32.dll,496a79ecce776c3d64b435d4d1fefc77,true,true,The file is signed and the signature was verified.,Microsoft Windows,Microsoft Windows Verification PCA
SW0009UFP,4760,C:\Windows\System32\userenv.dll,24d977f455c7ef76a736c77ad500cd55,true,true,The file is signed and the signature was verified.,Microsoft Windows,Microsoft Windows Verification PCA
SW0009UFP,3372,C:\Windows\Fonts\tahoma.ttf,34b5e53e305d3187fdec2284231ab189,true,true,The file is signed and the signature was verified.,Microsoft Windows,Microsoft Windows Verification PCA
SW0009UFP,6452,C:\Windows\System32\wship6.dll,2a8e0e5ace2ebb678aaadff3e440b2eb,true,true,The file is signed and the signature was verified.,Microsoft Windows,Microsoft Windows Verification PCA
SW0009UFP,4516,C:\Windows\System32\bcrypt.dll,57be7e1d03c4333534f5cea62f8d8901,true,true,The file is signed and the signature was verified.,Microsoft Windows,Microsoft Windows Verification PCA
SW0009UFP,5132,C:\Windows\System32\cryptbase.dll,1aba09c7adbb276a315376d2ba90c532,true,true,The file is signed and the signature was verified.,Microsoft Windows,Microsoft Windows Verification PCA
SW0009UFP,1632,C:\Windows\System32\bcryptprimitives.dll,977baf5c0575d300fcf783efea9f951d,true,true,The file is signed and the signature was verified.,Microsoft Windows,Microsoft Windows Verification PCA
SW0009UFP,4516,C:\Windows\System32\kernel32.dll,7e5863ad9704e556d9f657b7deeae645,true,true,The file is signed and the signature was verified.,Microsoft Windows,Microsoft Windows Verification PCA
SW0009UFP,524,C:\Windows\System32\advapi32.dll,2a80cf03b255a9cb77a0ca1724010c7e,true,true,The file is signed and the signature was verified.,Microsoft Windows,Microsoft Windows Verification PCA
SW0009UFP,3032,C:\Windows\System32\rpcrt4.dll,cdd2e1a90eadf692288679396407ac8f,true,true,The file is signed and the signature was verified.,Microsoft Windows,Microsoft Windows Verification PCA
SW0009UFP,1632,C:\Windows\System32\apisetschema.dll,a9661db7d845c974fc379772cf9ecd64,true,true,The file is signed and the signature was verified.,Microsoft Windows,Microsoft Windows Verification PCA
SW0009UFP,652,C:\Windows\System32\psapi.dll,d30279d102e0ad14e8f35576cc573c11,true,true,The file is signed and the signature was verified.,Microsoft Windows,Microsoft Windows Verification PCA
SW0009UFP,4516,C:\Windows\System32\slc.dll,ad13af22833469d235bb054b27206eb6,true,true,The file is signed and the signature was verified.,Microsoft Windows,Microsoft Windows Verification PCA
SW0009UFP,652,C:\Windows\System32\shlwapi.dll,4cc71cfff0bb2c1956bccafec72504c1,true,true,The file is signed and the signature was verified.,Microsoft Windows,Microsoft Windows Verification PCA
SW0009UFP,4540,C:\Windows\System32\en-US\KernelBase.dll.mui,4eeb141e832a3c9fb2751ae960569a47,true,true,The file is signed and the signature was verified.,Microsoft Windows,Microsoft Windows Verification PCA
SW0009UFP,4196,C:\Windows\System32\msctf.dll,a71086cec43ab4b4789e078775215579,true,true,The file is signed and the signature was verified.,Microsoft Windows,Microsoft Windows Verification PCA
SW0009UFP,3352,C:\Windows\System32\lpk.dll,36ba76f0222780d9ecaba6ef3989ac10,true,true,The file is signed and the signature was verified.,Microsoft Windows,Microsoft Windows Verification PCA
SW0009UFP,4760,C:\Windows\System32\ole32.dll,eba2411436aee6661fad2cba6344059a,true,true,The file is signed and the signature was verified.,Microsoft Windows,Microsoft Windows Verification PCA
SW0009UFP,4760,C:\Windows\System32\gdi32.dll,d8897be023ad193cbf8da0ed2ce5eb5d,true,true,The file is signed and the signature was verified.,Microsoft Windows,Microsoft Windows Verification PCA
SW0009UFP,6188,C:\Windows\System32\ntdll.dll,a738424bab5e0547ebe1c0c255717a5a,true,true,The file is signed and the signature was verified.,Microsoft Windows,Microsoft Windows Verification PCA
SW0009UFP,3352,C:\Windows\System32\pnrpnsp.dll,041fbf767a598f3e9ea3b4ee3f789aa7,true,true,The file is signed and the signature was verified.,Microsoft Windows,Microsoft Windows Verification PCA
SW0009UFP,6188,C:\Windows\System32\wship6.dll,2a8e0e5ace2ebb678aaadff3e440b2eb,true,true,The file is signed and the signature was verified.,Microsoft Windows,Microsoft Windows Verification PCA
SW0009UFP,4976,C:\Windows\System32\cfgmgr32.dll,ee02837d35a006f9c093d52dd08ce531,true,true,The file is signed and the signature was verified.,Microsoft Windows,Microsoft Windows Verification PCA
SW0009UFP,1632,C:\Windows\System32\winnsi.dll,f1e31d6fd73c1e4c51652e166d6a8b3e,true,true,The file is signed and the signature was verified.,Microsoft Windows,Microsoft Windows Verification PCA
SW0009UFP,652,C:\Windows\System32\schannel.dll,4ffd897c52d33d0469c419256af8597f,true,true,The file is signed and the signature was verified.,Microsoft Windows,Microsoft Windows Verification PCA
SW0009UFP,524,C:\Windows\System32\en-US\KernelBase.dll.mui,4eeb141e832a3c9fb2751ae960569a47,true,true,The file is signed and the signature was verified.,Microsoft Windows,Microsoft Windows Verification PCA
SW0009UFP,6188,C:\Windows\Globalization\Sorting\SortDefault.nls,fcbe454fa581583f5505dec11c39a094,true,true,The file is signed and the signature was verified.,Microsoft Windows,Microsoft Windows Verification PCA
SW0009UFP,4380,C:\Windows\System32\sspicli.dll,53876ad434c027b10976eb280905ae40,true,true,The file is signed and the signature was verified.,Microsoft Windows,Microsoft Windows Verification PCA
SW0009UFP,4976,C:\Windows\System32\lpk.dll,36ba76f0222780d9ecaba6ef3989ac10,true,true,The file is signed and the signature was verified.,Microsoft Windows,Microsoft Windows Verification PCA
SW0009UFP,4476,C:\Windows\System32\ubpm.dll,8aa95567bf5eed37f3c16adaff22a2e2,true,true,The file is signed and the signature was verified.,Microsoft Windows,Microsoft Windows Verification PCA
SW0009UFP,6188,C:\Windows\System32\crypt32.dll,f7e636732fbfb9c1b48934551466ec62,true,true,The file is signed and the signature was verified.,Microsoft Windows,Microsoft Windows Verification PCA
SW0009UFP,5080,C:\Windows\System32\en-US\p2psvc.dll.mui,a9998c9d72f38d84ca2d5d3df99f6c46,true,true,The file is signed and the signature was verified.,Microsoft Windows,Microsoft Windows Verification PCA
SW0009UFP,5120,C:\Windows\System32\svchost.exe,d05d31d8209350ba7377bbab72899184,true,true,The file is signed and the signature was verified.,Microsoft Windows,Microsoft Windows Verification PCA
SW0009UFP,2812,C:\Windows\System32\ntmarta.dll,1572fcc2d2f0ae76bd2f01dd7fb2f9da,true,true,The file is signed and the signature was verified.,Microsoft Windows,Microsoft Windows Verification PCA
SW0009UFP,6452,C:\Windows\System32\svchost.exe,d05d31d8209350ba7377bbab72899184,true,true,The file is signed and the signature was verified.,Microsoft Windows,Microsoft Windows Verification PCA
SW0009UFP,3032,C:\Windows\System32\advapi32.dll,2a80cf03b255a9cb77a0ca1724010c7e,true,true,The file is signed and the signature was verified.,Microsoft Windows,Microsoft Windows Verification PCA
SW0009UFP,3352,C:\Windows\System32\ole32.dll,eba2411436aee6661fad2cba6344059a,true,true,The file is signed and the signature was verified.,Microsoft Windows,Microsoft Windows Verification PCA
SW0009UFP,524,C:\Windows\System32\locale.nls,bfb12d019b57473e3ba179e64f3f92c6,true,true,The file is signed and the signature was verified.,Microsoft Windows,Microsoft Windows Verification PCA
SW0009UFP,4540,C:\Windows\System32\winnsi.dll,f1e31d6fd73c1e4c51652e166d6a8b3e,true,true,The file is signed and the signature was verified.,Microsoft Windows,Microsoft Windows Verification PCA
SW0009UFP,3352,C:\Windows\System32\dhcpcsvc6.dll,2b06bc305190a004c94b92219bdb0296,true,true,The file is signed and the signature was verified.,Microsoft Windows,Microsoft Windows Verification PCA
SW0009UFP,6188,C:\Windows\System32\KernelBase.dll,9f96ece8ced2ff8cfbf5e8f4cd82c997,true,true,The file is signed and the signature was verified.,Microsoft Windows,Microsoft Windows Verification PCA
SW0009UFP,5120,C:\Windows\System32\gdi32.dll,d8897be023ad193cbf8da0ed2ce5eb5d,true,true,The file is signed and the signature was verified.,Microsoft Windows,Microsoft Windows Verification PCA
SW0009UFP,4476,C:\Windows\System32\lpk.dll,36ba76f0222780d9ecaba6ef3989ac10,true,true,The file is signed and the signature was verified.,Microsoft Windows,Microsoft Windows Verification PCA
SW0009UFP,4760,C:\Windows\System32\cryptsp.dll,3fde56bb753787ee9b733bf69e43c070,true,true,The file is signed and the signature was verified.,Microsoft Windows,Microsoft Windows Verification PCA
SW0009UFP,5120,C:\Windows\System32\authz.dll,d79136f0fc0dbe1fa092c53e404ac643,true,true,The file is signed and the signature was verified.,Microsoft Windows,Microsoft Windows Verification PCA
SW0009UFP,652,C:\Windows\System32\locale.nls,bfb12d019b57473e3ba179e64f3f92c6,true,true,The file is signed and the signature was verified.,Microsoft Windows,Microsoft Windows Verification PCA
SW0009UFP,5132,C:\Windows\System32\msxml6r.dll,46b94325d4e57569ac01e9d7e536983e,true,true,The file is signed and the signature was verified.,Microsoft Windows,Microsoft Windows Verification PCA
SW0009UFP,4380,C:\Windows\System32\netutils.dll,d946bce29c88a4cc3e78c50ceb903ce3,true,true,The file is signed and the signature was verified.,Microsoft Windows,Microsoft Windows Verification PCA
SW0009UFP,6188,C:\Windows\System32\p2psvc.dll,1f96db73a39774dae293ece213908ecc,true,true,The file is signed and the signature was verified.,Microsoft Windows,Microsoft Windows Verification PCA
SW0009UFP,2812,C:\Windows\System32\secur32.dll,0f5fe8dcc7a5317432dc05fb37dc5ebd,true,true,The file is signed and the signature was verified.,Microsoft Windows,Microsoft Windows Verification PCA
SW0009UFP,6188,C:\Windows\System32\sqmapi.dll,004f6040c8d0231959b5bcc0e3a83f99,true,true,The file is signed and the signature was verified.,Microsoft Windows,Microsoft Windows Verification PCA
SW0009UFP,1632,C:\Windows\System32\ncrypt.dll,dacbb23261b9ca00f0c7d6443a24767a,true,true,The file is signed and the signature was verified.,Microsoft Windows,Microsoft Windows Verification PCA
SW0009UFP,1108,C:\Windows\System32\gdi32.dll,d8897be023ad193cbf8da0ed2ce5eb5d,true,true,The file is signed and the signature was verified.,Microsoft Windows,Microsoft Windows Verification PCA
SW0009UFP,4540,C:\Windows\System32\shell32.dll,0d5db1de93ebb53acfaec4684ced4a83,true,true,The file is signed and the signature was verified.,Microsoft Windows,Microsoft Windows Verification PCA
SW0009UFP,4196,C:\Windows\Globalization\Sorting\SortDefault.nls,fcbe454fa581583f5505dec11c39a094,true,true,The file is signed and the signature was verified.,Microsoft Windows,Microsoft Windows Verification PCA
SW0009UFP,652,C:\Windows\System32\ssdpapi.dll,43a9f9ccc016bd506fbcecd0a844c6dd,true,true,The file is signed and the signature was verified.,Microsoft Windows,Microsoft Windows Verification PCA
SW0009UFP,2812,C:\Windows\System32\P2PGraph.dll,572e2082253e0bfea454374ebd0651bd,true,true,The file is signed and the signature was verified.,Microsoft Windows,Microsoft Windows Verification PCA
SW0009UFP,5132,C:\Windows\System32\ole32.dll,eba2411436aee6661fad2cba6344059a,true,true,The file is signed and the signature was verified.,Microsoft Windows,Microsoft Windows Verification PCA
SW0009UFP,1632,C:\Windows\System32\gpapi.dll,f7b9adffd6eb50f49884f2f9071ab4f4,true,true,The file is signed and the signature was verified.,Microsoft Windows,Microsoft Windows Verification PCA
SW0009UFP,4380,C:\Windows\System32\mpr.dll,c2a0b0d07e880991efed9376e036e62a,true,true,The file is signed and the signature was verified.,Microsoft Windows,Microsoft Windows Verification PCA
SW0009UFP,2812,C:\Windows\System32\ssdpapi.dll,43a9f9ccc016bd506fbcecd0a844c6dd,true,true,The file is signed and the signature was verified.,Microsoft Windows,Microsoft Windows Verification PCA
SW0009UFP,652,C:\Windows\System32\esent.dll,77859e419df63900d4f86ee801086fc2,true,true,The file is signed and the signature was verified.,Microsoft Windows,Microsoft Windows Verification PCA
SW0009UFP,2812,C:\Windows\System32\ole32.dll,eba2411436aee6661fad2cba6344059a,true,true,The file is signed and the signature was verified.,Microsoft Windows,Microsoft Windows Verification PCA
SW0009UFP,3032,C:\Windows\System32\uxtheme.dll,da8cf007d5a5857346d5316ec8693f79,true,true,The file is signed and the signature was verified.,Microsoft Windows,Microsoft Windows Verification PCA
SW0009UFP,5120,C:\Windows\System32\oleaut32.dll,496a79ecce776c3d64b435d4d1fefc77,true,true,The file is signed and the signature was verified.,Microsoft Windows,Microsoft Windows Verification PCA
SW0009UFP,6240,C:\Windows\system32\dllhost.exe,1b891b7e5871d5c8eb8d3b1acdee1522,false,false,,,
SW0009UFP,4380,C:\Windows\Globalization\Sorting\SortDefault.nls,fcbe454fa581583f5505dec11c39a094,true,true,The file is signed and the signature was verified.,Microsoft Windows,Microsoft Windows Verification PCA
SW0009UFP,524,C:\Windows\System32\drttransport.dll,9ba292071af380f1b4c23372a7860a81,true,true,The file is signed and the signature was verified.,Microsoft Windows,Microsoft Windows Verification PCA
SW0009UFP,3352,C:\Windows\System32\en-US\crypt32.dll.mui,05f2c3eb58c15a71f4e6b5bbea4077bf,true,true,The file is signed and the signature was verified.,Microsoft Windows,Microsoft Windows Verification PCA
SW0009UFP,6188,C:\Windows\System32\msctf.dll,a71086cec43ab4b4789e078775215579,true,true,The file is signed and the signature was verified.,Microsoft Windows,Microsoft Windows Verification PCA
SW0009UFP,4760,C:\Windows\System32\gpapi.dll,f7b9adffd6eb50f49884f2f9071ab4f4,true,true,The file is signed and the signature was verified.,Microsoft Windows,Microsoft Windows Verification PCA
SW0009UFP,1108,C:\Windows\System32\lpk.dll,36ba76f0222780d9ecaba6ef3989ac10,true,true,The file is signed and the signature was verified.,Microsoft Windows,Microsoft Windows Verification PCA
SW0009UFP,524,C:\Windows\System32\cryptsp.dll,3fde56bb753787ee9b733bf69e43c070,true,true,The file is signed and the signature was verified.,Microsoft Windows,Microsoft Windows Verification PCA
SW0009UFP,5080,C:\Windows\System32\secur32.dll,0f5fe8dcc7a5317432dc05fb37dc5ebd,true,true,The file is signed and the signature was verified.,Microsoft Windows,Microsoft Windows Verification PCA
SW0009UFP,5120,C:\Windows\System32\crypt32.dll,f7e636732fbfb9c1b48934551466ec62,true,true,The file is signed and the signature was verified.,Microsoft Windows,Microsoft Windows Verification PCA
SW0009UFP,1108,C:\Windows\System32\msvcrt.dll,1193d517468a6431eb8ded151c813299,true,true,The file is signed and the signature was verified.,Microsoft Windows,Microsoft Windows Verification PCA
SW0009UFP,652,C:\Windows\System32\P2PGraph.dll,572e2082253e0bfea454374ebd0651bd,true,true,The file is signed and the signature was verified.,Microsoft Windows,Microsoft Windows Verification PCA
SW0009UFP,2812,C:\Windows\System32\credssp.dll,366ba59a8dc00d7996c13573ec9bce3b,true,true,The file is signed and the signature was verified.,Microsoft Windows,Microsoft Windows Verification PCA
SW0009UFP,6188,C:\Windows\System32\apisetschema.dll,a9661db7d845c974fc379772cf9ecd64,true,true,The file is signed and the signature was verified.,Microsoft Windows,Microsoft Windows Verification PCA
SW0009UFP,2812,C:\Windows\System32\usp10.dll,e4eac22915a94a4c6be9f10fdf671858,true,true,The file is signed and the signature was verified.,Microsoft Windows,Microsoft Windows Verification PCA
SW0009UFP,1632,C:\Windows\System32\secur32.dll,0f5fe8dcc7a5317432dc05fb37dc5ebd,true,true,The file is signed and the signature was verified.,Microsoft Windows,Microsoft Windows Verification PCA
SW0009UFP,4540,C:\Windows\System32\sechost.dll,02c12c6782afc5df356a1e58fdf32d83,true,true,The file is signed and the signature was verified.,Microsoft Windows,Microsoft Windows Verification PCA
SW0009UFP,6188,C:\Windows\System32\drt.dll,f9a76398eb59a53748fb93dce0693b6d,true,true,The file is signed and the signature was verified.,Microsoft Windows,Microsoft Windows Verification PCA
SW0009UFP,2812,C:\Windows\System32\lpk.dll,36ba76f0222780d9ecaba6ef3989ac10,true,true,The file is signed and the signature was verified.,Microsoft Windows,Microsoft Windows Verification PCA
SW0009UFP,4964,C:\Windows\system32\Dwm.exe,c25688f6f0fdfdfba20627c421ab9c69,false,false,,,
SW0009UFP,524,C:\Windows\System32\imm32.dll,6c822015a4eb17dba3af845ece3cc6d6,true,true,The file is signed and the signature was verified.,Microsoft Windows,Microsoft Windows Verification PCA
SW0009UFP,652,C:\Windows\System32\pnrpnsp.dll,041fbf767a598f3e9ea3b4ee3f789aa7,true,true,The file is signed and the signature was verified.,Microsoft Windows,Microsoft Windows Verification PCA
SW0009UFP,4964,C:\Windows\System32\kernel32.dll,7e5863ad9704e556d9f657b7deeae645,true,true,The file is signed and the signature was verified.,Microsoft Windows,
SW0009UFP,5132,C:\Windows\System32\tcpmon.dll,e45ce4c2b5a125d2c354af9c1b8453a6,true,true,The file is signed and the signature was verified.,Microsoft Windows,Microsoft Windows Verification PCA
SW0009UFP,5120,C:\Windows\System32\en-US\svchost.exe.mui,d35adc095086f9aef68f260daa6e7d09,true,true,The file is signed and the signature was verified.,Microsoft Windows,Microsoft Windows Verification PCA
SW0009UFP,652,C:\Windows\System32\crypt32.dll,f7e636732fbfb9c1b48934551466ec62,true,true,The file is signed and the signature was verified.,Microsoft Windows,Microsoft Windows Verification PCA
SW0009UFP,3352,C:\Windows\System32\dhcpcsvc.dll,cf0532f33073b1b1b0d67f6575fd072b,true,true,The file is signed and the signature was verified.,Microsoft Windows,Microsoft Windows Verification PCA
SW0009UFP,5132,C:\Windows\System32\SPInf.dll,ad694a0b716483d567592d3621962180,true,true,The file is signed and the signature was verified.,Microsoft Windows,Microsoft Windows Verification PCA
SW0009UFP,4760,C:\Windows\System32\authz.dll,d79136f0fc0dbe1fa092c53e404ac643,true,true,The file is signed and the signature was verified.,Microsoft Windows,Microsoft Windows Verification PCA
SW0009UFP,5132,C:\Windows\System32\PrintIsolationProxy.dll,a4d7f94e7b329907cbb207800fa4e033,true,true,The file is signed and the signature was verified.,Microsoft Windows,Microsoft Windows Verification PCA
SW0009UFP,652,C:\Windows\System32\user32.dll,75fbd0e4652413cf2abe45e8d97c1eb6,true,true,The file is signed and the signature was verified.,Microsoft Windows,Microsoft Windows Verification PCA
SW0009UFP,652,C:\Windows\System32\dhcpcsvc.dll,cf0532f33073b1b1b0d67f6575fd072b,true,true,The file is signed and the signature was verified.,Microsoft Windows,Microsoft Windows Verification PCA
SW0009UFP,4540,C:\Windows\System32\userenv.dll,24d977f455c7ef76a736c77ad500cd55,true,true,The file is signed and the signature was verified.,Microsoft Windows,Microsoft Windows Verification PCA
SW0009UFP,5132,C:\Windows\System32\spool\prtprocs\x64\winprint.dll,2c194e817be6e299e54786d8b134e519,true,true,The file is signed and the signature was verified.,Microsoft Windows,Microsoft Windows Verification PCA
SW0009UFP,4760,C:\Windows\System32\dhcpcsvc.dll,cf0532f33073b1b1b0d67f6575fd072b,true,true,The file is signed and the signature was verified.,Microsoft Windows,Microsoft Windows Verification PCA
SW0009UFP,5080,C:\Windows\System32\schannel.dll,4ffd897c52d33d0469c419256af8597f,true,true,The file is signed and the signature was verified.,Microsoft Windows,Microsoft Windows Verification PCA
SW0009UFP,3507,C:\Windows\System32\WindowsPowerShell\v1.0\powershell.exe,b8978cb65a8bf088ea2bbb4e8af570cd,false,false,,,
SW0009UFP,3352,C:\Windows\System32\ntmarta.dll,1572fcc2d2f0ae76bd2f01dd7fb2f9da,true,true,The file is signed and the signature was verified.,Microsoft Windows,Microsoft Windows Verification PCA
SW0009UFP,5132,C:\Windows\System32\ntdll.dll,a738424bab5e0547ebe1c0c255717a5a,true,true,The file is signed and the signature was verified.,Microsoft Windows,Microsoft Windows Verification PCA
SW0009UFP,4516,C:\Windows\System32\nsi.dll,cce674a063d85efbd71058b14262cc8f,true,true,The file is signed and the signature was verified.,Microsoft Windows,Microsoft Windows Verification PCA
SW0009UFP,1108,C:\Windows\System32\ntmarta.dll,1572fcc2d2f0ae76bd2f01dd7fb2f9da,true,true,The file is signed and the signature was verified.,Microsoft Windows,Microsoft Windows Verification PCA
SW0009UFP,6188,C:\Windows\System32\gdi32.dll,d8897be023ad193cbf8da0ed2ce5eb5d,true,true,The file is signed and the signature was verified.,Microsoft Windows,Microsoft Windows Verification PCA
SW0009UFP,4760,C:\Windows\System32\oleaut32.dll,496a79ecce776c3d64b435d4d1fefc77,true,true,The file is signed and the signature was verified.,Microsoft Windows,Microsoft Windows Verification PCA
SW0009UFP,4976,C:\Windows\System32\dhcpcsvc6.dll,2b06bc305190a004c94b92219bdb0296,true,true,The file is signed and the signature was verified.,Microsoft Windows,Microsoft Windows Verification PCA
SW0009UFP,3032,C:\Windows\System32\kernel32.dll,7e5863ad9704e556d9f657b7deeae645,true,true,The file is signed and the signature was verified.,Microsoft Windows,Microsoft Windows Verification PCA
SW0009UFP,1108,C:\Windows\System32\nsi.dll,cce674a063d85efbd71058b14262cc8f,true,true,The file is signed and the signature was verified.,Microsoft Windows,Microsoft Windows Verification PCA
SW0009UFP,5080,C:\Windows\System32\slc.dll,ad13af22833469d235bb054b27206eb6,true,true,The file is signed and the signature was verified.,Microsoft Windows,Microsoft Windows Verification PCA
SW0009UFP,4476,C:\Windows\System32\KernelBase.dll,9f96ece8ced2ff8cfbf5e8f4cd82c997,true,true,The file is signed and the signature was verified.,Microsoft Windows,Microsoft Windows Verification PCA
SW0009UFP,1632,C:\Windows\System32\sspicli.dll,53876ad434c027b10976eb280905ae40,true,true,The file is signed and the signature was verified.,Microsoft Windows,Microsoft Windows Verification PCA
SW0009UFP,5132,C:\Windows\System32\msxml6.dll,2f80ea96fba7d734da95e64779e74609,true,true,The file is signed and the signature was verified.,Microsoft Windows,Microsoft Windows Verification PCA
SW0009UFP,524,C:\Windows\System32\gpapi.dll,f7b9adffd6eb50f49884f2f9071ab4f4,true,true,The file is signed and the signature was verified.,Microsoft Windows,Microsoft Windows Verification PCA
SW0009UFP,1632,C:\Windows\System32\RpcRtRemote.dll,1a8f76f530c5b082354aa8a1e2138364,true,true,The file is signed and the signature was verified.,Microsoft Windows,Microsoft Windows Verification PCA
SW0009UFP,4760,C:\Windows\System32\bcrypt.dll,57be7e1d03c4333534f5cea62f8d8901,true,true,The file is signed and the signature was verified.,Microsoft Windows,Microsoft Windows Verification PCA
SW0009UFP,1632,C:\Windows\System32\cryptnet.dll,97271f484a2103097e293439690485e0,true,true,The file is signed and the signature was verified.,Microsoft Windows,Microsoft Windows Verification PCA
SW0009UFP,1632,C:\Windows\System32\locale.nls,bfb12d019b57473e3ba179e64f3f92c6,true,true,The file is signed and the signature was verified.,Microsoft Windows,Microsoft Windows Verification PCA
SW0009UFP,3352,C:\Windows\System32\ws2_32.dll,f5d8aebd93befc0f4fe280fd3fcb2cc9,true,true,The file is signed and the signature was verified.,Microsoft Windows,Microsoft Windows Verification PCA
SW0009UFP,4516,C:\Windows\System32\en-US\KernelBase.dll.mui,4eeb141e832a3c9fb2751ae960569a47,true,true,The file is signed and the signature was verified.,Microsoft Windows,Microsoft Windows Verification PCA
SW0009UFP,325,C:\Users\pheobe.per52\AppData\Local\Programs\Opera\56.0.3051.52\opera.exe,47ca33c38c6950942916ed4c5c1e38d1,false,false,,,
SW0009UFP,1632,C:\Windows\System32\efslsaext.dll,8991f925086a8dad60261d7717e7f7cd,true,true,The file is signed and the signature was verified.,Microsoft Windows,Microsoft Windows Verification PCA
SW0009UFP,4476,C:\Windows\System32\wtsapi32.dll,10b135315a4632824d4af3edcbb6318d,true,true,The file is signed and the signature was verified.,Microsoft Windows,Microsoft Windows Verification PCA
SW0009UFP,4196,C:\Windows\System32\msvcrt.dll,1193d517468a6431eb8ded151c813299,true,true,The file is signed and the signature was verified.,Microsoft Windows,Microsoft Windows Verification PCA
SW0009UFP,3032,C:\Windows\winsxs\amd64_microsoft.windows.common-controls_6595b64144ccf1df_6.0.7601.17514_none_fa396087175ac9ac\comctl32.dll,932c0a3d7bfba269e6cdf00e472f226b,true,true,The file is signed and the signature was verified.,Microsoft Windows,Microsoft Windows Verification PCA
SW0009UFP,4976,C:\Windows\System32\winhttp.dll,584e37ba7e7ca6f27bb09533031c0dfc,true,true,The file is signed and the signature was verified.,Microsoft Windows,Microsoft Windows Verification PCA
SW0009UFP,4380,C:\Windows\System32\cryptsp.dll,3fde56bb753787ee9b733bf69e43c070,true,true,The file is signed and the signature was verified.,Microsoft Windows,Microsoft Windows Verification PCA
SW0009UFP,4476,C:\Windows\System32\kernel32.dll,7e5863ad9704e556d9f657b7deeae645,true,true,The file is signed and the signature was verified.,Microsoft Windows,Microsoft Windows Verification PCA
SW0009UFP,4976,C:\Windows\System32\locale.nls,bfb12d019b57473e3ba179e64f3f92c6,true,true,The file is signed and the signature was verified.,Microsoft Windows,Microsoft Windows Verification PCA
SW0009UFP,6452,C:\Windows\System32\ole32.dll,eba2411436aee6661fad2cba6344059a,true,true,The file is signed and the signature was verified.,Microsoft Windows,Microsoft Windows Verification PCA
SW0009UFP,5080,C:\Windows\System32\profapi.dll,88c6959992471311dd573ff5f7c0b77b,true,true,The file is signed and the signature was verified.,Microsoft Windows,Microsoft Windows Verification PCA
SW0009UFP,6452,C:\Windows\System32\dhcpcsvc.dll,cf0532f33073b1b1b0d67f6575fd072b,true,true,The file is signed and the signature was verified.,Microsoft Windows,Microsoft Windows Verification PCA
SW0009UFP,4976,C:\Windows\System32\gdi32.dll,d8897be023ad193cbf8da0ed2ce5eb5d,true,true,The file is signed and the signature was verified.,Microsoft Windows,Microsoft Windows Verification PCA
SW0009UFP,4964,C:\Windows\Globalization\Sorting\SortDefault.nls,fcbe454fa581583f5505dec11c39a094,true,true,The file is signed and the signature was verified.,Microsoft Windows,
SW0009UFP,5080,C:\Windows\System32\psapi.dll,d30279d102e0ad14e8f35576cc573c11,true,true,The file is signed and the signature was verified.,Microsoft Windows,Microsoft Windows Verification PCA
SW0009UFP,524,C:\Windows\System32\shlwapi.dll,4cc71cfff0bb2c1956bccafec72504c1,true,true,The file is signed and the signature was verified.,Microsoft Windows,Microsoft Windows Verification PCA
SW0009UFP,5120,C:\Windows\System32\ole32.dll,eba2411436aee6661fad2cba6344059a,true,true,The file is signed and the signature was verified.,Microsoft Windows,Microsoft Windows Verification PCA
SW0009UFP,4380,C:\Windows\System32\RpcRtRemote.dll,1a8f76f530c5b082354aa8a1e2138364,true,true,The file is signed and the signature was verified.,Microsoft Windows,Microsoft Windows Verification PCA
SW0009UFP,4476,C:\Windows\System32\gdi32.dll,d8897be023ad193cbf8da0ed2ce5eb5d,true,true,The file is signed and the signature was verified.,Microsoft Windows,Microsoft Windows Verification PCA
SW0009UFP,652,C:\Windows\System32\credssp.dll,366ba59a8dc00d7996c13573ec9bce3b,true,true,The file is signed and the signature was verified.,Microsoft Windows,Microsoft Windows Verification PCA
SW0009UFP,5080,C:\Windows\System32\pnrpsvc.dll,bd9dcaaa9c7588d4567434a29d1c33ba,true,true,The file is signed and the signature was verified.,Microsoft Windows,Microsoft Windows Verification PCA
SW0009UFP,6452,C:\Windows\System32\esent.dll,77859e419df63900d4f86ee801086fc2,true,true,The file is signed and the signature was verified.,Microsoft Windows,Microsoft Windows Verification PCA
SW0009UFP,3372,C:\Windows\System32\kernel32.dll,7e5863ad9704e556d9f657b7deeae645,true,true,The file is signed and the signature was verified.,Microsoft Windows,Microsoft Windows Verification PCA
SW0009UFP,3372,C:\Windows\System32\en-US\winsrv.dll.mui,0ff33d376f005fb0cf8183b9b6a446f9,true,true,The file is signed and the signature was verified.,Microsoft Windows,Microsoft Windows Verification PCA
SW0009UFP,3352,C:\Windows\System32\P2PGraph.dll,572e2082253e0bfea454374ebd0651bd,true,true,The file is signed and the signature was verified.,Microsoft Windows,Microsoft Windows Verification PCA
SW0009UFP,4380,C:\Windows\System32\KernelBase.dll,9f96ece8ced2ff8cfbf5e8f4cd82c997,true,true,The file is signed and the signature was verified.,Microsoft Windows,Microsoft Windows Verification PCA
SW0009UFP,524,C:\Windows\System32\pcwum.dll,ce1bc87e03ea4a2261024588f23f176e,true,true,The file is signed and the signature was verified.,Microsoft Windows,Microsoft Windows Verification PCA
SW0009UFP,3352,C:\Windows\System32\shlwapi.dll,4cc71cfff0bb2c1956bccafec72504c1,true,true,The file is signed and the signature was verified.,Microsoft Windows,Microsoft Windows Verification PCA
SW0009UFP,652,C:\Windows\System32\en-US\svchost.exe.mui,d35adc095086f9aef68f260daa6e7d09,true,true,The file is signed and the signature was verified.,Microsoft Windows,Microsoft Windows Verification PCA
SW0009UFP,5080,C:\Windows\System32\kernel32.dll,7e5863ad9704e556d9f657b7deeae645,true,true,The file is signed and the signature was verified.,Microsoft Windows,Microsoft Windows Verification PCA
SW0009UFP,5080,C:\Windows\Globalization\Sorting\SortDefault.nls,fcbe454fa581583f5505dec11c39a094,true,true,The file is signed and the signature was verified.,Microsoft Windows,Microsoft Windows Verification PCA
SW0009UFP,524,C:\Windows\System32\rpcrt4.dll,cdd2e1a90eadf692288679396407ac8f,true,true,The file is signed and the signature was verified.,Microsoft Windows,Microsoft Windows Verification PCA
SW0009UFP,3352,C:\Windows\System32\schannel.dll,4ffd897c52d33d0469c419256af8597f,true,true,The file is signed and the signature was verified.,Microsoft Windows,Microsoft Windows Verification PCA
SW0009UFP,4516,C:\Windows\System32\drt.dll,f9a76398eb59a53748fb93dce0693b6d,true,true,The file is signed and the signature was verified.,Microsoft Windows,Microsoft Windows Verification PCA
SW0009UFP,4476,C:\Windows\System32\authz.dll,d79136f0fc0dbe1fa092c53e404ac643,true,true,The file is signed and the signature was verified.,Microsoft Windows,Microsoft Windows Verification PCA
SW0009UFP,652,C:\Windows\System32\drttransport.dll,9ba292071af380f1b4c23372a7860a81,true,true,The file is signed and the signature was verified.,Microsoft Windows,Microsoft Windows Verification PCA
SW0009UFP,1632,C:\Windows\System32\en-US\crypt32.dll.mui,05f2c3eb58c15a71f4e6b5bbea4077bf,true,true,The file is signed and the signature was verified.,Microsoft Windows,Microsoft Windows Verification PCA
SW0009UFP,1180,C:\Windows\System32\apphelp.dll,472fb0fc550daa749aeaf30fbc550402,true,true,The file is signed and the signature was verified.,Microsoft Windows,Microsoft Windows Verification PCA
SW0009UFP,4516,C:\Windows\System32\msasn1.dll,a5992dbe21b3665be70ce2848f70519f,true,true,The file is signed and the signature was verified.,Microsoft Windows,Microsoft Windows Verification PCA
SW0009UFP,6188,C:\Windows\System32\ole32.dll,eba2411436aee6661fad2cba6344059a,true,true,The file is signed and the signature was verified.,Microsoft Windows,Microsoft Windows Verification PCA
SW0009UFP,5132,C:\Windows\System32\netprofm.dll,2b10984a0a107cb0f7d9d0ff70d169ee,true,true,The file is signed and the signature was verified.,Microsoft Windows,Microsoft Windows Verification PCA
SW0009UFP,3372,C:\Windows\Fonts\ega40850.fon,f63be156f8aadd62ca4203ddc6c674f6,true,true,The file is signed and the signature was verified.,Microsoft Windows,Microsoft Windows Verification PCA
SW0009UFP,4476,C:\Windows\System32\services.exe,e5d6b11878e11d52e86a65a896366841,true,true,The file is signed and the signature was verified.,Microsoft Windows,Microsoft Windows Verification PCA
SW0009UFP,3352,C:\Windows\System32\svchost.exe,d05d31d8209350ba7377bbab72899184,true,true,The file is signed and the signature was verified.,Microsoft Windows,Microsoft Windows Verification PCA
SW0009UFP,4516,C:\Windows\System32\KernelBase.dll,9f96ece8ced2ff8cfbf5e8f4cd82c997,true,true,The file is signed and the signature was verified.,Microsoft Windows,Microsoft Windows Verification PCA
SW0009UFP,4760,C:\Windows\System32\rpcrt4.dll,cdd2e1a90eadf692288679396407ac8f,true,true,The file is signed and the signature was verified.,Microsoft Windows,Microsoft Windows Verification PCA
SW0009UFP,4760,C:\Windows\System32\kernel32.dll,7e5863ad9704e556d9f657b7deeae645,true,true,The file is signed and the signature was verified.,Microsoft Windows,Microsoft Windows Verification PCA
SW0009UFP,5132,C:\Windows\System32\wship6.dll,2a8e0e5ace2ebb678aaadff3e440b2eb,true,true,The file is signed and the signature was verified.,Microsoft Windows,Microsoft Windows Verification PCA
SW0009UFP,3352,C:\Windows\System32\bcrypt.dll,57be7e1d03c4333534f5cea62f8d8901,true,true,The file is signed and the signature was verified.,Microsoft Windows,Microsoft Windows Verification PCA
SW0009UFP,4516,C:\Windows\System32\ntdll.dll,a738424bab5e0547ebe1c0c255717a5a,true,true,The file is signed and the signature was verified.,Microsoft Windows,Microsoft Windows Verification PCA
SW0009UFP,2812,C:\Windows\System32\wship6.dll,2a8e0e5ace2ebb678aaadff3e440b2eb,true,true,The file is signed and the signature was verified.,Microsoft Windows,Microsoft Windows Verification PCA
SW0009UFP,3352,C:\Windows\System32\shell32.dll,0d5db1de93ebb53acfaec4684ced4a83,true,true,The file is signed and the signature was verified.,Microsoft Windows,Microsoft Windows Verification PCA
SW0009UFP,5120,C:\Windows\System32\rasadhlp.dll,a54eb74d4ffb70d995b5ee6a6a41df32,true,true,The file is signed and the signature was verified.,Microsoft Windows,Microsoft Windows Verification PCA
SW0009UFP,1108,C:\Windows\System32\secur32.dll,0f5fe8dcc7a5317432dc05fb37dc5ebd,true,true,The file is signed and the signature was verified.,Microsoft Windows,Microsoft Windows Verification PCA
SW0009UFP,5640,C:\Windows\Globalization\Sorting\SortDefault.nls,fcbe454fa581583f5505dec11c39a094,true,true,The file is signed and the signature was verified.,Microsoft Windows,Microsoft Windows Verification PCA
SW0009UFP,2812,C:\Windows\System32\imm32.dll,6c822015a4eb17dba3af845ece3cc6d6,true,true,The file is signed and the signature was verified.,Microsoft Windows,Microsoft Windows Verification PCA
SW0009UFP,1108,C:\Windows\System32\credssp.dll,366ba59a8dc00d7996c13573ec9bce3b,true,true,The file is signed and the signature was verified.,Microsoft Windows,Microsoft Windows Verification PCA
SW0009UFP,5132,C:\Windows\System32\sechost.dll,02c12c6782afc5df356a1e58fdf32d83,true,true,The file is signed and the signature was verified.,Microsoft Windows,Microsoft Windows Verification PCA
SW0009UFP,4196,C:\Windows\System32\user32.dll,75fbd0e4652413cf2abe45e8d97c1eb6,true,true,The file is signed and the signature was verified.,Microsoft Windows,Microsoft Windows Verification PCA
SW0009UFP,4540,C:\Windows\System32\en-US\p2psvc.dll.mui,a9998c9d72f38d84ca2d5d3df99f6c46,true,true,The file is signed and the signature was verified.,Microsoft Windows,Microsoft Windows Verification PCA
SW0009UFP,6452,C:\Windows\System32\ws2_32.dll,f5d8aebd93befc0f4fe280fd3fcb2cc9,true,true,The file is signed and the signature was verified.,Microsoft Windows,Microsoft Windows Verification PCA
SW0009UFP,524,C:\Windows\System32\P2PGraph.dll,572e2082253e0bfea454374ebd0651bd,true,true,The file is signed and the signature was verified.,Microsoft Windows,Microsoft Windows Verification PCA
SW0009UFP,1632,C:\Windows\System32\ws2_32.dll,f5d8aebd93befc0f4fe280fd3fcb2cc9,true,true,The file is signed and the signature was verified.,Microsoft Windows,Microsoft Windows Verification PCA
SW0009UFP,4486,C:\Program Files (x86)\Panda Security\Panda Security Protection\PSUAMain.exe,2ff7d5c505151bddf60d1daf2dc69bff,false,false,,,
SW0009UFP,4964,CertificateIssuer,83cb5c26f93572b732d4b553d8300be2,,true,true,The file is signed and the signature was verified.,
SW0009UFP,2812,C:\Windows\System32\oleaut32.dll,496a79ecce776c3d64b435d4d1fefc77,true,true,The file is signed and the signature was verified.,Microsoft Windows,Microsoft Windows Verification PCA
SW0009UFP,4516,C:\Windows\System32\winnsi.dll,f1e31d6fd73c1e4c51652e166d6a8b3e,true,true,The file is signed and the signature was verified.,Microsoft Windows,Microsoft Windows Verification PCA
SW0009UFP,524,C:\Windows\System32\msasn1.dll,a5992dbe21b3665be70ce2848f70519f,true,true,The file is signed and the signature was verified.,Microsoft Windows,Microsoft Windows Verification PCA
SW0009UFP,4516,C:\Windows\System32\locale.nls,bfb12d019b57473e3ba179e64f3f92c6,true,true,The file is signed and the signature was verified.,Microsoft Windows,Microsoft Windows Verification PCA
SW0009UFP,5132,C:\Windows\System32\wintrust.dll,a56a515db0d9e49cfd83fccd5c5ff0c4,true,true,The file is signed and the signature was verified.,Microsoft Windows,Microsoft Windows Verification PCA
SW0009UFP,1180,C:\Windows\System32\en-US\cmd.exe.mui,b1a212c7dd276f1e787c94162593c6e0,true,true,The file is signed and the signature was verified.,Microsoft Windows,Microsoft Windows Verification PCA
SW0009UFP,1632,C:\Windows\System32\cryptdll.dll,53d9f82840859b46162b256b83846a54,true,true,The file is signed and the signature was verified.,Microsoft Windows,Microsoft Windows Verification PCA
SW0009UFP,1108,C:\Windows\System32\rsaenh.dll,a98835320a961e39e3f3b7c1363b9b1b,true,true,The file is signed and the signature was verified.,Microsoft Windows,Microsoft Windows Verification PCA
SW0009UFP,652,C:\Windows\System32\secur32.dll,0f5fe8dcc7a5317432dc05fb37dc5ebd,true,true,The file is signed and the signature was verified.,Microsoft Windows,Microsoft Windows Verification PCA
SW0009UFP,1632,C:\Windows\System32\lpk.dll,36ba76f0222780d9ecaba6ef3989ac10,true,true,The file is signed and the signature was verified.,Microsoft Windows,Microsoft Windows Verification PCA
SW0009UFP,4976,C:\Windows\System32\ws2_32.dll,f5d8aebd93befc0f4fe280fd3fcb2cc9,true,true,The file is signed and the signature was verified.,Microsoft Windows,Microsoft Windows Verification PCA
SW0009UFP,4760,C:\Windows\System32\winnsi.dll,f1e31d6fd73c1e4c51652e166d6a8b3e,true,true,The file is signed and the signature was verified.,Microsoft Windows,Microsoft Windows Verification PCA
SW0009UFP,4540,C:\Windows\System32\imm32.dll,6c822015a4eb17dba3af845ece3cc6d6,true,true,The file is signed and the signature was verified.,Microsoft Windows,Microsoft Windows Verification PCA
SW0009UFP,5640,C:\Windows\System32\KernelBase.dll,9f96ece8ced2ff8cfbf5e8f4cd82c997,true,true,The file is signed and the signature was verified.,Microsoft Windows,Microsoft Windows Verification PCA
SW0009UFP,6188,C:\Windows\System32\cryptsp.dll,3fde56bb753787ee9b733bf69e43c070,true,true,The file is signed and the signature was verified.,Microsoft Windows,Microsoft Windows Verification PCA
SW0009UFP,4380,C:\Windows\System32\UXInit.dll,d1f34527e5a95e1e4a2eafb257187a2c,true,true,The file is signed and the signature was verified.,Microsoft Windows,Microsoft Windows Verification PCA
SW0009UFP,3372,C:\Windows\Fonts\sserife.fon,08b27a7e392d242e8914e9b58ca01467,true,true,The file is signed and the signature was verified.,Microsoft Windows,Microsoft Windows Verification PCA
SW0009UFP,4760,C:\Windows\System32\IPHLPAPI.DLL,1d0c6caa79a10b365b1b93908c4596f8,true,true,The file is signed and the signature was verified.,Microsoft Windows,Microsoft Windows Verification PCA
SW0009UFP,5120,C:\Windows\System32\p2psvc.dll,1f96db73a39774dae293ece213908ecc,true,true,The file is signed and the signature was verified.,Microsoft Windows,Microsoft Windows Verification PCA
SW0009UFP,524,C:\Windows\System32\clbcatq.dll,1c755b0f7239ea78000ea929b3333aa3,true,true,The file is signed and the signature was verified.,Microsoft Windows,Microsoft Windows Verification PCA
SW0009UFP,6452,C:\Windows\System32\usp10.dll,e4eac22915a94a4c6be9f10fdf671858,true,true,The file is signed and the signature was verified.,Microsoft Windows,Microsoft Windows Verification PCA
SW0009UFP,4628,C:\Program Files\Microsoft Office\root\Office16\WINWORD.EXE,3dc5e29fa39447fad1cd64b46411a76f,false,false,,,
SW0009UFP,2812,C:\Windows\System32\cryptsp.dll,3fde56bb753787ee9b733bf69e43c070,true,true,The file is signed and the signature was verified.,Microsoft Windows,Microsoft Windows Verification PCA
SW0009UFP,4476,C:\Windows\System32\profapi.dll,88c6959992471311dd573ff5f7c0b77b,true,true,The file is signed and the signature was verified.,Microsoft Windows,Microsoft Windows Verification PCA
SW0009UFP,6188,C:\Windows\System32\locale.nls,bfb12d019b57473e3ba179e64f3f92c6,true,true,The file is signed and the signature was verified.,Microsoft Windows,Microsoft Windows Verification PCA
SW0009UFP,4516,C:\Windows\System32\ncrypt.dll,dacbb23261b9ca00f0c7d6443a24767a,true,true,The file is signed and the signature was verified.,Microsoft Windows,Microsoft Windows Verification PCA
SW0009UFP,4476,C:\Windows\System32\en-US\services.exe.mui,6c2a1d4e7d043bde7b6bbf355afb188c,true,true,The file is signed and the signature was verified.,Microsoft Windows,Microsoft Windows Verification PCA
SW0009UFP,4476,C:\Windows\System32\apisetschema.dll,a9661db7d845c974fc379772cf9ecd64,true,true,The file is signed and the signature was verified.,Microsoft Windows,Microsoft Windows Verification PCA
SW0009UFP,3352,C:\Windows\System32\user32.dll,75fbd0e4652413cf2abe45e8d97c1eb6,true,true,The file is signed and the signature was verified.,Microsoft Windows,Microsoft Windows Verification PCA
SW0009UFP,3372,C:\Windows\System32\rpcrt4.dll,cdd2e1a90eadf692288679396407ac8f,true,true,The file is signed and the signature was verified.,Microsoft Windows,Microsoft Windows Verification PCA
SW0009UFP,6188,C:\Windows\System32\psapi.dll,d30279d102e0ad14e8f35576cc573c11,true,true,The file is signed and the signature was verified.,Microsoft Windows,Microsoft Windows Verification PCA
SW0009UFP,5120,C:\Windows\System32\KernelBase.dll,9f96ece8ced2ff8cfbf5e8f4cd82c997,true,true,The file is signed and the signature was verified.,Microsoft Windows,Microsoft Windows Verification PCA
SW0009UFP,5080,C:\Windows\System32\msvcrt.dll,1193d517468a6431eb8ded151c813299,true,true,The file is signed and the signature was verified.,Microsoft Windows,Microsoft Windows Verification PCA
SW0009UFP,1632,C:\Windows\System32\IPHLPAPI.DLL,1d0c6caa79a10b365b1b93908c4596f8,true,true,The file is signed and the signature was verified.,Microsoft Windows,Microsoft Windows Verification PCA
SW0009UFP,4760,C:\Windows\System32\secur32.dll,0f5fe8dcc7a5317432dc05fb37dc5ebd,true,true,The file is signed and the signature was verified.,Microsoft Windows,Microsoft Windows Verification PCA
SW0009UFP,1180,C:\Windows\System32\msctf.dll,a71086cec43ab4b4789e078775215579,true,true,The file is signed and the signature was verified.,Microsoft Windows,Microsoft Windows Verification PCA
SW0009UFP,4540,C:\Windows\Globalization\Sorting\SortDefault.nls,fcbe454fa581583f5505dec11c39a094,true,true,The file is signed and the signature was verified.,Microsoft Windows,Microsoft Windows Verification PCA
SW0009UFP,652,C:\Windows\System32\RpcRtRemote.dll,1a8f76f530c5b082354aa8a1e2138364,true,true,The file is signed and the signature was verified.,Microsoft Windows,Microsoft Windows Verification PCA
SW0009UFP,1108,C:\Windows\System32\schannel.dll,4ffd897c52d33d0469c419256af8597f,true,true,The file is signed and the signature was verified.,Microsoft Windows,Microsoft Windows Verification PCA
SW0009UFP,4516,C:\Windows\System32\secur32.dll,0f5fe8dcc7a5317432dc05fb37dc5ebd,true,true,The file is signed and the signature was verified.,Microsoft Windows,Microsoft Windows Verification PCA
SW0009UFP,5640,C:\Windows\System32\apisetschema.dll,a9661db7d845c974fc379772cf9ecd64,true,true,The file is signed and the signature was verified.,Microsoft Windows,Microsoft Windows Verification PCA
SW0009UFP,3352,C:\Windows\System32\en-US\svchost.exe.mui,d35adc095086f9aef68f260daa6e7d09,true,true,The file is signed and the signature was verified.,Microsoft Windows,Microsoft Windows Verification PCA
SW0009UFP,904,C:\Windows\System32\wbem\WMIC.exe\WMIC.exe,bd53da6e4716ffdb219428df64c13940,false,false,,,
SW0009UFP,3372,C:\Windows\System32\basesrv.dll,88eb12ff6d55f356fbdef53e5f8f903d,true,true,The file is signed and the signature was verified.,Microsoft Windows,Microsoft Windows Verification PCA
SW0009UFP,652,C:\Windows\System32\ws2_32.dll,f5d8aebd93befc0f4fe280fd3fcb2cc9,true,true,The file is signed and the signature was verified.,Microsoft Windows,Microsoft Windows Verification PCA
SW0009UFP,1632,C:\Windows\System32\wkscli.dll,35b427353c2e6ce1e11933dd7456f2c4,true,true,The file is signed and the signature was verified.,Microsoft Windows,Microsoft Windows Verification PCA
SW0009UFP,652,C:\Windows\System32\bcrypt.dll,57be7e1d03c4333534f5cea62f8d8901,true,true,The file is signed and the signature was verified.,Microsoft Windows,Microsoft Windows Verification PCA
SW0009UFP,1108,C:\Windows\System32\en-US\KernelBase.dll.mui,4eeb141e832a3c9fb2751ae960569a47,true,true,The file is signed and the signature was verified.,Microsoft Windows,Microsoft Windows Verification PCA
SW0009UFP,1108,C:\Windows\System32\drttransport.dll,9ba292071af380f1b4c23372a7860a81,true,true,The file is signed and the signature was verified.,Microsoft Windows,Microsoft Windows Verification PCA
SW0009UFP,3372,C:\Windows\System32\csrsrv.dll,717377a4c28a4ff5369cfcf49fdd665f,true,true,The file is signed and the signature was verified.,Microsoft Windows,Microsoft Windows Verification PCA
SW0009UFP,5080,C:\Windows\System32\sqmapi.dll,004f6040c8d0231959b5bcc0e3a83f99,true,true,The file is signed and the signature was verified.,Microsoft Windows,Microsoft Windows Verification PCA
SW0009UFP,5132,C:\Windows\System32\win32spl.dll,4c5f07e970c260cc7fba4e65d99a620a,true,true,The file is signed and the signature was verified.,Microsoft Windows,Microsoft Windows Verification PCA
SW0009UFP,1108,C:\Windows\System32\rpcrt4.dll,cdd2e1a90eadf692288679396407ac8f,true,true,The file is signed and the signature was verified.,Microsoft Windows,Microsoft Windows Verification PCA
SW0009UFP,3032,C:\Windows\System32\ntdll.dll,a738424bab5e0547ebe1c0c255717a5a,true,true,The file is signed and the signature was verified.,Microsoft Windows,Microsoft Windows Verification PCA
SW0009UFP,4540,C:\Windows\System32\shlwapi.dll,4cc71cfff0bb2c1956bccafec72504c1,true,true,The file is signed and the signature was verified.,Microsoft Windows,Microsoft Windows Verification PCA
SW0009UFP,6188,C:\Windows\System32\sechost.dll,02c12c6782afc5df356a1e58fdf32d83,true,true,The file is signed and the signature was verified.,Microsoft Windows,Microsoft Windows Verification PCA
SW0009UFP,5132,C:\Windows\System32\winspool.drv,670b60f44540cb59b6f507a8271cf3e0,true,true,The file is signed and the signature was verified.,Microsoft Windows,Microsoft Windows Verification PCA
SW0009UFP,4760,C:\Windows\System32\sqmapi.dll,004f6040c8d0231959b5bcc0e3a83f99,true,true,The file is signed and the signature was verified.,Microsoft Windows,Microsoft Windows Verification PCA
SW0009UFP,1180,C:\Windows\System32\apisetschema.dll,a9661db7d845c974fc379772cf9ecd64,true,true,The file is signed and the signature was verified.,Microsoft Windows,Microsoft Windows Verification PCA
SW0009UFP,4516,C:\Windows\System32\en-US\svchost.exe.mui,d35adc095086f9aef68f260daa6e7d09,true,true,The file is signed and the signature was verified.,Microsoft Windows,Microsoft Windows Verification PCA
SW0009UFP,5120,C:\Windows\System32\ntmarta.dll,1572fcc2d2f0ae76bd2f01dd7fb2f9da,true,true,The file is signed and the signature was verified.,Microsoft Windows,Microsoft Windows Verification PCA
SW0009UFP,4760,C:\Windows\System32\profapi.dll,88c6959992471311dd573ff5f7c0b77b,true,true,The file is signed and the signature was verified.,Microsoft Windows,Microsoft Windows Verification PCA
SW0009UFP,5640,C:\Windows\System32\wmsgapi.dll,bfb7690df94351df1b74d4fe89baf088,true,true,The file is signed and the signature was verified.,Microsoft Windows,Microsoft Windows Verification PCA
SW0009UFP,5132,C:\Windows\System32\inetpp.dll,2835c26092310403bdb766ee8f4f4a25,true,true,The file is signed and the signature was verified.,Microsoft Windows,Microsoft Windows Verification PCA
SW0009UFP,4540,C:\Windows\System32\gpapi.dll,f7b9adffd6eb50f49884f2f9071ab4f4,true,true,The file is signed and the signature was verified.,Microsoft Windows,Microsoft Windows Verification PCA
SW0009UFP,5120,C:\Windows\System32\mswsock.dll,8e00394657e9c1b2e96b563fe9376a43,true,true,The file is signed and the signature was verified.,Microsoft Windows,Microsoft Windows Verification PCA
SW0009UFP,5080,C:\Windows\System32\bcrypt.dll,57be7e1d03c4333534f5cea62f8d8901,true,true,The file is signed and the signature was verified.,Microsoft Windows,Microsoft Windows Verification PCA
SW0009UFP,5120,C:\Windows\System32\cryptbase.dll,1aba09c7adbb276a315376d2ba90c532,true,true,The file is signed and the signature was verified.,Microsoft Windows,Microsoft Windows Verification PCA
SW0009UFP,4540,C:\Windows\System32\clbcatq.dll,1c755b0f7239ea78000ea929b3333aa3,true,true,The file is signed and the signature was verified.,Microsoft Windows,Microsoft Windows Verification PCA
SW0009UFP,4976,C:\Windows\System32\bcrypt.dll,57be7e1d03c4333534f5cea62f8d8901,true,true,The file is signed and the signature was verified.,Microsoft Windows,Microsoft Windows Verification PCA
SW0009UFP,3372,C:\Windows\Fonts\arialbd.ttf,9c4cba3bc4a0079e522ea5d88176e7de,true,true,The file is signed and the signature was verified.,Microsoft Windows,Microsoft Windows Verification PCA
SW0009UFP,1632,C:\Windows\System32\nsi.dll,cce674a063d85efbd71058b14262cc8f,true,true,The file is signed and the signature was verified.,Microsoft Windows,Microsoft Windows Verification PCA
SW0009UFP,4976,C:\Windows\System32\version.dll,ab1f4bf09ab3cf36307fa1866bf97218,true,true,The file is signed and the signature was verified.,Microsoft Windows,Microsoft Windows Verification PCA
SW0009UFP,6188,C:\Windows\System32\en-US\p2psvc.dll.mui,a9998c9d72f38d84ca2d5d3df99f6c46,true,true,The file is signed and the signature was verified.,Microsoft Windows,Microsoft Windows Verification PCA
SW0009UFP,5120,C:\Windows\System32\pnrpnsp.dll,041fbf767a598f3e9ea3b4ee3f789aa7,true,true,The file is signed and the signature was verified.,Microsoft Windows,Microsoft Windows Verification PCA
SW0009UFP,4540,C:\Windows\System32\cryptsp.dll,3fde56bb753787ee9b733bf69e43c070,true,true,The file is signed and the signature was verified.,Microsoft Windows,Microsoft Windows Verification PCA
SW0009UFP,1632,C:\Windows\System32\lsass.exe,a22d7a04e7a38a88242db4f1d0050c45,true,true,The file is signed and the signature was verified.,Microsoft Windows,Microsoft Windows Verification PCA
SW0009UFP,3352,C:\Windows\System32\msctf.dll,a71086cec43ab4b4789e078775215579,true,true,The file is signed and the signature was verified.,Microsoft Windows,Microsoft Windows Verification PCA
SW0009UFP,5132,C:\Windows\System32\localspl.dll,d74a16a7e9395ad6ac04988d3c9fc49b,true,true,The file is signed and the signature was verified.,Microsoft Windows,Microsoft Windows Verification PCA
SW0009UFP,4516,C:\Windows\System32\IPHLPAPI.DLL,1d0c6caa79a10b365b1b93908c4596f8,true,true,The file is signed and the signature was verified.,Microsoft Windows,Microsoft Windows Verification PCA
SW0009UFP,524,C:\Windows\System32\ole32.dll,eba2411436aee6661fad2cba6344059a,true,true,The file is signed and the signature was verified.,Microsoft Windows,Microsoft Windows Verification PCA
SW0009UFP,5640,C:\Windows\System32\lsm.exe,dee26ccc851fac33d84dc0a87984ed16,true,true,The file is signed and the signature was verified.,Microsoft Windows,Microsoft Windows Verification PCA
SW0009UFP,6452,C:\Windows\System32\cryptsp.dll,3fde56bb753787ee9b733bf69e43c070,true,true,The file is signed and the signature was verified.,Microsoft Windows,Microsoft Windows Verification PCA
SW0009UFP,524,C:\Windows\System32\crypt32.dll,f7e636732fbfb9c1b48934551466ec62,true,true,The file is signed and the signature was verified.,Microsoft Windows,Microsoft Windows Verification PCA
SW0009UFP,2812,C:\Windows\System32\userenv.dll,24d977f455c7ef76a736c77ad500cd55,true,true,The file is signed and the signature was verified.,Microsoft Windows,Microsoft Windows Verification PCA
SW0009UFP,2812,C:\Windows\System32\xmllite.dll,b791cf72a2e7af34f126a9d94b893e4c,true,true,The file is signed and the signature was verified.,Microsoft Windows,Microsoft Windows Verification PCA
SW0009UFP,4196,C:\Windows\System32\secur32.dll,0f5fe8dcc7a5317432dc05fb37dc5ebd,true,true,The file is signed and the signature was verified.,Microsoft Windows,Microsoft Windows Verification PCA
SW0009UFP,4760,C:\Windows\System32\xmllite.dll,b791cf72a2e7af34f126a9d94b893e4c,true,true,The file is signed and the signature was verified.,Microsoft Windows,Microsoft Windows Verification PCA
SW0009UFP,4976,C:\Windows\System32\SensApi.dll,fc4103b443099f0be2549cae22e33904,true,true,The file is signed and the signature was verified.,Microsoft Windows,Microsoft Windows Verification PCA
SW0009UFP,4760,C:\Windows\System32\slc.dll,ad13af22833469d235bb054b27206eb6,true,true,The file is signed and the signature was verified.,Microsoft Windows,Microsoft Windows Verification PCA
SW0009UFP,4476,C:\Windows\System32\WSHTCPIP.DLL,ffe36ce3099c7fea4d0ec38eb79f42c3,true,true,The file is signed and the signature was verified.,Microsoft Windows,Microsoft Windows Verification PCA
SW0009UFP,5080,C:\Windows\System32\ws2_32.dll,f5d8aebd93befc0f4fe280fd3fcb2cc9,true,true,The file is signed and the signature was verified.,Microsoft Windows,Microsoft Windows Verification PCA
SW0009UFP,4976,C:\Windows\System32\imm32.dll,6c822015a4eb17dba3af845ece3cc6d6,true,true,The file is signed and the signature was verified.,Microsoft Windows,Microsoft Windows Verification PCA
SW0009UFP,6452,C:\Windows\System32\userenv.dll,24d977f455c7ef76a736c77ad500cd55,true,true,The file is signed and the signature was verified.,Microsoft Windows,Microsoft Windows Verification PCA
SW0009UFP,3032,C:\Windows\System32\msctf.dll,a71086cec43ab4b4789e078775215579,true,true,The file is signed and the signature was verified.,Microsoft Windows,Microsoft Windows Verification PCA
SW0009UFP,2812,C:\Windows\System32\cryptbase.dll,1aba09c7adbb276a315376d2ba90c532,true,true,The file is signed and the signature was verified.,Microsoft Windows,Microsoft Windows Verification PCA
SW0009UFP,5080,C:\Windows\System32\cryptsp.dll,3fde56bb753787ee9b733bf69e43c070,true,true,The file is signed and the signature was verified.,Microsoft Windows,Microsoft Windows Verification PCA
SW0009UFP,2812,C:\Windows\System32\bcrypt.dll,57be7e1d03c4333534f5cea62f8d8901,true,true,The file is signed and the signature was verified.,Microsoft Windows,Microsoft Windows Verification PCA
SW0009UFP,1108,C:\Windows\System32\dhcpcsvc.dll,cf0532f33073b1b1b0d67f6575fd072b,true,true,The file is signed and the signature was verified.,Microsoft Windows,Microsoft Windows Verification PCA
SW0009UFP,5080,C:\Windows\System32\nsi.dll,cce674a063d85efbd71058b14262cc8f,true,true,The file is signed and the signature was verified.,Microsoft Windows,Microsoft Windows Verification PCA
SW0009UFP,524,C:\Windows\System32\RpcRtRemote.dll,1a8f76f530c5b082354aa8a1e2138364,true,true,The file is signed and the signature was verified.,Microsoft Windows,Microsoft Windows Verification PCA
SW0009UFP,5132,C:\Windows\System32\en-US\inetpp.dll.mui,b0a5a13ff63f07a0f2b424318a05a7dc,true,true,The file is signed and the signature was verified.,Microsoft Windows,Microsoft Windows Verification PCA
SW0009UFP,2812,C:\Windows\System32\en-US\crypt32.dll.mui,05f2c3eb58c15a71f4e6b5bbea4077bf,true,true,The file is signed and the signature was verified.,Microsoft Windows,Microsoft Windows Verification PCA
SW0009UFP,3352,C:\Windows\System32\kernel32.dll,7e5863ad9704e556d9f657b7deeae645,true,true,The file is signed and the signature was verified.,Microsoft Windows,Microsoft Windows Verification PCA
SW0009UFP,4516,C:\Windows\System32\cryptbase.dll,1aba09c7adbb276a315376d2ba90c532,true,true,The file is signed and the signature was verified.,Microsoft Windows,Microsoft Windows Verification PCA
SW0009UFP,3352,C:\Windows\System32\winnsi.dll,f1e31d6fd73c1e4c51652e166d6a8b3e,true,true,The file is signed and the signature was verified.,Microsoft Windows,Microsoft Windows Verification PCA
SW0009UFP,4540,C:\Windows\System32\ole32.dll,eba2411436aee6661fad2cba6344059a,true,true,The file is signed and the signature was verified.,Microsoft Windows,Microsoft Windows Verification PCA
SW0009UFP,4976,C:\Windows\System32\msvcrt.dll,1193d517468a6431eb8ded151c813299,true,true,The file is signed and the signature was verified.,Microsoft Windows,Microsoft Windows Verification PCA
SW0009UFP,3352,C:\Windows\System32\clbcatq.dll,1c755b0f7239ea78000ea929b3333aa3,true,true,The file is signed and the signature was verified.,Microsoft Windows,Microsoft Windows Verification PCA
SW0009UFP,5132,C:\Windows\System32\WSDMon.dll,edf20e8001a798b5a4983394332e01f8,true,true,The file is signed and the signature was verified.,Microsoft Windows,Microsoft Windows Verification PCA
SW0009UFP,3352,C:\Windows\System32\slc.dll,ad13af22833469d235bb054b27206eb6,true,true,The file is signed and the signature was verified.,Microsoft Windows,Microsoft Windows Verification PCA
SW0009UFP,5120,C:\Windows\System32\en-US\crypt32.dll.mui,05f2c3eb58c15a71f4e6b5bbea4077bf,true,true,The file is signed and the signature was verified.,Microsoft Windows,Microsoft Windows Verification PCA
SW0009UFP,3352,C:\Windows\System32\userenv.dll,24d977f455c7ef76a736c77ad500cd55,true,true,The file is signed and the signature was verified.,Microsoft Windows,Microsoft Windows Verification PCA
SW0009UFP,4760,C:\Windows\System32\dhcpcsvc6.dll,2b06bc305190a004c94b92219bdb0296,true,true,The file is signed and the signature was verified.,Microsoft Windows,Microsoft Windows Verification PCA
SW0009UFP,4516,C:\Windows\System32\rsaenh.dll,a98835320a961e39e3f3b7c1363b9b1b,true,true,The file is signed and the signature was verified.,Microsoft Windows,Microsoft Windows Verification PCA
SW0009UFP,1632,C:\Windows\System32\KernelBase.dll,9f96ece8ced2ff8cfbf5e8f4cd82c997,true,true,The file is signed and the signature was verified.,Microsoft Windows,Microsoft Windows Verification PCA
SW0009UFP,5080,C:\Windows\System32\clbcatq.dll,1c755b0f7239ea78000ea929b3333aa3,true,true,The file is signed and the signature was verified.,Microsoft Windows,Microsoft Windows Verification PCA
SW0009UFP,3352,C:\Windows\System32\ssdpapi.dll,43a9f9ccc016bd506fbcecd0a844c6dd,true,true,The file is signed and the signature was verified.,Microsoft Windows,Microsoft Windows Verification PCA
SW0009UFP,524,C:\Windows\System32\en-US\svchost.exe.mui,d35adc095086f9aef68f260daa6e7d09,true,true,The file is signed and the signature was verified.,Microsoft Windows,Microsoft Windows Verification PCA
SW0009UFP,524,C:\Windows\System32\dhcpcsvc.dll,cf0532f33073b1b1b0d67f6575fd072b,true,true,The file is signed and the signature was verified.,Microsoft Windows,Microsoft Windows Verification PCA
SW0009UFP,6452,C:\Windows\System32\imm32.dll,6c822015a4eb17dba3af845ece3cc6d6,true,true,The file is signed and the signature was verified.,Microsoft Windows,Microsoft Windows Verification PCA
SW0009UFP,2812,C:\Windows\System32\sspicli.dll,53876ad434c027b10976eb280905ae40,true,true,The file is signed and the signature was verified.,Microsoft Windows,Microsoft Windows Verification PCA
SW0009UFP,1632,C:\Windows\System32\netlogon.dll,4accaa9db175b9a52bac773b335b8211,true,true,The file is signed and the signature was verified.,Microsoft Windows,Microsoft Windows Verification PCA
SW0009UFP,6452,C:\Windows\System32\lpk.dll,36ba76f0222780d9ecaba6ef3989ac10,true,true,The file is signed and the signature was verified.,Microsoft Windows,Microsoft Windows Verification PCA
