hostname,keypath,type,valuename,username,path,text
ST869VRJ,Wow6432Node\Classes\CLSID\{09DBBC77-588F-4517-A485-74A29759F54C}\InProcServer32,REG_SZ,,NT AUTHORITY\SYSTEM,HKEY_LOCAL_MACHINE\Software\Wow6432Node\Classes\CLSID\{09DBBC77-588F-4517-A485-74A29759F54C}\InProcServer32\,C:\Windows\SysWOW64\eapphost.dll
ST869VRJ,Classes\CLSID\{452eee0c-a2d4-49c3-9f19-1493e7709220}\InProcServer32,REG_EXPAND_SZ,,NT AUTHORITY\SYSTEM,HKEY_LOCAL_MACHINE\Software\Classes\CLSID\{452eee0c-a2d4-49c3-9f19-1493e7709220}\InProcServer32\,%SystemRoot%\system32\authui.dll
ST869VRJ,Classes\CLSID\{af9d2278-060f-4a17-99a9-5044f7f843a8}\InProcServer32,REG_SZ,,NT AUTHORITY\SYSTEM,HKEY_LOCAL_MACHINE\Software\Classes\CLSID\{af9d2278-060f-4a17-99a9-5044f7f843a8}\InProcServer32\,C:\Windows\System32\IME\shared\imjkapi.dll
ST869VRJ,Classes\CLSID\{AA70DDF4-E11C-11D1-ABB0-00C04FD9159E}\InProcServer32,REG_EXPAND_SZ,,NT AUTHORITY\SYSTEM,HKEY_LOCAL_MACHINE\Software\Classes\CLSID\{AA70DDF4-E11C-11D1-ABB0-00C04FD9159E}\InProcServer32\,%SystemRoot%\system32\wbem\viewprov.dll
ST869VRJ,Wow6432Node\Classes\CLSID\{A7D04CE0-9FDE-4E03-9AB2-1DD9255BEE9C}\InProcServer32,REG_SZ,,NT AUTHORITY\SYSTEM,HKEY_LOCAL_MACHINE\Software\Wow6432Node\Classes\CLSID\{A7D04CE0-9FDE-4E03-9AB2-1DD9255BEE9C}\InProcServer32\,C:\Windows\SysWOW64\PrintDialogs.dll
ST869VRJ,Wow6432Node\Classes\CLSID\{874131cb-4ecc-443b-8948-746b89595d20}\InProcServer32,REG_SZ,,NT AUTHORITY\SYSTEM,HKEY_LOCAL_MACHINE\Software\Wow6432Node\Classes\CLSID\{874131cb-4ecc-443b-8948-746b89595d20}\InProcServer32\,C:\Windows\SysWOW64\WMSPDMOD.DLL
ST869VRJ,Classes\CLSID\{c153e702-afcc-4f45-9a75-a70217f72db8}\InProcServer32,REG_SZ,,NT AUTHORITY\SYSTEM,HKEY_LOCAL_MACHINE\Software\Classes\CLSID\{c153e702-afcc-4f45-9a75-a70217f72db8}\InProcServer32\,C:\Windows\System32\Windows.UI.Immersive.dll
ST869VRJ,Classes\CLSID\{E38DA416-8050-3786-8201-46F187C15213}\InProcServer32,REG_SZ,,NT AUTHORITY\SYSTEM,HKEY_LOCAL_MACHINE\Software\Classes\CLSID\{E38DA416-8050-3786-8201-46F187C15213}\InProcServer32\,C:\Windows\System32\mscoree.dll
ST869VRJ,Classes\CLSID\{6BC096E1-0CE6-11D1-BAAE-00C04FC2E20D}\InProcServer32,REG_EXPAND_SZ,,NT AUTHORITY\SYSTEM,HKEY_LOCAL_MACHINE\Software\Classes\CLSID\{6BC096E1-0CE6-11D1-BAAE-00C04FC2E20D}\InProcServer32\,%SystemRoot%\system32\iasnap.dll
ST869VRJ,Classes\CLSID\{77F419AA-771A-45ff-AC66-7567FA3243D3}\InProcServer32,REG_EXPAND_SZ,,NT AUTHORITY\SYSTEM,HKEY_LOCAL_MACHINE\Software\Classes\CLSID\{77F419AA-771A-45ff-AC66-7567FA3243D3}\InProcServer32\,%SystemRoot%\system32\ntshrui.dll
ST869VRJ,Classes\CLSID\{146855FA-309F-3D0E-BB3E-DF525F30A715}\InProcServer32,REG_SZ,,NT AUTHORITY\SYSTEM,HKEY_LOCAL_MACHINE\Software\Classes\CLSID\{146855FA-309F-3D0E-BB3E-DF525F30A715}\InProcServer32\,C:\Windows\System32\mscoree.dll
ST869VRJ,Classes\CLSID\{0F0549A6-C2E0-442A-85D7-20E3DB9B6A1F}\InProcServer32,REG_EXPAND_SZ,,NT AUTHORITY\SYSTEM,HKEY_LOCAL_MACHINE\Software\Classes\CLSID\{0F0549A6-C2E0-442A-85D7-20E3DB9B6A1F}\InProcServer32\,%SystemRoot%\System32\NaturalLanguage6.dll
ST869VRJ,CurrentControlSet\Services\USBXHCI\,REG_EXPAND_SZ,ImagePath,NT AUTHORITY\SYSTEM,HKEY_LOCAL_MACHINE\SYSTEM\CurrentControlSet\Services\USBXHCI\ImagePath,\SystemRoot\System32\drivers\USBXHCI.SYS
ST869VRJ,Classes\CLSID\{418AFB70-F8B8-11CE-AAC6-0020AF0B99A3}\InProcServer32,REG_SZ,,NT AUTHORITY\SYSTEM,HKEY_LOCAL_MACHINE\Software\Classes\CLSID\{418AFB70-F8B8-11CE-AAC6-0020AF0B99A3}\InProcServer32\,C:\Windows\System32\quartz.dll
ST869VRJ,Classes\CLSID\{336475D0-942A-11CE-A870-00AA002FEAB5}\InProcServer32,REG_SZ,,NT AUTHORITY\SYSTEM,HKEY_LOCAL_MACHINE\Software\Classes\CLSID\{336475D0-942A-11CE-A870-00AA002FEAB5}\InProcServer32\,C:\Windows\System32\quartz.dll
ST869VRJ,Classes\CLSID\{EF24F689-14F8-4D92-B4AF-D7B1F0E70FD4}\InProcServer32,REG_SZ,,NT AUTHORITY\SYSTEM,HKEY_LOCAL_MACHINE\Software\Classes\CLSID\{EF24F689-14F8-4D92-B4AF-D7B1F0E70FD4}\InProcServer32\,C:\Windows\System32\mscoree.dll
ST869VRJ,Classes\CLSID\{f83cbf45-1c37-4ca1-a78a-28bcb91642ec}\InProcServer32,REG_EXPAND_SZ,,NT AUTHORITY\SYSTEM,HKEY_LOCAL_MACHINE\Software\Classes\CLSID\{f83cbf45-1c37-4ca1-a78a-28bcb91642ec}\InProcServer32\,%SystemRoot%\system32\shell32.dll
ST869VRJ,Microsoft\Windows NT\CurrentVersion\Image File Execution Options\DllNXOptions\,REG_DWORD,eProcedureMMC.dll,NT AUTHORITY\SYSTEM,HKEY_LOCAL_MACHINE\Software\Microsoft\Windows NT\CurrentVersion\Image File Execution Options\DllNXOptions\eProcedureMMC.dll,1
ST869VRJ,Classes\CLSID\{8DE9C74C-605A-4acd-BEE3-2B222AA2D23D}\InProcServer32,REG_EXPAND_SZ,,NT AUTHORITY\SYSTEM,HKEY_LOCAL_MACHINE\Software\Classes\CLSID\{8DE9C74C-605A-4acd-BEE3-2B222AA2D23D}\InProcServer32\,%SystemRoot%\System32\StructuredQuery.dll
ST869VRJ,Classes\CLSID\{119DA856-EB4E-4230-8872-F0774D6E781C}\InProcServer32,REG_SZ,,NT AUTHORITY\SYSTEM,HKEY_LOCAL_MACHINE\Software\Classes\CLSID\{119DA856-EB4E-4230-8872-F0774D6E781C}\InProcServer32\,C:\Windows\System32\InputMethod\SHARED\MTFUtils.dll
ST869VRJ,CurrentControlSet\Services\upnphost\Parameters\,REG_EXPAND_SZ,ServiceDll,NT AUTHORITY\SYSTEM,HKEY_LOCAL_MACHINE\SYSTEM\CurrentControlSet\Services\upnphost\Parameters\ServiceDll,%SystemRoot%\System32\upnphost.dll
ST869VRJ,CurrentControlSet\Services\usbhub\,REG_EXPAND_SZ,ImagePath,NT AUTHORITY\SYSTEM,HKEY_LOCAL_MACHINE\SYSTEM\CurrentControlSet\Services\usbhub\ImagePath,\SystemRoot\System32\drivers\usbhub.sys
ST869VRJ,Wow6432Node\Classes\CLSID\{03b5835f-f03c-411b-9ce2-aa23e1171e36}\InProcServer32,REG_SZ,,NT AUTHORITY\SYSTEM,HKEY_LOCAL_MACHINE\Software\Wow6432Node\Classes\CLSID\{03b5835f-f03c-411b-9ce2-aa23e1171e36}\InProcServer32\,C:\Windows\SysWOW64\IME\IMEJP\imjptip.dll
ST869VRJ,CurrentControlSet\Services\WinSock2\Parameters\Protocol_Catalog9\Catalog_Entries\000000000010\,REG_BINARY,PackedCatalogItem,NT AUTHORITY\SYSTEM,HKEY_LOCAL_MACHINE\System\CurrentControlSet\Services\WinSock2\Parameters\Protocol_Catalog9\Catalog_Entries\000000000010\PackedCatalogItem,"%SystemRoot%\system32\mswsock.dll."".h.t.t.p.:././.s.c.h.e.m.a.s...m.i.c.r.o.s.o.f.t...c.o.m./.w.i.n./.2.0.0.4./.0.8./.e.v.e.n.t.s."".&gt;..... . .&lt;.t.e.m.p.l.a.t.e. .t.i.d.=."".R.e.s.u.l.t."".&gt;..... . . . .&lt;.d.a.t.a. .i.n.T.y.p.e.=."".w.i.n.:.U.I.n.t.3.2."". .n.a.m.e..&amp;....................`.z3..........................................................................................@.%.S.y.s.t.e.m.R.o.o.t.%.\.S.y.s.t.e.m.3.2.\.w.s.h.q.o.s...d.l.l. .-.1.0.3....................................................................................................................................................................................................................................................................................................................................................................................................................................................."
ST869VRJ,Classes\CLSID\{C03E8584-781E-49a1-8190-CE902D0B2CE7}\InProcServer32,REG_EXPAND_SZ,,NT AUTHORITY\SYSTEM,HKEY_LOCAL_MACHINE\Software\Classes\CLSID\{C03E8584-781E-49a1-8190-CE902D0B2CE7}\InProcServer32\,%SystemRoot%\system32\xwizards.dll
ST869VRJ,Wow6432Node\Classes\CLSID\{DF1E92F3-F333-4EF5-9C38-B75CB65FFC39}\InProcServer32,REG_SZ,,NT AUTHORITY\SYSTEM,HKEY_LOCAL_MACHINE\Software\Wow6432Node\Classes\CLSID\{DF1E92F3-F333-4EF5-9C38-B75CB65FFC39}\InProcServer32\,C:\Windows\SysWOW64\Windows.Globalization.dll
ST869VRJ,Classes\CLSID\{BD472F60-27FA-11cf-B8B4-444553540000}\InProcServer32,REG_EXPAND_SZ,,NT AUTHORITY\SYSTEM,HKEY_LOCAL_MACHINE\Software\Classes\CLSID\{BD472F60-27FA-11cf-B8B4-444553540000}\InProcServer32\,%SystemRoot%\system32\zipfldr.dll
ST869VRJ,Classes\CLSID\{D578D806-C260-4321-9AE0-3B181B39538C}\InProcServer32,REG_SZ,,BUILTIN\Administrators,HKEY_LOCAL_MACHINE\Software\Classes\CLSID\{D578D806-C260-4321-9AE0-3B181B39538C}\InProcServer32\,C:\Program Files\Common Files\McAfee\McProxy\proxyver.dll
ST869VRJ,Classes\CLSID\{C03E8531-781E-49a1-8190-CE902D0B2CE7}\InProcServer32,REG_EXPAND_SZ,,NT AUTHORITY\SYSTEM,HKEY_LOCAL_MACHINE\Software\Classes\CLSID\{C03E8531-781E-49a1-8190-CE902D0B2CE7}\InProcServer32\,%SystemRoot%\system32\rasgcw.dll
ST869VRJ,Classes\CLSID\{73AD6842-ACE0-45E8-A4DD-8795881A2C2A}\InProcServer32,REG_EXPAND_SZ,,NT AUTHORITY\SYSTEM,HKEY_LOCAL_MACHINE\Software\Classes\CLSID\{73AD6842-ACE0-45E8-A4DD-8795881A2C2A}\InProcServer32\,%SystemRoot%\System32\Speech\Common\sapi.dll
ST869VRJ,Classes\CLSID\{3E8E0F03-D3FD-3A93-BAE0-C74A6494DBCA}\InProcServer32,REG_SZ,,NT AUTHORITY\SYSTEM,HKEY_LOCAL_MACHINE\Software\Classes\CLSID\{3E8E0F03-D3FD-3A93-BAE0-C74A6494DBCA}\InProcServer32\,C:\Windows\System32\mscoree.dll
ST869VRJ,Classes\CLSID\{BCDE0395-E52F-467C-8E3D-C4579291692E}\InProcServer32,REG_EXPAND_SZ,,NT AUTHORITY\SYSTEM,HKEY_LOCAL_MACHINE\Software\Classes\CLSID\{BCDE0395-E52F-467C-8E3D-C4579291692E}\InProcServer32\,%SystemRoot%\System32\MMDevApi.dll
ST869VRJ,Classes\CLSID\{56276483-5c2d-472c-b375-23ce4eb6a4f9}\InProcServer32,REG_EXPAND_SZ,,NT AUTHORITY\SYSTEM,HKEY_LOCAL_MACHINE\Software\Classes\CLSID\{56276483-5c2d-472c-b375-23ce4eb6a4f9}\InProcServer32\,%SystemRoot%\system32\RdpSaPs.dll
ST869VRJ,Classes\CLSID\{8D36569B-14D6-3C3D-B55C-9D02A45BFC3D}\InProcServer32,REG_SZ,,NT AUTHORITY\SYSTEM,HKEY_LOCAL_MACHINE\Software\Classes\CLSID\{8D36569B-14D6-3C3D-B55C-9D02A45BFC3D}\InProcServer32\,C:\Windows\System32\mscoree.dll
ST869VRJ,Classes\CLSID\{ed72f0d2-b701-4c53-adc3-f2fb59946dd8}\InProcServer32,REG_SZ,,NT AUTHORITY\SYSTEM,HKEY_LOCAL_MACHINE\Software\Classes\CLSID\{ed72f0d2-b701-4c53-adc3-f2fb59946dd8}\InProcServer32\,C:\Windows\System32\ieframe.dll
ST869VRJ,Classes\CLSID\{1A06A4DC-E239-3717-89E1-D0683F3A5320}\InProcServer32,REG_SZ,,NT AUTHORITY\SYSTEM,HKEY_LOCAL_MACHINE\Software\Classes\CLSID\{1A06A4DC-E239-3717-89E1-D0683F3A5320}\InProcServer32\,C:\Windows\System32\mscoree.dll
ST869VRJ,CurrentControlSet\Services\sermouse\,REG_EXPAND_SZ,ImagePath,NT AUTHORITY\SYSTEM,HKEY_LOCAL_MACHINE\SYSTEM\CurrentControlSet\Services\sermouse\ImagePath,\SystemRoot\System32\drivers\sermouse.sys
ST869VRJ,Classes\CLSID\{50FDBB99-5C92-495E-9E81-E2C2F48CDDAE}\InProcServer32,REG_EXPAND_SZ,,NT AUTHORITY\SYSTEM,HKEY_LOCAL_MACHINE\Software\Classes\CLSID\{50FDBB99-5C92-495E-9E81-E2C2F48CDDAE}\InProcServer32\,%SystemRoot%\System32\twinui.appcore.dll
ST869VRJ,Classes\CLSID\{5B76534C-3ACC-3D52-AA61-D788B134ABE2}\InProcServer32,REG_SZ,,NT AUTHORITY\SYSTEM,HKEY_LOCAL_MACHINE\Software\Classes\CLSID\{5B76534C-3ACC-3D52-AA61-D788B134ABE2}\InProcServer32\,C:\Windows\System32\mscoree.dll
ST869VRJ,Classes\CLSID\{C03E8512-781E-49a1-8190-CE902D0B2CE7}\InProcServer32,REG_EXPAND_SZ,,NT AUTHORITY\SYSTEM,HKEY_LOCAL_MACHINE\Software\Classes\CLSID\{C03E8512-781E-49a1-8190-CE902D0B2CE7}\InProcServer32\,%SystemRoot%\system32\rasgcw.dll
ST869VRJ,Classes\CLSID\{F5078F41-C551-11D3-89B9-0000F81FE221}\InProcServer32,REG_EXPAND_SZ,,NT AUTHORITY\SYSTEM,HKEY_LOCAL_MACHINE\Software\Classes\CLSID\{F5078F41-C551-11D3-89B9-0000F81FE221}\InProcServer32\,%SystemRoot%\System32\msxml3.dll
ST869VRJ,Classes\CLSID\{BB2FEB41-0FF4-4BE9-A9A8-DAD0FAE602AA}\InProcServer32,REG_SZ,,NT AUTHORITY\SYSTEM,HKEY_LOCAL_MACHINE\Software\Classes\CLSID\{BB2FEB41-0FF4-4BE9-A9A8-DAD0FAE602AA}\InProcServer32\,C:\Windows\System32\InputMethod\CHT\ChtQuickDS.dll
ST869VRJ,Classes\CLSID\{2965e715-eb66-4719-b53f-1672673bbefa}\InProcServer32,REG_EXPAND_SZ,,NT AUTHORITY\SYSTEM,HKEY_LOCAL_MACHINE\Software\Classes\CLSID\{2965e715-eb66-4719-b53f-1672673bbefa}\InProcServer32\,%SystemRoot%\system32\shell32.dll
ST869VRJ,Classes\CLSID\{74761821-E040-423d-9399-35BBA3ECFFF5}\InProcServer32,REG_EXPAND_SZ,,NT AUTHORITY\SYSTEM,HKEY_LOCAL_MACHINE\Software\Classes\CLSID\{74761821-E040-423d-9399-35BBA3ECFFF5}\InProcServer32\,%SystemRoot%\system32\daconn.dll
ST869VRJ,Classes\CLSID\{14910622-09D4-3B4A-8C1E-9991DBDCC553}\InProcServer32,REG_SZ,,NT AUTHORITY\SYSTEM,HKEY_LOCAL_MACHINE\Software\Classes\CLSID\{14910622-09D4-3B4A-8C1E-9991DBDCC553}\InProcServer32\,C:\Windows\System32\mscoree.dll
ST869VRJ,Microsoft\Active Setup\Installed Components\{7D715857-A67C-4C2F-A929-038448584D63}\,REG_SZ,StubPath,NT AUTHORITY\SYSTEM,HKEY_LOCAL_MACHINE\SOFTWARE\Microsoft\Active Setup\Installed Components\{7D715857-A67C-4C2F-A929-038448584D63}\StubPath,C:\Windows\System32\ie4uinit.exe -DisableSSL3
ST869VRJ,Classes\CLSID\{74628299-57EC-4F12-BA1C-08B477BF447A}\InProcServer32,REG_EXPAND_SZ,,NT AUTHORITY\SYSTEM,HKEY_LOCAL_MACHINE\Software\Classes\CLSID\{74628299-57EC-4F12-BA1C-08B477BF447A}\InProcServer32\,%SystemRoot%\system32\tscfgwmi.dll
ST869VRJ,Classes\CLSID\{6B273FC5-61FD-4918-95A2-C3B5E9D7F581}\InProcServer32,REG_SZ,,NT AUTHORITY\SYSTEM,HKEY_LOCAL_MACHINE\Software\Classes\CLSID\{6B273FC5-61FD-4918-95A2-C3B5E9D7F581}\InProcServer32\,C:\Windows\System32\twinapi.appcore.dll
ST869VRJ,Microsoft\Windows NT\CurrentVersion\Image File Execution Options\runtimebroker.exe\,REG_QWORD,MitigationOptions,NT AUTHORITY\SYSTEM,HKEY_LOCAL_MACHINE\Software\Microsoft\Windows NT\CurrentVersion\Image File Execution Options\runtimebroker.exe\MitigationOptions,4294967296
ST869VRJ,Classes\CLSID\{92BDB7E4-F28B-46A0-B551-45A52BDD5125}\InProcServer32,REG_SZ,,NT AUTHORITY\SYSTEM,HKEY_LOCAL_MACHINE\Software\Classes\CLSID\{92BDB7E4-F28B-46A0-B551-45A52BDD5125}\InProcServer32\,C:\Windows\System32\tschannel.dll
ST869VRJ,Classes\CLSID\{43886CD5-6529-41c4-A707-7B3C92C05E68}\InProcServer32,REG_SZ,,NT AUTHORITY\SYSTEM,HKEY_LOCAL_MACHINE\Software\Classes\CLSID\{43886CD5-6529-41c4-A707-7B3C92C05E68}\InProcServer32\,C:\Windows\System32\ieframe.dll
ST869VRJ,Classes\CLSID\{DE47D9CF-0107-3D66-93E9-A8ACB06B4583}\InProcServer32,REG_SZ,,NT AUTHORITY\SYSTEM,HKEY_LOCAL_MACHINE\Software\Classes\CLSID\{DE47D9CF-0107-3D66-93E9-A8ACB06B4583}\InProcServer32\,C:\Windows\System32\mscoree.dll
ST869VRJ,Classes\CLSID\{B5EBAFB9-253E-4A72-A744-0762D2685683}\InProcServer32,REG_EXPAND_SZ,,NT AUTHORITY\SYSTEM,HKEY_LOCAL_MACHINE\Software\Classes\CLSID\{B5EBAFB9-253E-4A72-A744-0762D2685683}\InProcServer32\,%SystemRoot%\system32\windowscodecs.dll
ST869VRJ,Classes\CLSID\{7AE01D6C-BEE7-38F6-9A86-329D8A917803}\InProcServer32,REG_SZ,,NT AUTHORITY\SYSTEM,HKEY_LOCAL_MACHINE\Software\Classes\CLSID\{7AE01D6C-BEE7-38F6-9A86-329D8A917803}\InProcServer32\,C:\Windows\System32\mscoree.dll
ST869VRJ,Classes\CLSID\{BB918E32-2A5C-4986-AB40-1686A034390A}\InProcServer32,REG_SZ,,NT AUTHORITY\SYSTEM,HKEY_LOCAL_MACHINE\Software\Classes\CLSID\{BB918E32-2A5C-4986-AB40-1686A034390A}\InProcServer32\,C:\Windows\System32\termmgr.dll
ST869VRJ,Classes\CLSID\{46E97093-B2EC-3787-A9A5-470D1A27417C}\InProcServer32,REG_SZ,,NT AUTHORITY\SYSTEM,HKEY_LOCAL_MACHINE\Software\Classes\CLSID\{46E97093-B2EC-3787-A9A5-470D1A27417C}\InProcServer32\,C:\Windows\System32\mscoree.dll
ST869VRJ,Classes\CLSID\{C2FBB630-2971-11d1-A18C-00C04FD75D13}\InProcServer32,REG_EXPAND_SZ,,NT AUTHORITY\SYSTEM,HKEY_LOCAL_MACHINE\Software\Classes\CLSID\{C2FBB630-2971-11d1-A18C-00C04FD75D13}\InProcServer32\,%SystemRoot%\system32\shell32.dll
ST869VRJ,Classes\CLSID\{0F92030A-CBFD-4AB8-A164-FF5985547FF6}\InProcServer32,REG_EXPAND_SZ,,NT AUTHORITY\SYSTEM,HKEY_LOCAL_MACHINE\Software\Classes\CLSID\{0F92030A-CBFD-4AB8-A164-FF5985547FF6}\InProcServer32\,%SystemRoot%\System32\Speech\Common\sapi.dll
ST869VRJ,Classes\CLSID\{E0827905-82D3-4566-ABA1-C67E4447F27E}\InProcServer32,REG_SZ,,BUILTIN\Administrators,HKEY_LOCAL_MACHINE\Software\Classes\CLSID\{E0827905-82D3-4566-ABA1-C67E4447F27E}\InProcServer32\,c:\PROGRA~1\COMMON~1\mcafee\platform\MCSYST~1.DLL
ST869VRJ,Classes\CLSID\{a405dda4-a05a-46be-b481-526ad2e0c791}\InProcServer32,REG_SZ,,NT AUTHORITY\SYSTEM,HKEY_LOCAL_MACHINE\Software\Classes\CLSID\{a405dda4-a05a-46be-b481-526ad2e0c791}\InProcServer32\,C:\Windows\System32\IME\IMEJP\imjpdapi.dll
ST869VRJ,Classes\CLSID\{CD000005-8B95-11D1-82DB-00C04FB1625D}\InProcServer32,REG_SZ,,NT AUTHORITY\SYSTEM,HKEY_LOCAL_MACHINE\Software\Classes\CLSID\{CD000005-8B95-11D1-82DB-00C04FB1625D}\InProcServer32\,C:\Windows\System32\cdosys.dll
ST869VRJ,Classes\CLSID\{64BC32B5-4EEC-4de7-972D-BD8BD0324537}\InProcServer32,REG_EXPAND_SZ,,NT AUTHORITY\SYSTEM,HKEY_LOCAL_MACHINE\Software\Classes\CLSID\{64BC32B5-4EEC-4de7-972D-BD8BD0324537}\InProcServer32\,%SystemRoot%\system32\explorerframe.dll
ST869VRJ,Classes\CLSID\{AFAEF10F-1BC4-351F-886A-878A265C1862}\InProcServer32,REG_SZ,,NT AUTHORITY\SYSTEM,HKEY_LOCAL_MACHINE\Software\Classes\CLSID\{AFAEF10F-1BC4-351F-886A-878A265C1862}\InProcServer32\,C:\Windows\System32\mscoree.dll
ST869VRJ,Classes\CLSID\{d9efb25b-80e9-4832-bad8-ab2186bc95b0}\InProcServer32,REG_SZ,,NT AUTHORITY\SYSTEM,HKEY_LOCAL_MACHINE\Software\Classes\CLSID\{d9efb25b-80e9-4832-bad8-ab2186bc95b0}\InProcServer32\,C:\Windows\System32\IME\SHARED\imelm.dll
ST869VRJ,Classes\CLSID\{49C47CE4-9BA4-11D0-8212-00C04FC32C45}\InProcServer32,REG_SZ,,NT AUTHORITY\SYSTEM,HKEY_LOCAL_MACHINE\Software\Classes\CLSID\{49C47CE4-9BA4-11D0-8212-00C04FC32C45}\InProcServer32\,C:\Windows\System32\amstream.dll
ST869VRJ,Classes\CLSID\{820B1F90-F6DF-4f3a-9658-2A2E12F7B57C}\InProcServer32,REG_SZ,,BUILTIN\Administrators,HKEY_LOCAL_MACHINE\Software\Classes\CLSID\{820B1F90-F6DF-4f3a-9658-2A2E12F7B57C}\InProcServer32\,c:\PROGRA~1\mcafee\mpf\mpfpp.dll
ST869VRJ,Classes\CLSID\{4F414126-DFE3-4629-99EE-797978317EAD}\InProcServer32,REG_EXPAND_SZ,,NT AUTHORITY\SYSTEM,HKEY_LOCAL_MACHINE\Software\Classes\CLSID\{4F414126-DFE3-4629-99EE-797978317EAD}\InProcServer32\,%SystemRoot%\System32\Speech\Common\sapi.dll
ST869VRJ,Classes\CLSID\{ED7BA470-8E54-465E-825C-99712043E01C}\InProcServer32,REG_EXPAND_SZ,,NT AUTHORITY\SYSTEM,HKEY_LOCAL_MACHINE\Software\Classes\CLSID\{ED7BA470-8E54-465E-825C-99712043E01C}\InProcServer32\,%SystemRoot%\system32\shell32.dll
ST869VRJ,Classes\CLSID\{4fe2776b-b0f9-4396-b5fc-e9d4cf1ec195}\InProcServer32,REG_SZ,,NT AUTHORITY\SYSTEM,HKEY_LOCAL_MACHINE\Software\Classes\CLSID\{4fe2776b-b0f9-4396-b5fc-e9d4cf1ec195}\InProcServer32\,C:\Windows\System32\IME\IMEJP\imjpdapi.dll
ST869VRJ,Wow6432Node\Classes\CLSID\{17D6CCD8-3B7B-11D2-B9E0-00C04FD8DBF7}\InProcServer32,REG_SZ,,NT AUTHORITY\SYSTEM,HKEY_LOCAL_MACHINE\Software\Wow6432Node\Classes\CLSID\{17D6CCD8-3B7B-11D2-B9E0-00C04FD8DBF7}\InProcServer32\,C:\Windows\SysWOW64\objsel.dll
ST869VRJ,Classes\CLSID\{CB2F6723-AB3A-11d2-9C40-00C04FA30A3E}\InProcServer32,REG_SZ,,NT AUTHORITY\SYSTEM,HKEY_LOCAL_MACHINE\Software\Classes\CLSID\{CB2F6723-AB3A-11d2-9C40-00C04FA30A3E}\InProcServer32\,C:\Windows\System32\mscoree.dll
ST869VRJ,Classes\CLSID\{F83DAC1C-9BB9-4f2b-B619-09819DA81B0E}\InProcServer32,REG_SZ,,NT AUTHORITY\SYSTEM,HKEY_LOCAL_MACHINE\Software\Classes\CLSID\{F83DAC1C-9BB9-4f2b-B619-09819DA81B0E}\InProcServer32\,C:\Windows\System32\ieframe.dll
ST869VRJ,Classes\CLSID\{7C92505F-53A4-4D39-B31C-871D82A907DE}\InProcServer32,REG_SZ,,NT AUTHORITY\SYSTEM,HKEY_LOCAL_MACHINE\Software\Classes\CLSID\{7C92505F-53A4-4D39-B31C-871D82A907DE}\InProcServer32\,C:\Windows\System32\intl.cpl
ST869VRJ,Classes\CLSID\{ADC6CB82-424C-11D2-952A-00C04FA34F05}\InProcServer32,REG_SZ,,NT AUTHORITY\SYSTEM,HKEY_LOCAL_MACHINE\Software\Classes\CLSID\{ADC6CB82-424C-11D2-952A-00C04FA34F05}\InProcServer32\,C:\Windows\System32\Dxtmsft.dll
ST869VRJ,Classes\CLSID\{DA91E274-1702-419B-9871-EC6EFC62A355}\InProcServer32,REG_SZ,,BUILTIN\Administrators,HKEY_LOCAL_MACHINE\Software\Classes\CLSID\{DA91E274-1702-419B-9871-EC6EFC62A355}\InProcServer32\,c:\PROGRA~1\mcafee\mqs\shredshm.dll
ST869VRJ,Classes\CLSID\{9B496CE1-811B-11CF-8C77-00AA006B6814}\InProcServer32,REG_SZ,,NT AUTHORITY\SYSTEM,HKEY_LOCAL_MACHINE\Software\Classes\CLSID\{9B496CE1-811B-11CF-8C77-00AA006B6814}\InProcServer32\,C:\Windows\System32\kswdmcap.ax
ST869VRJ,Classes\CLSID\{B29D466A-857D-35BA-8712-A758861BFEA1}\InProcServer32,REG_SZ,,NT AUTHORITY\SYSTEM,HKEY_LOCAL_MACHINE\Software\Classes\CLSID\{B29D466A-857D-35BA-8712-A758861BFEA1}\InProcServer32\,C:\Windows\System32\mscoree.dll
ST869VRJ,Classes\CLSID\{4278BB8C-D0FC-4380-A2C4-525B9A396F5B}\InProcServer32,REG_EXPAND_SZ,,NT AUTHORITY\SYSTEM,HKEY_LOCAL_MACHINE\Software\Classes\CLSID\{4278BB8C-D0FC-4380-A2C4-525B9A396F5B}\InProcServer32\,%SystemRoot%\system32\shell32.dll
ST869VRJ,Classes\CLSID\{ddcd33d7-f53c-4554-a71f-f86f49079827}\InProcServer32,REG_SZ,,NT AUTHORITY\SYSTEM,HKEY_LOCAL_MACHINE\Software\Classes\CLSID\{ddcd33d7-f53c-4554-a71f-f86f49079827}\InProcServer32\,C:\Windows\System32\Windows.Media.Devices.dll
ST869VRJ,Classes\CLSID\{add36aa8-751a-4579-a266-d66f5202ccbb}\InProcServer32,REG_EXPAND_SZ,,NT AUTHORITY\SYSTEM,HKEY_LOCAL_MACHINE\Software\Classes\CLSID\{add36aa8-751a-4579-a266-d66f5202ccbb}\InProcServer32\,%SystemRoot%\System32\shwebsvc.dll
ST869VRJ,Classes\CLSID\{51ad6d44-32f8-4aa7-9ee6-24a37fa09354}\InProcServer32,REG_EXPAND_SZ,,NT AUTHORITY\SYSTEM,HKEY_LOCAL_MACHINE\Software\Classes\CLSID\{51ad6d44-32f8-4aa7-9ee6-24a37fa09354}\InProcServer32\,%SystemRoot%\system32\Windows.UI.Immersive.dll
ST869VRJ,Wow6432Node\Classes\CLSID\{2D4156A2-897A-11DB-BA21-001185AD2B89}\InProcServer32,REG_SZ,,NT AUTHORITY\SYSTEM,HKEY_LOCAL_MACHINE\Software\Wow6432Node\Classes\CLSID\{2D4156A2-897A-11DB-BA21-001185AD2B89}\InProcServer32\,C:\Windows\SysWOW64\nlmgp.dll
ST869VRJ,Classes\CLSID\{C17CABB2-D4A3-47D7-A557-339B2EFBD4F1}\InProcServer32,REG_EXPAND_SZ,,NT AUTHORITY\SYSTEM,HKEY_LOCAL_MACHINE\Software\Classes\CLSID\{C17CABB2-D4A3-47D7-A557-339B2EFBD4F1}\InProcServer32\,%SystemRoot%\system32\windowscodecsext.dll
ST869VRJ,CurrentControlSet\Services\FileInfo\,REG_EXPAND_SZ,ImagePath,NT AUTHORITY\SYSTEM,HKEY_LOCAL_MACHINE\SYSTEM\CurrentControlSet\Services\FileInfo\ImagePath,\SystemRoot\System32\drivers\fileinfo.sys
ST869VRJ,Microsoft\Active Setup\Installed Components\{89B4C1CD-B018-4511-B0A1-5476DBF70820}\,REG_SZ,StubPath,NT AUTHORITY\SYSTEM,HKEY_LOCAL_MACHINE\SOFTWARE\Microsoft\Active Setup\Installed Components\{89B4C1CD-B018-4511-B0A1-5476DBF70820}\StubPath,C:\Windows\System32\Rundll32.exe C:\Windows\System32\mscories.dll Install
ST869VRJ,Classes\CLSID\{00C429C0-0BA9-11d2-A484-00C04F8EFB69}\InProcServer32,REG_SZ,,NT AUTHORITY\SYSTEM,HKEY_LOCAL_MACHINE\Software\Classes\CLSID\{00C429C0-0BA9-11d2-A484-00C04F8EFB69}\InProcServer32\,C:\Windows\System32\Dxtmsft.dll
ST869VRJ,Microsoft\Active Setup\Installed Components\{89820200-ECBD-11cf-8B85-00AA005B4383}\,REG_SZ,StubPath,NT AUTHORITY\SYSTEM,HKEY_LOCAL_MACHINE\SOFTWARE\Microsoft\Active Setup\Installed Components\{89820200-ECBD-11cf-8B85-00AA005B4383}\StubPath,C:\Windows\System32\ie4uinit.exe -UserConfig
ST869VRJ,Wow6432Node\Classes\CLSID\{A404171B-F5E6-40F5-8E35-90C616052B28}\InProcServer32,REG_SZ,,BUILTIN\Administrators,HKEY_LOCAL_MACHINE\Software\Wow6432Node\Classes\CLSID\{A404171B-F5E6-40F5-8E35-90C616052B28}\InProcServer32\,C:\Program Files (x86)\Common Files\McAfee\Platform\PlatformServiceFWPS.dll
ST869VRJ,Wow6432Node\Classes\CLSID\{29CE1D46-B481-4AA0-A08A-D3EBC8ACA402}\InProcServer32,REG_SZ,,NT AUTHORITY\SYSTEM,HKEY_LOCAL_MACHINE\Software\Wow6432Node\Classes\CLSID\{29CE1D46-B481-4AA0-A08A-D3EBC8ACA402}\InProcServer32\,C:\Windows\SysWOW64\twinapi.dll
ST869VRJ,Classes\CLSID\{14D12A5C-50FF-4fd3-9A4F-EF782812189F}\InProcServer32,REG_SZ,,BUILTIN\Administrators,HKEY_LOCAL_MACHINE\Software\Classes\CLSID\{14D12A5C-50FF-4fd3-9A4F-EF782812189F}\InProcServer32\,c:\PROGRA~1\mcafee\mps\mpsevh.dll
ST869VRJ,Wow6432Node\Microsoft\Active Setup\Installed Components\{44BBA840-CC51-11CF-AAFA-00AA00B6015C}\,REG_EXPAND_SZ,StubPath,NT AUTHORITY\SYSTEM,HKEY_LOCAL_MACHINE\Software\Wow6432Node\Microsoft\Active Setup\Installed Components\{44BBA840-CC51-11CF-AAFA-00AA00B6015C}\StubPath,"""%ProgramFiles%\Windows Mail\WinMail.exe"" OCInstallUserConfigOE"
ST869VRJ,Wow6432Node\Microsoft\Windows NT\CurrentVersion\Image File Execution Options\PresentationHost.exe\,REG_QWORD,MitigationOptions,NT AUTHORITY\SYSTEM,HKEY_LOCAL_MACHINE\Software\Wow6432Node\Microsoft\Windows NT\CurrentVersion\Image File Execution Options\PresentationHost.exe\MitigationOptions,1118481
ST869VRJ,CurrentControlSet\Services\Eaphost\Parameters\,REG_EXPAND_SZ,ServiceDll,NT AUTHORITY\SYSTEM,HKEY_LOCAL_MACHINE\SYSTEM\CurrentControlSet\Services\Eaphost\Parameters\ServiceDll,%SystemRoot%\System32\eapsvc.dll
ST869VRJ,Classes\CLSID\{b7373566-8ff2-45d8-af1f-da39f289bcf9}\InProcServer32,REG_EXPAND_SZ,,NT AUTHORITY\SYSTEM,HKEY_LOCAL_MACHINE\Software\Classes\CLSID\{b7373566-8ff2-45d8-af1f-da39f289bcf9}\InProcServer32\,%SystemRoot%\system32\explorerframe.dll
ST869VRJ,Classes\CLSID\{ecabb0c8-7f19-11d2-978e-0000f8757e2a}\InProcServer32,REG_SZ,,NT AUTHORITY\SYSTEM,HKEY_LOCAL_MACHINE\Software\Classes\CLSID\{ecabb0c8-7f19-11d2-978e-0000f8757e2a}\InProcServer32\,C:\Windows\System32\comsvcs.dll
ST869VRJ,Classes\CLSID\{E7DE514C-BBBC-41D4-8838-4BB0FE21229A}\InProcServer32,REG_EXPAND_SZ,,NT AUTHORITY\SYSTEM,HKEY_LOCAL_MACHINE\Software\Classes\CLSID\{E7DE514C-BBBC-41D4-8838-4BB0FE21229A}\InProcServer32\,%SystemRoot%\System32\twinui.dll
ST869VRJ,Classes\CLSID\{94510291-3DB7-4F61-B62B-A5790CE92645}\InProcServer32,REG_EXPAND_SZ,,NT AUTHORITY\SYSTEM,HKEY_LOCAL_MACHINE\Software\Classes\CLSID\{94510291-3DB7-4F61-B62B-A5790CE92645}\InProcServer32\,%SystemRoot%\system32\sqlcecompact40.dll
ST869VRJ,Classes\CLSID\{ecabafb5-7f19-11d2-978e-0000f8757e2a}\InProcServer32,REG_SZ,,NT AUTHORITY\SYSTEM,HKEY_LOCAL_MACHINE\Software\Classes\CLSID\{ecabafb5-7f19-11d2-978e-0000f8757e2a}\InProcServer32\,C:\Windows\System32\comsvcs.dll
ST869VRJ,Classes\CLSID\{3E000D72-A845-4CD9-BD83-80C07C3B881F}\InProcServer32,REG_EXPAND_SZ,,NT AUTHORITY\SYSTEM,HKEY_LOCAL_MACHINE\Software\Classes\CLSID\{3E000D72-A845-4CD9-BD83-80C07C3B881F}\InProcServer32\,%SystemRoot%\System32\cmlua.dll
ST869VRJ,Classes\CLSID\{25ab468c-3974-4075-be50-193135461727}\InProcServer32,REG_EXPAND_SZ,,NT AUTHORITY\SYSTEM,HKEY_LOCAL_MACHINE\Software\Classes\CLSID\{25ab468c-3974-4075-be50-193135461727}\InProcServer32\,%SystemRoot%\system32\shell32.dll
ST869VRJ,Classes\CLSID\{21D6D48E-A88B-11D0-83DD-00AA003CCABD}\InProcServer32,REG_SZ,,NT AUTHORITY\SYSTEM,HKEY_LOCAL_MACHINE\Software\Classes\CLSID\{21D6D48E-A88B-11D0-83DD-00AA003CCABD}\InProcServer32\,C:\Windows\System32\tapi3.dll
ST869VRJ,Classes\CLSID\{385A91BC-1E8A-4e4a-A7A6-F4FC1E6CA1BD}\InProcServer32,REG_SZ,,NT AUTHORITY\SYSTEM,HKEY_LOCAL_MACHINE\Software\Classes\CLSID\{385A91BC-1E8A-4e4a-A7A6-F4FC1E6CA1BD}\InProcServer32\,C:\Windows\System32\Dxtrans.dll
ST869VRJ,Classes\CLSID\{4CB26C03-FF93-11d0-817E-0000F87557DB}\InProcServer32,REG_SZ,,NT AUTHORITY\SYSTEM,HKEY_LOCAL_MACHINE\Software\Classes\CLSID\{4CB26C03-FF93-11d0-817E-0000F87557DB}\InProcServer32\,C:\Windows\System32\Dxtrans.dll
ST869VRJ,Classes\CLSID\{3FA7A1C5-812C-3B56-B957-CB14AF670C09}\InProcServer32,REG_SZ,,NT AUTHORITY\SYSTEM,HKEY_LOCAL_MACHINE\Software\Classes\CLSID\{3FA7A1C5-812C-3B56-B957-CB14AF670C09}\InProcServer32\,C:\Windows\System32\mscoree.dll
ST869VRJ,Microsoft\Windows NT\CurrentVersion\Drivers32\,REG_SZ,msacm.msg711,NT AUTHORITY\SYSTEM,HKEY_LOCAL_MACHINE\SOFTWARE\Microsoft\Windows NT\CurrentVersion\Drivers32\msacm.msg711,msg711.acm
ST869VRJ,Classes\CLSID\{5805137A-E348-4F7C-B3CC-6DB9965A0599}\InProcServer32,REG_EXPAND_SZ,,NT AUTHORITY\SYSTEM,HKEY_LOCAL_MACHINE\Software\Classes\CLSID\{5805137A-E348-4F7C-B3CC-6DB9965A0599}\InProcServer32\,%SystemRoot%\system32\windowscodecs.dll
ST869VRJ,Classes\CLSID\{F963C5CF-A659-4A93-9638-CAF3CD277D13}\InProcServer32,REG_SZ,,NT AUTHORITY\SYSTEM,HKEY_LOCAL_MACHINE\Software\Classes\CLSID\{F963C5CF-A659-4A93-9638-CAF3CD277D13}\InProcServer32\,C:\Windows\System32\qdvd.dll
ST869VRJ,Classes\CLSID\{ABB78EBD-45BD-415B-9466-5C2A0F25CACE}\InProcServer32,REG_EXPAND_SZ,,NT AUTHORITY\SYSTEM,HKEY_LOCAL_MACHINE\Software\Classes\CLSID\{ABB78EBD-45BD-415B-9466-5C2A0F25CACE}\InProcServer32\,%SystemRoot%\system32\napdsnap.dll
ST869VRJ,Classes\CLSID\{675F097E-4C4D-11D0-B6C1-0800091AA605}\InProcServer32,REG_SZ,,NT AUTHORITY\SYSTEM,HKEY_LOCAL_MACHINE\Software\Classes\CLSID\{675F097E-4C4D-11D0-B6C1-0800091AA605}\InProcServer32\,C:\Windows\System32\colorui.dll
ST869VRJ,Wow6432Node\Classes\CLSID\{59CBCF95-7705-43EF-9586-A46B0D03DDE9}\InProcServer32,REG_SZ,,NT AUTHORITY\SYSTEM,HKEY_LOCAL_MACHINE\Software\Wow6432Node\Classes\CLSID\{59CBCF95-7705-43EF-9586-A46B0D03DDE9}\InProcServer32\,C:\Windows\SysWOW64\Windows.Management.Workplace.WorkplaceSettings.dll
ST869VRJ,Wow6432Node\Classes\CLSID\{96f8e0d2-86e5-4898-8fb1-153682e11900}\InProcServer32,REG_SZ,,NT AUTHORITY\SYSTEM,HKEY_LOCAL_MACHINE\Software\Wow6432Node\Classes\CLSID\{96f8e0d2-86e5-4898-8fb1-153682e11900}\InProcServer32\,C:\Windows\SysWOW64\Windows.Globalization.Fontgroups.dll
ST869VRJ,Classes\CLSID\{0a9bbb1e-03ee-4201-9900-abbff56c9c6c}\InProcServer32,REG_EXPAND_SZ,,NT AUTHORITY\SYSTEM,HKEY_LOCAL_MACHINE\Software\Classes\CLSID\{0a9bbb1e-03ee-4201-9900-abbff56c9c6c}\InProcServer32\,%SystemRoot%\system32\shell32.dll
ST869VRJ,CurrentControlSet\Services\NdisVirtualBus\,REG_EXPAND_SZ,ImagePath,NT AUTHORITY\SYSTEM,HKEY_LOCAL_MACHINE\SYSTEM\CurrentControlSet\Services\NdisVirtualBus\ImagePath,\SystemRoot\System32\drivers\NdisVirtualBus.sys
ST869VRJ,CurrentControlSet\Services\EventLog\,REG_EXPAND_SZ,ImagePath,NT AUTHORITY\SYSTEM,HKEY_LOCAL_MACHINE\SYSTEM\CurrentControlSet\Services\EventLog\ImagePath,%SystemRoot%\System32\svchost.exe -k LocalServiceNetworkRestricted
ST869VRJ,Classes\CLSID\{32DA2B15-CFED-11D1-B747-00C04FC2B085}\InProcServer32,REG_SZ,,NT AUTHORITY\SYSTEM,HKEY_LOCAL_MACHINE\Software\Classes\CLSID\{32DA2B15-CFED-11D1-B747-00C04FC2B085}\InProcServer32\,C:\Windows\System32\scrrun.dll
ST869VRJ,Classes\CLSID\{A26CEC36-234C-4950-AE16-E34AACE71D0D}\InProcServer32,REG_EXPAND_SZ,,NT AUTHORITY\SYSTEM,HKEY_LOCAL_MACHINE\Software\Classes\CLSID\{A26CEC36-234C-4950-AE16-E34AACE71D0D}\InProcServer32\,%SystemRoot%\system32\wmphoto.dll
ST869VRJ,Classes\CLSID\{5971EC44-072A-41b7-8E67-D9E045CC196D}\InProcServer32,REG_SZ,,NT AUTHORITY\SYSTEM,HKEY_LOCAL_MACHINE\Software\Classes\CLSID\{5971EC44-072A-41b7-8E67-D9E045CC196D}\InProcServer32\,C:\Windows\System32\AppIdPolicyEngineApi.dll
ST869VRJ,Classes\CLSID\{3D0B8752-68F8-4F39-929D-DE20ED323F45}\InProcServer32,REG_EXPAND_SZ,,NT AUTHORITY\SYSTEM,HKEY_LOCAL_MACHINE\Software\Classes\CLSID\{3D0B8752-68F8-4F39-929D-DE20ED323F45}\InProcServer32\,%SystemRoot%\System32\NaturalLanguage6.dll
ST869VRJ,Classes\CLSID\{1C0F439D-7C29-4bde-8952-4EEB6A49E048}\InProcServer32,REG_EXPAND_SZ,,NT AUTHORITY\SYSTEM,HKEY_LOCAL_MACHINE\Software\Classes\CLSID\{1C0F439D-7C29-4bde-8952-4EEB6A49E048}\InProcServer32\,%SystemRoot%\system32\SearchFolder.dll
ST869VRJ,Classes\CLSID\{33C4643C-7811-46FA-A89A-768597BD7223}\InProcServer32,REG_EXPAND_SZ,,NT AUTHORITY\SYSTEM,HKEY_LOCAL_MACHINE\Software\Classes\CLSID\{33C4643C-7811-46FA-A89A-768597BD7223}\InProcServer32\,%SystemRoot%\System32\netshell.dll
ST869VRJ,Wow6432Node\Classes\CLSID\{0f87369f-a4e5-4cfc-bd3e-73e6154572dd}\InProcServer32,REG_SZ,,NT AUTHORITY\SYSTEM,HKEY_LOCAL_MACHINE\Software\Wow6432Node\Classes\CLSID\{0f87369f-a4e5-4cfc-bd3e-73e6154572dd}\InProcServer32\,C:\Windows\SysWOW64\taskschd.dll
ST869VRJ,Classes\CLSID\{C96401D1-0E17-11D3-885B-00C04F72C717}\InProcServer32,REG_EXPAND_SZ,,NT AUTHORITY\SYSTEM,HKEY_LOCAL_MACHINE\Software\Classes\CLSID\{C96401D1-0E17-11D3-885B-00C04F72C717}\InProcServer32\,%SystemRoot%\system32\mmcndmgr.dll
ST869VRJ,Classes\CLSID\{e22b3065-b83a-4ffd-9b08-9e73841a442f}\InProcServer32,REG_EXPAND_SZ,,NT AUTHORITY\SYSTEM,HKEY_LOCAL_MACHINE\Software\Classes\CLSID\{e22b3065-b83a-4ffd-9b08-9e73841a442f}\InProcServer32\,%SystemRoot%\system32\propsys.dll
ST869VRJ,Classes\CLSID\{767EE1f6-2006-43EA-8278-90B37AC8FD02}\InProcServer32,REG_SZ,,NT AUTHORITY\SYSTEM,HKEY_LOCAL_MACHINE\Software\Classes\CLSID\{767EE1f6-2006-43EA-8278-90B37AC8FD02}\InProcServer32\,C:\Windows\System32\efswrt.dll
ST869VRJ,Classes\CLSID\{F778C6B4-C08B-11D2-976C-00C04F79DB19}\InProcServer32,REG_EXPAND_SZ,,NT AUTHORITY\SYSTEM,HKEY_LOCAL_MACHINE\Software\Classes\CLSID\{F778C6B4-C08B-11D2-976C-00C04F79DB19}\InProcServer32\,%SystemRoot%\system32\els.dll
ST869VRJ,Classes\CLSID\{1138506a-b949-46a7-b6c0-ee26499fdeaf}\InProcServer32,REG_EXPAND_SZ,,NT AUTHORITY\SYSTEM,HKEY_LOCAL_MACHINE\Software\Classes\CLSID\{1138506a-b949-46a7-b6c0-ee26499fdeaf}\InProcServer32\,%SystemRoot%\system32\wucltux.dll
ST869VRJ,Wow6432Node\Classes\CLSID\{03022430-ABC4-11D0-BDE2-00AA001A1953}\InProcServer32,REG_SZ,,NT AUTHORITY\SYSTEM,HKEY_LOCAL_MACHINE\Software\Wow6432Node\Classes\CLSID\{03022430-ABC4-11D0-BDE2-00AA001A1953}\InProcServer32\,C:\Windows\SysWOW64\oleacc.dll
ST869VRJ,Classes\CLSID\{ECE71064-011D-45b7-AEF2-3B626985E937}\InProcServer32,REG_SZ,,NT AUTHORITY\SYSTEM,HKEY_LOCAL_MACHINE\Software\Classes\CLSID\{ECE71064-011D-45b7-AEF2-3B626985E937}\InProcServer32\,C:\Windows\System32\vidcap.ax
ST869VRJ,Classes\CLSID\{9C156543-FD39-477E-96DB-A8B8F844D43C}\InProcServer32,REG_SZ,,BUILTIN\Administrators,HKEY_LOCAL_MACHINE\Software\Classes\CLSID\{9C156543-FD39-477E-96DB-A8B8F844D43C}\InProcServer32\,c:\PROGRA~1\mcafee\mat\MCMATS~1.DLL
ST869VRJ,Classes\CLSID\{DF2FCE13-25EC-45bb-9D4C-CECD47C2430C}\InProcServer32,REG_SZ,,NT AUTHORITY\SYSTEM,HKEY_LOCAL_MACHINE\Software\Classes\CLSID\{DF2FCE13-25EC-45bb-9D4C-CECD47C2430C}\InProcServer32\,C:\Windows\System32\iertutil.dll
ST869VRJ,Classes\CLSID\{E4C1D9A2-CBF7-48BD-9A69-34A55E0D8941}\InProcServer32,REG_EXPAND_SZ,,NT AUTHORITY\SYSTEM,HKEY_LOCAL_MACHINE\Software\Classes\CLSID\{E4C1D9A2-CBF7-48BD-9A69-34A55E0D8941}\InProcServer32\,%SystemRoot%\system32\dpnet.dll
ST869VRJ,Classes\CLSID\{70878DCD-56F6-4681-BC52-BC7F58EDF723}\InProcServer32,REG_EXPAND_SZ,,NT AUTHORITY\SYSTEM,HKEY_LOCAL_MACHINE\Software\Classes\CLSID\{70878DCD-56F6-4681-BC52-BC7F58EDF723}\InProcServer32\,%SystemRoot%\System32\NaturalLanguage6.dll
ST869VRJ,Classes\CLSID\{1D583ABC-8A0E-4657-9982-A380CA58FB4B}\InProcServer32,REG_EXPAND_SZ,,NT AUTHORITY\SYSTEM,HKEY_LOCAL_MACHINE\Software\Classes\CLSID\{1D583ABC-8A0E-4657-9982-A380CA58FB4B}\InProcServer32\,%SystemRoot%\system32\windowscodecs.dll
ST869VRJ,Classes\CLSID\{FD688BBD-31ED-4DB7-A723-934927D38367}\InProcServer32,REG_EXPAND_SZ,,NT AUTHORITY\SYSTEM,HKEY_LOCAL_MACHINE\Software\Classes\CLSID\{FD688BBD-31ED-4DB7-A723-934927D38367}\InProcServer32\,%SystemRoot%\system32\windowscodecs.dll
ST869VRJ,Classes\CLSID\{56DA6136-B95E-4249-BB50-E4773A2B3B5E}\InProcServer32,REG_EXPAND_SZ,,NT AUTHORITY\SYSTEM,HKEY_LOCAL_MACHINE\Software\Classes\CLSID\{56DA6136-B95E-4249-BB50-E4773A2B3B5E}\InProcServer32\,%SystemRoot%\System32\oobe\msoobeplugins.dll
ST869VRJ,Classes\CLSID\{32be5ed2-5c86-480f-a914-0ff8885a1b3f}\InProcServer32,REG_EXPAND_SZ,,NT AUTHORITY\SYSTEM,HKEY_LOCAL_MACHINE\Software\Classes\CLSID\{32be5ed2-5c86-480f-a914-0ff8885a1b3f}\InProcServer32\,%SystemRoot%\system32\rdpencom.dll
ST869VRJ,Classes\CLSID\{50B1904B-F28F-4574-93F4-0BADE82C69E9}\InProcServer32,REG_EXPAND_SZ,,NT AUTHORITY\SYSTEM,HKEY_LOCAL_MACHINE\Software\Classes\CLSID\{50B1904B-F28F-4574-93F4-0BADE82C69E9}\InProcServer32\,%SystemRoot%\system32\windowscodecs.dll
ST869VRJ,Microsoft\Windows NT\CurrentVersion\Image File Execution Options\DllNXOptions\,REG_DWORD,javai.dll,NT AUTHORITY\SYSTEM,HKEY_LOCAL_MACHINE\Software\Microsoft\Windows NT\CurrentVersion\Image File Execution Options\DllNXOptions\javai.dll,1
ST869VRJ,Classes\CLSID\{776266FF-0DC5-4F45-BADA-39A7586FACE2}\InProcServer32,REG_EXPAND_SZ,,NT AUTHORITY\SYSTEM,HKEY_LOCAL_MACHINE\Software\Classes\CLSID\{776266FF-0DC5-4F45-BADA-39A7586FACE2}\InProcServer32\,%SystemRoot%\System32\NaturalLanguage6.dll
ST869VRJ,Classes\CLSID\{3050f3B4-98b5-11cf-bb82-00aa00bdce0b}\InProcServer32,REG_SZ,,NT AUTHORITY\SYSTEM,HKEY_LOCAL_MACHINE\Software\Classes\CLSID\{3050f3B4-98b5-11cf-bb82-00aa00bdce0b}\InProcServer32\,C:\Windows\System32\mshtml.dll
ST869VRJ,Classes\CLSID\{BA126E01-2166-11D1-B1D0-00805FC1270E}\InProcServer32,REG_EXPAND_SZ,,NT AUTHORITY\SYSTEM,HKEY_LOCAL_MACHINE\Software\Classes\CLSID\{BA126E01-2166-11D1-B1D0-00805FC1270E}\InProcServer32\,%SystemRoot%\system32\netshell.dll
ST869VRJ,Classes\CLSID\{4933656C-55E2-48e6-AD89-679CAE6295DF}\InProcServer32,REG_EXPAND_SZ,,NT AUTHORITY\SYSTEM,HKEY_LOCAL_MACHINE\Software\Classes\CLSID\{4933656C-55E2-48e6-AD89-679CAE6295DF}\InProcServer32\,%SystemRoot%\system32\authui.dll
ST869VRJ,Classes\CLSID\{777BA8E3-2498-4875-933A-3067DE883070}\InProcServer32,REG_EXPAND_SZ,,NT AUTHORITY\SYSTEM,HKEY_LOCAL_MACHINE\Software\Classes\CLSID\{777BA8E3-2498-4875-933A-3067DE883070}\InProcServer32\,%SystemRoot%\system32\xwizards.dll
ST869VRJ,Classes\CLSID\{58141F2A-7598-4B93-9D77-4ADF00E044B8}\InProcServer32,REG_EXPAND_SZ,,NT AUTHORITY\SYSTEM,HKEY_LOCAL_MACHINE\Software\Classes\CLSID\{58141F2A-7598-4B93-9D77-4ADF00E044B8}\InProcServer32\,%SystemRoot%\system32\twinui.dll
ST869VRJ,Classes\CLSID\{94426DE2-3211-11d2-A0DB-00C04F8EDCEE}\InProcServer32,REG_SZ,,NT AUTHORITY\SYSTEM,HKEY_LOCAL_MACHINE\Software\Classes\CLSID\{94426DE2-3211-11d2-A0DB-00C04F8EDCEE}\InProcServer32\,C:\Windows\System32\catsrvut.dll
ST869VRJ,Microsoft\Windows NT\CurrentVersion\Image File Execution Options\DllNXOptions\,REG_DWORD,vb40032.dll,NT AUTHORITY\SYSTEM,HKEY_LOCAL_MACHINE\Software\Microsoft\Windows NT\CurrentVersion\Image File Execution Options\DllNXOptions\vb40032.dll,1
ST869VRJ,Classes\CLSID\{1fefd825-016b-484c-a0aa-616c5f371c1f}\InProcServer32,REG_EXPAND_SZ,,NT AUTHORITY\SYSTEM,HKEY_LOCAL_MACHINE\Software\Classes\CLSID\{1fefd825-016b-484c-a0aa-616c5f371c1f}\InProcServer32\,%SystemRoot%\system32\sdclient.dll
ST869VRJ,Classes\CLSID\{C03E8588-781E-49a1-8190-CE902D0B2CE7}\InProcServer32,REG_EXPAND_SZ,,NT AUTHORITY\SYSTEM,HKEY_LOCAL_MACHINE\Software\Classes\CLSID\{C03E8588-781E-49a1-8190-CE902D0B2CE7}\InProcServer32\,%SystemRoot%\system32\rasgcw.dll
ST869VRJ,Classes\CLSID\{0CA545C6-37AD-4A6C-BF92-9F7610067EF5}\InProcServer32,REG_SZ,,NT AUTHORITY\SYSTEM,HKEY_LOCAL_MACHINE\Software\Classes\CLSID\{0CA545C6-37AD-4A6C-BF92-9F7610067EF5}\InProcServer32\,C:\Windows\System32\FirewallAPI.dll
ST869VRJ,Classes\CLSID\{A8CA4495-65AB-4333-9FF9-4FEB6FBF5169}\InProcServer32,REG_SZ,,NT AUTHORITY\SYSTEM,HKEY_LOCAL_MACHINE\Software\Classes\CLSID\{A8CA4495-65AB-4333-9FF9-4FEB6FBF5169}\InProcServer32\,C:\Windows\System32\shell32.dll
ST869VRJ,Classes\CLSID\{69ED626B-904D-4DEF-B919-9EF7E4E339DD}\InProcServer32,REG_EXPAND_SZ,,NT AUTHORITY\SYSTEM,HKEY_LOCAL_MACHINE\Software\Classes\CLSID\{69ED626B-904D-4DEF-B919-9EF7E4E339DD}\InProcServer32\,%SystemRoot%\System32\NaturalLanguage6.dll
ST869VRJ,Classes\CLSID\{78D22140-40CF-303E-BE96-B3AC0407A34D}\InProcServer32,REG_SZ,,NT AUTHORITY\SYSTEM,HKEY_LOCAL_MACHINE\Software\Classes\CLSID\{78D22140-40CF-303E-BE96-B3AC0407A34D}\InProcServer32\,C:\Windows\System32\mscoree.dll
ST869VRJ,Classes\CLSID\{CC89BA65-661C-494a-85C0-5D697DFEB30C}\InProcServer32,REG_EXPAND_SZ,,NT AUTHORITY\SYSTEM,HKEY_LOCAL_MACHINE\Software\Classes\CLSID\{CC89BA65-661C-494a-85C0-5D697DFEB30C}\InProcServer32\,%SystemRoot%\system32\shell32.dll
ST869VRJ,Classes\CLSID\{57154C7C-EDB2-3BFD-A8BA-924C60913EBF}\InProcServer32,REG_SZ,,NT AUTHORITY\SYSTEM,HKEY_LOCAL_MACHINE\Software\Classes\CLSID\{57154C7C-EDB2-3BFD-A8BA-924C60913EBF}\InProcServer32\,C:\Windows\System32\mscoree.dll
ST869VRJ,Classes\CLSID\{4A2286E0-7BEF-11CE-9BD9-0000E202599C}\InProcServer32,REG_SZ,,NT AUTHORITY\SYSTEM,HKEY_LOCAL_MACHINE\Software\Classes\CLSID\{4A2286E0-7BEF-11CE-9BD9-0000E202599C}\InProcServer32\,C:\Windows\System32\quartz.dll
ST869VRJ,Wow6432Node\Classes\CLSID\{8FADC6A8-183E-4DFC-944A-84A323334B98}\InProcServer32,REG_SZ,,NT AUTHORITY\SYSTEM,HKEY_LOCAL_MACHINE\Software\Wow6432Node\Classes\CLSID\{8FADC6A8-183E-4DFC-944A-84A323334B98}\InProcServer32\,C:\Windows\SysWOW64\findnetprinters.dll
ST869VRJ,Classes\CLSID\{B406AC70-4D7E-3D24-B241-AEAEAC343BD9}\InProcServer32,REG_SZ,,NT AUTHORITY\SYSTEM,HKEY_LOCAL_MACHINE\Software\Classes\CLSID\{B406AC70-4D7E-3D24-B241-AEAEAC343BD9}\InProcServer32\,C:\Windows\System32\mscoree.dll
ST869VRJ,Classes\CLSID\{22C21F93-7DDB-411C-9B17-C5B7BD064ABC}\InProcServer32,REG_EXPAND_SZ,,NT AUTHORITY\SYSTEM,HKEY_LOCAL_MACHINE\Software\Classes\CLSID\{22C21F93-7DDB-411C-9B17-C5B7BD064ABC}\InProcServer32\,%SystemRoot%\system32\windowscodecsext.dll
ST869VRJ,Classes\CLSID\{1CC6B704-D0F5-4dc3-A521-13620D89E8BC}\InProcServer32,REG_EXPAND_SZ,,NT AUTHORITY\SYSTEM,HKEY_LOCAL_MACHINE\Software\Classes\CLSID\{1CC6B704-D0F5-4dc3-A521-13620D89E8BC}\InProcServer32\,%SystemRoot%\system32\shell32.dll
ST869VRJ,Classes\CLSID\{12D73610-A1C9-11D3-BC90-00C04F72DF9F}\InProcServer32,REG_EXPAND_SZ,,NT AUTHORITY\SYSTEM,HKEY_LOCAL_MACHINE\Software\Classes\CLSID\{12D73610-A1C9-11D3-BC90-00C04F72DF9F}\InProcServer32\,%SystemRoot%\System32\Speech\Common\sapi.dll
ST869VRJ,Classes\CLSID\{DFFACDC5-679F-4156-8947-C5C76BC0B67F}\InProcServer32,REG_EXPAND_SZ,,NT AUTHORITY\SYSTEM,HKEY_LOCAL_MACHINE\Software\Classes\CLSID\{DFFACDC5-679F-4156-8947-C5C76BC0B67F}\InProcServer32\,%SystemRoot%\System32\shell32.dll
ST869VRJ,Classes\CLSID\{0B124F8F-91F0-11D1-B8B5-006008059382}\InProcServer32,REG_EXPAND_SZ,,NT AUTHORITY\SYSTEM,HKEY_LOCAL_MACHINE\Software\Classes\CLSID\{0B124F8F-91F0-11D1-B8B5-006008059382}\InProcServer32\,%SystemRoot%\System32\appwiz.cpl
ST869VRJ,Classes\CLSID\{AF0CE3EB-8E31-4D61-98D4-A047F4826DE8}\InProcServer32,REG_SZ,,BUILTIN\Administrators,HKEY_LOCAL_MACHINE\Software\Classes\CLSID\{AF0CE3EB-8E31-4D61-98D4-A047F4826DE8}\InProcServer32\,C:\Program Files\Common Files\McAfee\MHN\HomeNetSvc.dll
ST869VRJ,Classes\CLSID\{CCBA37FC-982B-433B-8AC2-455E616A8559}\InProcServer32,REG_EXPAND_SZ,,NT AUTHORITY\SYSTEM,HKEY_LOCAL_MACHINE\Software\Classes\CLSID\{CCBA37FC-982B-433B-8AC2-455E616A8559}\InProcServer32\,%SystemRoot%\system32\tscfgwmi.dll
ST869VRJ,Classes\CLSID\{03C036F1-A186-11D0-824A-00AA005B4383}\InProcServer32,REG_EXPAND_SZ,,NT AUTHORITY\SYSTEM,HKEY_LOCAL_MACHINE\Software\Classes\CLSID\{03C036F1-A186-11D0-824A-00AA005B4383}\InProcServer32\,%SystemRoot%\system32\shell32.dll
ST869VRJ,Classes\CLSID\{AF279B30-86EB-11D1-81BF-0000F87557DB}\InProcServer32,REG_SZ,,NT AUTHORITY\SYSTEM,HKEY_LOCAL_MACHINE\Software\Classes\CLSID\{AF279B30-86EB-11D1-81BF-0000F87557DB}\InProcServer32\,C:\Windows\System32\Dxtmsft.dll
ST869VRJ,CurrentControlSet\Control\Terminal Server\Wds\rdpwd\,REG_SZ,StartupPrograms,NT AUTHORITY\SYSTEM,HKEY_LOCAL_MACHINE\System\CurrentControlSet\Control\Terminal Server\Wds\rdpwd\StartupPrograms,rdpclip
ST869VRJ,Classes\CLSID\{BF1A6196-0201-41FF-9024-EBDCA65A2D85}\InProcServer32,REG_SZ,,BUILTIN\Administrators,HKEY_LOCAL_MACHINE\Software\Classes\CLSID\{BF1A6196-0201-41FF-9024-EBDCA65A2D85}\InProcServer32\,c:\PROGRA~1\mcafee\msc\mcgsshm.dll
ST869VRJ,Classes\CLSID\{389EA17B-5078-4CDE-B6EF-25C15175C751}\InProcServer32,REG_EXPAND_SZ,,NT AUTHORITY\SYSTEM,HKEY_LOCAL_MACHINE\Software\Classes\CLSID\{389EA17B-5078-4CDE-B6EF-25C15175C751}\InProcServer32\,%SystemRoot%\system32\windowscodecs.dll
ST869VRJ,Classes\CLSID\{D38B2A0A-D751-4795-8CAC-DBCE8EF7D103}\InProcServer32,REG_SZ,,BUILTIN\Administrators,HKEY_LOCAL_MACHINE\Software\Classes\CLSID\{D38B2A0A-D751-4795-8CAC-DBCE8EF7D103}\InProcServer32\,c:\PROGRA~1\COMMON~1\mcafee\platform\mcdspwrp.dll
ST869VRJ,Classes\CLSID\{eea0c191-dda8-4656-8fc4-72bdedba8a78}\InProcServer32,REG_EXPAND_SZ,,NT AUTHORITY\SYSTEM,HKEY_LOCAL_MACHINE\Software\Classes\CLSID\{eea0c191-dda8-4656-8fc4-72bdedba8a78}\InProcServer32\,%SystemRoot%\system32\shell32.dll
ST869VRJ,Classes\CLSID\{80A09B21-11E7-462B-844A-1EB3415BB4A8}\InProcServer32,REG_SZ,,NT AUTHORITY\SYSTEM,HKEY_LOCAL_MACHINE\Software\Classes\CLSID\{80A09B21-11E7-462B-844A-1EB3415BB4A8}\InProcServer32\,C:\Windows\System32\Windows.Storage.Compression.dll
ST869VRJ,Classes\CLSID\{3dad6c5d-2167-4cae-9914-f99e41c12cfa}\InProcServer32,REG_EXPAND_SZ,,NT AUTHORITY\SYSTEM,HKEY_LOCAL_MACHINE\Software\Classes\CLSID\{3dad6c5d-2167-4cae-9914-f99e41c12cfa}\InProcServer32\,%SystemRoot%\system32\shell32.dll
ST869VRJ,Classes\CLSID\{E2FE048A-318B-4c79-A934-95AF2BCADEAC}\InProcServer32,REG_EXPAND_SZ,,NT AUTHORITY\SYSTEM,HKEY_LOCAL_MACHINE\Software\Classes\CLSID\{E2FE048A-318B-4c79-A934-95AF2BCADEAC}\InProcServer32\,%SystemRoot%\system32\shell32.dll
ST869VRJ,Classes\CLSID\{8B3302D7-95F6-4BC5-A06A-0D6DEF15DB69}\InProcServer32,REG_EXPAND_SZ,,NT AUTHORITY\SYSTEM,HKEY_LOCAL_MACHINE\Software\Classes\CLSID\{8B3302D7-95F6-4BC5-A06A-0D6DEF15DB69}\InProcServer32\,%SystemRoot%\System32\NaturalLanguage6.dll
ST869VRJ,CurrentControlSet\Services\1394ohci\,REG_EXPAND_SZ,ImagePath,NT AUTHORITY\SYSTEM,HKEY_LOCAL_MACHINE\SYSTEM\CurrentControlSet\Services\1394ohci\ImagePath,\SystemRoot\System32\drivers\1394ohci.sys
ST869VRJ,Classes\CLSID\{86747AC0-42A0-1069-A2E6-08002B30309D}\InProcServer32,REG_EXPAND_SZ,,NT AUTHORITY\SYSTEM,HKEY_LOCAL_MACHINE\Software\Classes\CLSID\{86747AC0-42A0-1069-A2E6-08002B30309D}\InProcServer32\,%SystemRoot%\system32\shell32.dll
ST869VRJ,Microsoft\Windows\CurrentVersion\Policies\Explorer\,REG_DWORD,NoActiveDesktopChanges,NT AUTHORITY\SYSTEM,HKEY_LOCAL_MACHINE\Software\Microsoft\Windows\CurrentVersion\Policies\Explorer\NoActiveDesktopChanges,1
ST869VRJ,Classes\CLSID\{4C1FC63A-695C-47E8-A339-1A194BE3D0B8}\InProcServer32,REG_EXPAND_SZ,,NT AUTHORITY\SYSTEM,HKEY_LOCAL_MACHINE\Software\Classes\CLSID\{4C1FC63A-695C-47E8-A339-1A194BE3D0B8}\InProcServer32\,%SystemRoot%\System32\UIAnimation.dll
ST869VRJ,Classes\CLSID\{99D54F63-1A69-41AE-AA4D-C976EB3F0713}\InProcServer32,REG_SZ,,NT AUTHORITY\SYSTEM,HKEY_LOCAL_MACHINE\Software\Classes\CLSID\{99D54F63-1A69-41AE-AA4D-C976EB3F0713}\InProcServer32\,C:\Windows\System32\quartz.dll
ST869VRJ,Classes\CLSID\{30276b4f-f25c-457c-a4b7-08574f8ea528}\InProcServer32,REG_EXPAND_SZ,,NT AUTHORITY\SYSTEM,HKEY_LOCAL_MACHINE\Software\Classes\CLSID\{30276b4f-f25c-457c-a4b7-08574f8ea528}\InProcServer32\,%SystemRoot%\system32\SearchFolder.dll
ST869VRJ,Classes\CLSID\{8D4B04E1-1331-11d0-81B8-00C04FD85AB4}\InProcServer32,REG_EXPAND_SZ,,NT AUTHORITY\SYSTEM,HKEY_LOCAL_MACHINE\Software\Classes\CLSID\{8D4B04E1-1331-11d0-81B8-00C04FD85AB4}\InProcServer32\,%SystemRoot%\system32\msoeacct.dll
ST869VRJ,Classes\CLSID\{6CF48EF8-44CD-45d2-8832-A16EA016311B}\InProcServer32,REG_SZ,,NT AUTHORITY\SYSTEM,HKEY_LOCAL_MACHINE\Software\Classes\CLSID\{6CF48EF8-44CD-45d2-8832-A16EA016311B}\InProcServer32\,C:\Windows\System32\ieframe.dll
ST869VRJ,Classes\CLSID\{8FD7E19C-3BF7-489B-A72C-846AB3678C96}\InProcServer32,REG_EXPAND_SZ,,NT AUTHORITY\SYSTEM,HKEY_LOCAL_MACHINE\Software\Classes\CLSID\{8FD7E19C-3BF7-489B-A72C-846AB3678C96}\InProcServer32\,%SystemRoot%\system32\SmartcardCredentialProvider.dll
ST869VRJ,Classes\CLSID\{E13B6688-3F39-11D0-96F6-00A0C9191601}\InProcServer32,REG_EXPAND_SZ,,NT AUTHORITY\SYSTEM,HKEY_LOCAL_MACHINE\Software\Classes\CLSID\{E13B6688-3F39-11D0-96F6-00A0C9191601}\InProcServer32\,%SystemRoot%\System32\dmdskmgr.dll
ST869VRJ,CurrentControlSet\Services\SNMPTRAP\,REG_EXPAND_SZ,ImagePath,NT AUTHORITY\SYSTEM,HKEY_LOCAL_MACHINE\SYSTEM\CurrentControlSet\Services\SNMPTRAP\ImagePath,%SystemRoot%\System32\snmptrap.exe
ST869VRJ,Classes\CLSID\{023A36FC-E9D5-419E-824A-CDC66A116E84}\InProcServer32,REG_SZ,,NT AUTHORITY\SYSTEM,HKEY_LOCAL_MACHINE\Software\Classes\CLSID\{023A36FC-E9D5-419E-824A-CDC66A116E84}\InProcServer32\,C:\Windows\System32\AuthFWGP.dll
ST869VRJ,Classes\CLSID\{00108226-EE41-44A2-9E9C-4BE4D5B1D2CD}\InProcServer32,REG_EXPAND_SZ,,NT AUTHORITY\SYSTEM,HKEY_LOCAL_MACHINE\Software\Classes\CLSID\{00108226-EE41-44A2-9E9C-4BE4D5B1D2CD}\InProcServer32\,%SystemRoot%\system32\windowscodecs.dll
ST869VRJ,Classes\CLSID\{4E77EC8F-51D8-386C-85FE-7DC931B7A8E7}\InProcServer32,REG_SZ,,NT AUTHORITY\SYSTEM,HKEY_LOCAL_MACHINE\Software\Classes\CLSID\{4E77EC8F-51D8-386C-85FE-7DC931B7A8E7}\InProcServer32\,C:\Windows\System32\mscoree.dll
ST869VRJ,Classes\CLSID\{72eb61e0-8672-4303-9175-f2e4c68b2e7c}\InProcServer32,REG_EXPAND_SZ,,NT AUTHORITY\SYSTEM,HKEY_LOCAL_MACHINE\Software\Classes\CLSID\{72eb61e0-8672-4303-9175-f2e4c68b2e7c}\InProcServer32\,%SystemRoot%\system32\shell32.dll
ST869VRJ,Classes\CLSID\{99969a8f-27e6-4adf-ab9f-b5b5e90d4733}\InProcServer32,REG_EXPAND_SZ,,NT AUTHORITY\SYSTEM,HKEY_LOCAL_MACHINE\Software\Classes\CLSID\{99969a8f-27e6-4adf-ab9f-b5b5e90d4733}\InProcServer32\,%SystemRoot%\system32\shell32.dll
ST869VRJ,Classes\CLSID\{C03E8569-781E-49a1-8190-CE902D0B2CE7}\InProcServer32,REG_EXPAND_SZ,,NT AUTHORITY\SYSTEM,HKEY_LOCAL_MACHINE\Software\Classes\CLSID\{C03E8569-781E-49a1-8190-CE902D0B2CE7}\InProcServer32\,%SystemRoot%\system32\rasgcw.dll
ST869VRJ,Classes\CLSID\{A65B8071-3BFE-4213-9A5B-491DA4461CA7}\InProcServer32,REG_SZ,,NT AUTHORITY\SYSTEM,HKEY_LOCAL_MACHINE\Software\Classes\CLSID\{A65B8071-3BFE-4213-9A5B-491DA4461CA7}\InProcServer32\,C:\Windows\System32\dxdiagn.dll
ST869VRJ,CurrentControlSet\Services\vmickvpexchange\Parameters\,REG_EXPAND_SZ,ServiceDll,NT AUTHORITY\SYSTEM,HKEY_LOCAL_MACHINE\SYSTEM\CurrentControlSet\Services\vmickvpexchange\Parameters\ServiceDll,%SystemRoot%\System32\ICSvc.dll
ST869VRJ,Classes\CLSID\{7A6065F5-E2C6-45c8-968D-306BCB145A68}\InProcServer32,REG_SZ,,NT AUTHORITY\SYSTEM,HKEY_LOCAL_MACHINE\Software\Classes\CLSID\{7A6065F5-E2C6-45c8-968D-306BCB145A68}\InProcServer32\,C:\Windows\System32\InputMethod\SHARED\MTFUtils.dll
ST869VRJ,Classes\CLSID\{EAE826D3-ECB5-49ff-BC55-7B318E78C6DD}\InProcServer32,REG_EXPAND_SZ,,NT AUTHORITY\SYSTEM,HKEY_LOCAL_MACHINE\Software\Classes\CLSID\{EAE826D3-ECB5-49ff-BC55-7B318E78C6DD}\InProcServer32\,%SystemRoot%\System32\dot3dlg.dll
ST869VRJ,Classes\CLSID\{ACC56A05-E277-4B1E-A43E-7A73E3CD6E6C}\InProcServer32,REG_SZ,,NT AUTHORITY\SYSTEM,HKEY_LOCAL_MACHINE\Software\Classes\CLSID\{ACC56A05-E277-4B1E-A43E-7A73E3CD6E6C}\InProcServer32\,C:\Windows\System32\deviceaccess.dll
ST869VRJ,Classes\CLSID\{B5C8B898-0074-459F-B700-860D4651EA14}\InProcServer32,REG_EXPAND_SZ,,NT AUTHORITY\SYSTEM,HKEY_LOCAL_MACHINE\Software\Classes\CLSID\{B5C8B898-0074-459F-B700-860D4651EA14}\InProcServer32\,%SystemRoot%\system32\windowscodecs.dll
ST869VRJ,Classes\CLSID\{A258718D-BE3E-40CC-A77F-75642516497C}\InProcServer32,REG_EXPAND_SZ,,NT AUTHORITY\SYSTEM,HKEY_LOCAL_MACHINE\Software\Classes\CLSID\{A258718D-BE3E-40CC-A77F-75642516497C}\InProcServer32\,%SystemRoot%\System32\AppxPackaging.dll
ST869VRJ,Wow6432Node\Classes\CLSID\{4C6470A6-3F91-4f41-850B-DB9BCD074537}\InProcServer32,REG_SZ,,NT AUTHORITY\SYSTEM,HKEY_LOCAL_MACHINE\Software\Wow6432Node\Classes\CLSID\{4C6470A6-3F91-4f41-850B-DB9BCD074537}\InProcServer32\,C:\Windows\SysWOW64\msfeedsbs.dll
ST869VRJ,Classes\CLSID\{79eac9d0-baf9-11ce-8c82-00aa004ba90b}\InProcServer32,REG_SZ,,NT AUTHORITY\SYSTEM,HKEY_LOCAL_MACHINE\Software\Classes\CLSID\{79eac9d0-baf9-11ce-8c82-00aa004ba90b}\InProcServer32\,C:\Windows\System32\hlink.dll
ST869VRJ,Classes\CLSID\{33BCC8EC-0D01-4E10-AD3D-4DAF749873ED}\InProcServer32,REG_EXPAND_SZ,,NT AUTHORITY\SYSTEM,HKEY_LOCAL_MACHINE\Software\Classes\CLSID\{33BCC8EC-0D01-4E10-AD3D-4DAF749873ED}\InProcServer32\,%SystemRoot%\system32\explorerframe.dll
ST869VRJ,Classes\CLSID\{6B91AFEF-9472-11D1-8574-00C04FC31FD3}\InProcServer32,REG_EXPAND_SZ,,NT AUTHORITY\SYSTEM,HKEY_LOCAL_MACHINE\Software\Classes\CLSID\{6B91AFEF-9472-11D1-8574-00C04FC31FD3}\InProcServer32\,%SystemRoot%\System32\mprsnap.dll
ST869VRJ,Classes\CLSID\{C03E8522-781E-49a1-8190-CE902D0B2CE7}\InProcServer32,REG_EXPAND_SZ,,NT AUTHORITY\SYSTEM,HKEY_LOCAL_MACHINE\Software\Classes\CLSID\{C03E8522-781E-49a1-8190-CE902D0B2CE7}\InProcServer32\,%SystemRoot%\system32\rasgcw.dll
ST869VRJ,Classes\CLSID\{0655E396-25D0-11D3-9C26-00C04F8EF87C}\InProcServer32,REG_EXPAND_SZ,,NT AUTHORITY\SYSTEM,HKEY_LOCAL_MACHINE\Software\Classes\CLSID\{0655E396-25D0-11D3-9C26-00C04F8EF87C}\InProcServer32\,%SystemRoot%\System32\Speech\Common\sapi.dll
ST869VRJ,Classes\CLSID\{08DFCEF6-4F00-436F-B621-B1585343C2FB}\InProcServer32,REG_EXPAND_SZ,,NT AUTHORITY\SYSTEM,HKEY_LOCAL_MACHINE\Software\Classes\CLSID\{08DFCEF6-4F00-436F-B621-B1585343C2FB}\InProcServer32\,%SystemRoot%\System32\oobe\msoobeplugins.dll
ST869VRJ,Classes\CLSID\{6BC09896-0CE6-11D1-BAAE-00C04FC2E20D}\InProcServer32,REG_EXPAND_SZ,,NT AUTHORITY\SYSTEM,HKEY_LOCAL_MACHINE\Software\Classes\CLSID\{6BC09896-0CE6-11D1-BAAE-00C04FC2E20D}\InProcServer32\,%SystemRoot%\system32\iassam.dll
ST869VRJ,Classes\CLSID\{EE14E412-4988-458C-B863-76E3C1BF71C2}\InProcServer32,REG_EXPAND_SZ,,NT AUTHORITY\SYSTEM,HKEY_LOCAL_MACHINE\Software\Classes\CLSID\{EE14E412-4988-458C-B863-76E3C1BF71C2}\InProcServer32\,%SystemRoot%\System32\oobe\msoobedui.dll
ST869VRJ,Wow6432Node\Classes\CLSID\{0b2feecb-1577-4fa6-9a29-bd9022ebcf90}\InProcServer32,REG_SZ,,NT AUTHORITY\SYSTEM,HKEY_LOCAL_MACHINE\Software\Wow6432Node\Classes\CLSID\{0b2feecb-1577-4fa6-9a29-bd9022ebcf90}\InProcServer32\,C:\Windows\SysWOW64\RasDiag.dll
ST869VRJ,Classes\CLSID\{4234d49b-0245-4df3-b780-3893943456e1}\InProcServer32,REG_SZ,,NT AUTHORITY\SYSTEM,HKEY_LOCAL_MACHINE\Software\Classes\CLSID\{4234d49b-0245-4df3-b780-3893943456e1}\InProcServer32\,C:\Windows\System32\twinui.dll
ST869VRJ,Classes\CLSID\{48D0CFE7-3128-3D2C-A5B5-8C7B82B4AB4F}\InProcServer32,REG_SZ,,NT AUTHORITY\SYSTEM,HKEY_LOCAL_MACHINE\Software\Classes\CLSID\{48D0CFE7-3128-3D2C-A5B5-8C7B82B4AB4F}\InProcServer32\,C:\Windows\System32\mscoree.dll
ST869VRJ,Wow6432Node\Classes\CLSID\{6a2af23e-b6d9-4a72-938d-9bffc96be71e}\InProcServer32,REG_SZ,,NT AUTHORITY\SYSTEM,HKEY_LOCAL_MACHINE\Software\Wow6432Node\Classes\CLSID\{6a2af23e-b6d9-4a72-938d-9bffc96be71e}\InProcServer32\,C:\Windows\SysWOW64\Windows.Networking.HostName.dll
ST869VRJ,Classes\CLSID\{A95B959F-64A9-43E4-A874-C8A77905854A}\InProcServer32,REG_SZ,,BUILTIN\Administrators,HKEY_LOCAL_MACHINE\Software\Classes\CLSID\{A95B959F-64A9-43E4-A874-C8A77905854A}\InProcServer32\,c:\PROGRA~1\COMMON~1\mcafee\platform\MCSVCH~1\mcsvhver.dll
ST869VRJ,Classes\CLSID\{1765E14E-1BD4-462E-B6B1-590BF1262AC6}\InProcServer32,REG_EXPAND_SZ,,NT AUTHORITY\SYSTEM,HKEY_LOCAL_MACHINE\Software\Classes\CLSID\{1765E14E-1BD4-462E-B6B1-590BF1262AC6}\InProcServer32\,%SystemRoot%\system32\windowscodecsext.dll
ST869VRJ,Classes\CLSID\{E2E9CAE6-1E7B-4B8E-BABD-E9BF6292AC29}\InProcServer32,REG_EXPAND_SZ,,NT AUTHORITY\SYSTEM,HKEY_LOCAL_MACHINE\Software\Classes\CLSID\{E2E9CAE6-1E7B-4B8E-BABD-E9BF6292AC29}\InProcServer32\,%SystemRoot%\system32\tsuserex.dll
ST869VRJ,Classes\CLSID\{69a568cf-86d1-4e47-b1fc-a74a110583fb}\InProcServer32,REG_EXPAND_SZ,,NT AUTHORITY\SYSTEM,HKEY_LOCAL_MACHINE\Software\Classes\CLSID\{69a568cf-86d1-4e47-b1fc-a74a110583fb}\InProcServer32\,%SystemRoot%\system32\shell32.dll
ST869VRJ,Classes\CLSID\{82d792e9-8f8c-4f4a-9dbf-06253e4562a8}\InProcServer32,REG_EXPAND_SZ,,NT AUTHORITY\SYSTEM,HKEY_LOCAL_MACHINE\Software\Classes\CLSID\{82d792e9-8f8c-4f4a-9dbf-06253e4562a8}\InProcServer32\,%SystemRoot%\system32\shell32.dll
ST869VRJ,Classes\CLSID\{FD853CE8-7F86-11d0-8252-00C04FD85AB4}\InProcServer32,REG_SZ,,NT AUTHORITY\SYSTEM,HKEY_LOCAL_MACHINE\Software\Classes\CLSID\{FD853CE8-7F86-11d0-8252-00C04FD85AB4}\InProcServer32\,C:\Windows\System32\inetcomm.dll
ST869VRJ,Classes\CLSID\{674D81C2-E581-4235-B575-B6D22BB0B1B3}\InProcServer32,REG_SZ,,BUILTIN\Administrators,HKEY_LOCAL_MACHINE\Software\Classes\CLSID\{674D81C2-E581-4235-B575-B6D22BB0B1B3}\InProcServer32\,c:\PROGRA~1\mcafee\mqs\shredshm.dll
ST869VRJ,Classes\CLSID\{7b81be6a-ce2b-4676-a29e-eb907a5126c5}\InProcServer32,REG_EXPAND_SZ,,NT AUTHORITY\SYSTEM,HKEY_LOCAL_MACHINE\Software\Classes\CLSID\{7b81be6a-ce2b-4676-a29e-eb907a5126c5}\InProcServer32\,%SystemRoot%\System32\appwiz.cpl
ST869VRJ,Classes\CLSID\{A0F5F5DC-337B-38D7-B1A3-FB1B95666BBF}\InProcServer32,REG_SZ,,NT AUTHORITY\SYSTEM,HKEY_LOCAL_MACHINE\Software\Classes\CLSID\{A0F5F5DC-337B-38D7-B1A3-FB1B95666BBF}\InProcServer32\,C:\Windows\System32\mscoree.dll
ST869VRJ,Classes\CLSID\{14074e0b-7216-4862-96e6-53cada442a56}\InProcServer32,REG_EXPAND_SZ,,NT AUTHORITY\SYSTEM,HKEY_LOCAL_MACHINE\Software\Classes\CLSID\{14074e0b-7216-4862-96e6-53cada442a56}\InProcServer32\,%SystemRoot%\System32\shell32.dll
ST869VRJ,Classes\CLSID\{92755472-2059-3F96-8938-8AC767B5187B}\InProcServer32,REG_SZ,,NT AUTHORITY\SYSTEM,HKEY_LOCAL_MACHINE\Software\Classes\CLSID\{92755472-2059-3F96-8938-8AC767B5187B}\InProcServer32\,C:\Windows\System32\mscoree.dll
ST869VRJ,Classes\CLSID\{23E26328-3928-40F2-95E5-93CAD69016EB}\InProcServer32,REG_SZ,,NT AUTHORITY\SYSTEM,HKEY_LOCAL_MACHINE\Software\Classes\CLSID\{23E26328-3928-40F2-95E5-93CAD69016EB}\InProcServer32\,C:\Windows\System32\Dxtmsft.dll
ST869VRJ,Classes\CLSID\{6BC098A9-0CE6-11D1-BAAE-00C04FC2E20D}\InProcServer32,REG_EXPAND_SZ,,NT AUTHORITY\SYSTEM,HKEY_LOCAL_MACHINE\Software\Classes\CLSID\{6BC098A9-0CE6-11D1-BAAE-00C04FC2E20D}\InProcServer32\,%SystemRoot%\system32\iasnap.dll
ST869VRJ,CurrentControlSet\Services\Serenum\,REG_EXPAND_SZ,ImagePath,NT AUTHORITY\SYSTEM,HKEY_LOCAL_MACHINE\SYSTEM\CurrentControlSet\Services\Serenum\ImagePath,\SystemRoot\System32\drivers\serenum.sys
ST869VRJ,Classes\CLSID\{5E33D52F-2EE2-48EE-80FC-543DFF43E326}\InProcServer32,REG_EXPAND_SZ,,NT AUTHORITY\SYSTEM,HKEY_LOCAL_MACHINE\Software\Classes\CLSID\{5E33D52F-2EE2-48EE-80FC-543DFF43E326}\InProcServer32\,%SystemRoot%\system32\igdDiag.dll
ST869VRJ,Classes\CLSID\{B9E84FFD-AD3C-40A4-B835-0882EBCBAAA8}\InProcServer32,REG_EXPAND_SZ,,NT AUTHORITY\SYSTEM,HKEY_LOCAL_MACHINE\Software\Classes\CLSID\{B9E84FFD-AD3C-40A4-B835-0882EBCBAAA8}\InProcServer32\,%SystemRoot%\system32\upnp.dll
ST869VRJ,Classes\CLSID\{11D5C91F-0A98-11D1-BB10-00C04FC9A3A3}\InProcServer32,REG_SZ,,NT AUTHORITY\SYSTEM,HKEY_LOCAL_MACHINE\Software\Classes\CLSID\{11D5C91F-0A98-11D1-BB10-00C04FC9A3A3}\InProcServer32\,C:\Windows\System32\mycomput.dll
ST869VRJ,Classes\CLSID\{ABCA6774-29B5-4aff-A776-C2551AE0FFE6}\InProcServer32,REG_EXPAND_SZ,,NT AUTHORITY\SYSTEM,HKEY_LOCAL_MACHINE\Software\Classes\CLSID\{ABCA6774-29B5-4aff-A776-C2551AE0FFE6}\InProcServer32\,%SystemRoot%\system32\authui.dll
ST869VRJ,Classes\CLSID\{FF3AE31D-55B0-4945-BDE9-622ABB334C1A}\InProcServer32,REG_EXPAND_SZ,,NT AUTHORITY\SYSTEM,HKEY_LOCAL_MACHINE\Software\Classes\CLSID\{FF3AE31D-55B0-4945-BDE9-622ABB334C1A}\InProcServer32\,%SystemRoot%\system32\WABSyncProvider.dll
ST869VRJ,Wow6432Node\Microsoft\Windows NT\CurrentVersion\Image File Execution Options\cscript.exe\,REG_DWORD,DisableExceptionChainValidation,NT AUTHORITY\SYSTEM,HKEY_LOCAL_MACHINE\Software\Wow6432Node\Microsoft\Windows NT\CurrentVersion\Image File Execution Options\cscript.exe\DisableExceptionChainValidation,3
ST869VRJ,Wow6432Node\Classes\CLSID\{5CE34C0D-0DC9-4C1F-897C-DAA1B78CEE7C}\InProcServer32,REG_SZ,,NT AUTHORITY\SYSTEM,HKEY_LOCAL_MACHINE\Software\Wow6432Node\Classes\CLSID\{5CE34C0D-0DC9-4C1F-897C-DAA1B78CEE7C}\InProcServer32\,C:\Windows\SysWOW64\qmgrprxy.dll
ST869VRJ,Classes\CLSID\{F4655419-DAF2-42ab-9178-3B6AC903170C}\InProcServer32,REG_EXPAND_SZ,,NT AUTHORITY\SYSTEM,HKEY_LOCAL_MACHINE\Software\Classes\CLSID\{F4655419-DAF2-42ab-9178-3B6AC903170C}\InProcServer32\,%SystemRoot%\System32\WLanHC.dll
ST869VRJ,Classes\CLSID\{F6166DAD-D3BE-4ebd-8419-9B5EAD8D0EC7}\InProcServer32,REG_EXPAND_SZ,,NT AUTHORITY\SYSTEM,HKEY_LOCAL_MACHINE\Software\Classes\CLSID\{F6166DAD-D3BE-4ebd-8419-9B5EAD8D0EC7}\InProcServer32\,%SystemRoot%\system32\shell32.dll
ST869VRJ,Classes\CLSID\{A9249952-F4C6-4BCD-9B44-6A5BA9B5209E}\InProcServer32,REG_EXPAND_SZ,,NT AUTHORITY\SYSTEM,HKEY_LOCAL_MACHINE\Software\Classes\CLSID\{A9249952-F4C6-4BCD-9B44-6A5BA9B5209E}\InProcServer32\,%SystemRoot%\system32\twinui.dll
ST869VRJ,Classes\CLSID\{E847030C-BBBA-4657-AF6D-484AA42BF1FE}\InProcServer32,REG_SZ,,NT AUTHORITY\SYSTEM,HKEY_LOCAL_MACHINE\Software\Classes\CLSID\{E847030C-BBBA-4657-AF6D-484AA42BF1FE}\InProcServer32\,C:\Windows\System32\bitsprx7.dll
ST869VRJ,Classes\CLSID\{A7C06739-500F-4E8C-99A8-2BD6955899EB}\InProcServer32,REG_SZ,,NT AUTHORITY\SYSTEM,HKEY_LOCAL_MACHINE\Software\Classes\CLSID\{A7C06739-500F-4E8C-99A8-2BD6955899EB}\InProcServer32\,C:\Windows\System32\wksprtPS.dll
ST869VRJ,Classes\CLSID\{d84fa0c2-b0b3-4470-9345-75db0ec5a83a}\InProcServer32,REG_EXPAND_SZ,,NT AUTHORITY\SYSTEM,HKEY_LOCAL_MACHINE\Software\Classes\CLSID\{d84fa0c2-b0b3-4470-9345-75db0ec5a83a}\InProcServer32\,%SystemRoot%\system32\shell32.dll
ST869VRJ,Wow6432Node\Classes\CLSID\{BCEA735B-4DAC-4B71-9C47-1D560AFD2A9B}\InProcServer32,REG_SZ,,NT AUTHORITY\SYSTEM,HKEY_LOCAL_MACHINE\Software\Wow6432Node\Classes\CLSID\{BCEA735B-4DAC-4B71-9C47-1D560AFD2A9B}\InProcServer32\,C:\Windows\SysWOW64\DfsShlEx.dll
ST869VRJ,Classes\CLSID\{2E7700B7-27C4-437F-9FBF-1E8BE2817566}\InProcServer32,REG_SZ,,NT AUTHORITY\SYSTEM,HKEY_LOCAL_MACHINE\Software\Classes\CLSID\{2E7700B7-27C4-437F-9FBF-1E8BE2817566}\InProcServer32\,C:\Windows\System32\Dxtmsft.dll
ST869VRJ,Classes\CLSID\{FD853CED-7F86-11d0-8252-00C04FD85AB4}\InProcServer32,REG_SZ,,NT AUTHORITY\SYSTEM,HKEY_LOCAL_MACHINE\Software\Classes\CLSID\{FD853CED-7F86-11d0-8252-00C04FD85AB4}\InProcServer32\,C:\Windows\System32\inetcomm.dll
ST869VRJ,Classes\CLSID\{5C35F099-165E-3225-A3A5-564150EA17F5}\InProcServer32,REG_SZ,,NT AUTHORITY\SYSTEM,HKEY_LOCAL_MACHINE\Software\Classes\CLSID\{5C35F099-165E-3225-A3A5-564150EA17F5}\InProcServer32\,C:\Windows\System32\mscoree.dll
ST869VRJ,Classes\CLSID\{f4ba59cc-2506-45ae-84c8-78ea8d7f9b3e}\InProcServer32,REG_EXPAND_SZ,,NT AUTHORITY\SYSTEM,HKEY_LOCAL_MACHINE\Software\Classes\CLSID\{f4ba59cc-2506-45ae-84c8-78ea8d7f9b3e}\InProcServer32\,C:\Windows\System32\invagent.dll
ST869VRJ,Microsoft\Windows NT\CurrentVersion\Image File Execution Options\DllNXOptions\,REG_DWORD,ppw32hlp.dll,NT AUTHORITY\SYSTEM,HKEY_LOCAL_MACHINE\Software\Microsoft\Windows NT\CurrentVersion\Image File Execution Options\DllNXOptions\ppw32hlp.dll,1
ST869VRJ,Classes\CLSID\{289228DE-A31E-11D1-A19C-0000F875B132}\InProcServer32,REG_EXPAND_SZ,,NT AUTHORITY\SYSTEM,HKEY_LOCAL_MACHINE\Software\Classes\CLSID\{289228DE-A31E-11D1-A19C-0000F875B132}\InProcServer32\,%SystemRoot%\system32\cic.dll
ST869VRJ,Wow6432Node\Classes\CLSID\{0AEA3667-1039-43ff-8D21-B1A162090671}\InProcServer32,REG_SZ,,NT AUTHORITY\SYSTEM,HKEY_LOCAL_MACHINE\Software\Wow6432Node\Classes\CLSID\{0AEA3667-1039-43ff-8D21-B1A162090671}\InProcServer32\,C:\Windows\SysWOW64\AppIdPolicyEngineApi.dll
ST869VRJ,Classes\CLSID\{205D7A97-F16D-4691-86EF-F3075DCCA57D}\InProcServer32,REG_SZ,,NT AUTHORITY\SYSTEM,HKEY_LOCAL_MACHINE\Software\Classes\CLSID\{205D7A97-F16D-4691-86EF-F3075DCCA57D}\InProcServer32\,C:\Windows\System32\ieframe.dll
ST869VRJ,Classes\CLSID\{B699E5E8-67FF-4177-88B0-3684A3388BFB}\InProcServer32,REG_SZ,,NT AUTHORITY\SYSTEM,HKEY_LOCAL_MACHINE\Software\Classes\CLSID\{B699E5E8-67FF-4177-88B0-3684A3388BFB}\InProcServer32\,C:\Windows\System32\wuapi.dll
ST869VRJ,Classes\CLSID\{e8e4dbb7-bfa1-4a0c-a168-b0568d4654e2}\InProcServer32,REG_EXPAND_SZ,,NT AUTHORITY\SYSTEM,HKEY_LOCAL_MACHINE\Software\Classes\CLSID\{e8e4dbb7-bfa1-4a0c-a168-b0568d4654e2}\InProcServer32\,%SystemRoot%\system32\shell32.dll
ST869VRJ,Classes\CLSID\{92c85649-0892-4bc7-9b63-949f64149a26}\InProcServer32,REG_SZ,,NT AUTHORITY\SYSTEM,HKEY_LOCAL_MACHINE\Software\Classes\CLSID\{92c85649-0892-4bc7-9b63-949f64149a26}\InProcServer32\,C:\Windows\System32\setup\pbkmigr.dll
ST869VRJ,Wow6432Node\Classes\CLSID\{de54af92-ead8-4a7e-88ab-135b6e1a3a23}\InProcServer32,REG_SZ,,NT AUTHORITY\SYSTEM,HKEY_LOCAL_MACHINE\Software\Wow6432Node\Classes\CLSID\{de54af92-ead8-4a7e-88ab-135b6e1a3a23}\InProcServer32\,C:\Windows\SysWOW64\Windows.System.Profile.HardwareId.dll
ST869VRJ,Classes\CLSID\{8A95E9F1-1C07-4711-8DDA-10A35B26271E}\InProcServer32,REG_SZ,,NT AUTHORITY\SYSTEM,HKEY_LOCAL_MACHINE\Software\Classes\CLSID\{8A95E9F1-1C07-4711-8DDA-10A35B26271E}\InProcServer32\,C:\Windows\System32\tsworkspace.dll
ST869VRJ,Classes\CLSID\{edd749de-2ef1-4a80-98d1-81f20e6df58e}\InProcServer32,REG_SZ,,NT AUTHORITY\SYSTEM,HKEY_LOCAL_MACHINE\Software\Classes\CLSID\{edd749de-2ef1-4a80-98d1-81f20e6df58e}\InProcServer32\,C:\Windows\System32\l2nacp.dll
ST869VRJ,CurrentControlSet\Services\WcsPlugInService\Parameters\,REG_EXPAND_SZ,ServiceDll,NT AUTHORITY\SYSTEM,HKEY_LOCAL_MACHINE\SYSTEM\CurrentControlSet\Services\WcsPlugInService\Parameters\ServiceDll,%SystemRoot%\System32\WcsPlugInService.dll
ST869VRJ,Classes\CLSID\{0f3ed1f2-afdd-4b0c-b6d9-229c1bc58a08}\InProcServer32,REG_EXPAND_SZ,,NT AUTHORITY\SYSTEM,HKEY_LOCAL_MACHINE\Software\Classes\CLSID\{0f3ed1f2-afdd-4b0c-b6d9-229c1bc58a08}\InProcServer32\,%SystemRoot%\system32\netcorehc.dll
ST869VRJ,Wow6432Node\Classes\CLSID\{4DDB6D36-3BC1-11d2-86F2-006008B0E5D2}\InProcServer32,REG_SZ,,NT AUTHORITY\SYSTEM,HKEY_LOCAL_MACHINE\Software\Wow6432Node\Classes\CLSID\{4DDB6D36-3BC1-11d2-86F2-006008B0E5D2}\InProcServer32\,C:\Windows\SysWOW64\wavemsp.dll
ST869VRJ,Classes\CLSID\{E786FB32-B659-3D96-94C4-E1A9FC037868}\InProcServer32,REG_SZ,,NT AUTHORITY\SYSTEM,HKEY_LOCAL_MACHINE\Software\Classes\CLSID\{E786FB32-B659-3D96-94C4-E1A9FC037868}\InProcServer32\,C:\Windows\System32\mscoree.dll
ST869VRJ,CurrentControlSet\Services\RdpVideoMiniport\,REG_EXPAND_SZ,ImagePath,NT AUTHORITY\SYSTEM,HKEY_LOCAL_MACHINE\SYSTEM\CurrentControlSet\Services\RdpVideoMiniport\ImagePath,System32\drivers\rdpvideominiport.sys
ST869VRJ,Classes\CLSID\{E03E85B0-7BE3-4000-BA98-6C13DE9FA486}\InProcServer32,REG_EXPAND_SZ,,NT AUTHORITY\SYSTEM,HKEY_LOCAL_MACHINE\Software\Classes\CLSID\{E03E85B0-7BE3-4000-BA98-6C13DE9FA486}\InProcServer32\,%SystemRoot%\System32\StructuredQuery.dll
ST869VRJ,Classes\CLSID\{3050F3C2-98B5-11CF-BB82-00AA00BDCE0B}\InProcServer32,REG_SZ,,NT AUTHORITY\SYSTEM,HKEY_LOCAL_MACHINE\Software\Classes\CLSID\{3050F3C2-98B5-11CF-BB82-00AA00BDCE0B}\InProcServer32\,C:\Windows\System32\mshtml.dll
ST869VRJ,Classes\CLSID\{A3D27DAD-37A4-496A-9553-2BD3E856899C}\InProcServer32,REG_SZ,,BUILTIN\Administrators,HKEY_LOCAL_MACHINE\Software\Classes\CLSID\{A3D27DAD-37A4-496A-9553-2BD3E856899C}\InProcServer32\,c:\PROGRA~1\mcafee\msc\rprtshm.dll
ST869VRJ,Classes\CLSID\{E846F0A0-D367-11D1-8286-00A0C9231C29}\InProcServer32,REG_SZ,,NT AUTHORITY\SYSTEM,HKEY_LOCAL_MACHINE\Software\Classes\CLSID\{E846F0A0-D367-11D1-8286-00A0C9231C29}\InProcServer32\,C:\Windows\System32\catsrvut.dll
ST869VRJ,Classes\CLSID\{EC9BA17D-60B5-462B-A6D8-14B89057E22A}\InProcServer32,REG_SZ,,NT AUTHORITY\SYSTEM,HKEY_LOCAL_MACHINE\Software\Classes\CLSID\{EC9BA17D-60B5-462B-A6D8-14B89057E22A}\InProcServer32\,C:\Windows\System32\Dxtmsft.dll
ST869VRJ,Classes\CLSID\{57C06EAA-8784-11D0-83D4-00A0C911E5DF}\InProcServer32,REG_SZ,,NT AUTHORITY\SYSTEM,HKEY_LOCAL_MACHINE\Software\Classes\CLSID\{57C06EAA-8784-11D0-83D4-00A0C911E5DF}\InProcServer32\,C:\Windows\System32\netcfgx.dll
ST869VRJ,Classes\CLSID\{8A3FD229-B2A9-347F-93D2-87F3B7F92753}\InProcServer32,REG_SZ,,NT AUTHORITY\SYSTEM,HKEY_LOCAL_MACHINE\Software\Classes\CLSID\{8A3FD229-B2A9-347F-93D2-87F3B7F92753}\InProcServer32\,C:\Windows\System32\mscoree.dll
ST869VRJ,Classes\CLSID\{6EDD6D74-C007-4E75-B76A-E5740995E24C}\InProcServer32,REG_EXPAND_SZ,,NT AUTHORITY\SYSTEM,HKEY_LOCAL_MACHINE\Software\Classes\CLSID\{6EDD6D74-C007-4E75-B76A-E5740995E24C}\InProcServer32\,%SystemRoot%\System32\cmlua.dll
ST869VRJ,Classes\CLSID\{29C98DFC-AC6B-4788-BDDD-CA41D6D3704A}\InProcServer32,REG_SZ,,NT AUTHORITY\SYSTEM,HKEY_LOCAL_MACHINE\Software\Classes\CLSID\{29C98DFC-AC6B-4788-BDDD-CA41D6D3704A}\InProcServer32\,C:\Windows\System32\mscoree.dll
ST869VRJ,Classes\CLSID\{A404171B-F5E6-40F5-8E35-90C616052B28}\InProcServer32,REG_SZ,,BUILTIN\Administrators,HKEY_LOCAL_MACHINE\Software\Classes\CLSID\{A404171B-F5E6-40F5-8E35-90C616052B28}\InProcServer32\,c:\PROGRA~1\COMMON~1\mcafee\platform\MCPLAT~1.DLL
ST869VRJ,Classes\CLSID\{ECD4FC4D-521C-11D0-B792-00A0C90312E1}\InProcServer32,REG_EXPAND_SZ,,NT AUTHORITY\SYSTEM,HKEY_LOCAL_MACHINE\Software\Classes\CLSID\{ECD4FC4D-521C-11D0-B792-00A0C90312E1}\InProcServer32\,%SystemRoot%\system32\explorerframe.dll
ST869VRJ,Classes\CLSID\{4bec2015-bfa1-42fa-9c0c-59431bbe880e}\InProcServer32,REG_EXPAND_SZ,,NT AUTHORITY\SYSTEM,HKEY_LOCAL_MACHINE\Software\Classes\CLSID\{4bec2015-bfa1-42fa-9c0c-59431bbe880e}\InProcServer32\,%SystemRoot%\system32\shell32.dll
ST869VRJ,Classes\CLSID\{93AC9CB8-27D5-4482-BFDF-68F21C7454A3}\InProcServer32,REG_EXPAND_SZ,,NT AUTHORITY\SYSTEM,HKEY_LOCAL_MACHINE\Software\Classes\CLSID\{93AC9CB8-27D5-4482-BFDF-68F21C7454A3}\InProcServer32\,%SystemRoot%\system32\mscandui.dll
ST869VRJ,Classes\CLSID\{99CDC6E0-DA00-4dfa-8EB8-831D774F8891}\InProcServer32,REG_EXPAND_SZ,,NT AUTHORITY\SYSTEM,HKEY_LOCAL_MACHINE\Software\Classes\CLSID\{99CDC6E0-DA00-4dfa-8EB8-831D774F8891}\InProcServer32\,%SystemRoot%\System32\shacct.dll
ST869VRJ,Classes\CLSID\{f60163ce-2b8d-458d-ab2c-40f215767514}\InProcServer32,REG_EXPAND_SZ,,NT AUTHORITY\SYSTEM,HKEY_LOCAL_MACHINE\Software\Classes\CLSID\{f60163ce-2b8d-458d-ab2c-40f215767514}\InProcServer32\,%SystemRoot%\system32\SearchFolder.dll
ST869VRJ,Classes\CLSID\{EB6C9433-4AAB-4B71-8B18-8F7A3812E43A}\InProcServer32,REG_EXPAND_SZ,,NT AUTHORITY\SYSTEM,HKEY_LOCAL_MACHINE\Software\Classes\CLSID\{EB6C9433-4AAB-4B71-8B18-8F7A3812E43A}\InProcServer32\,%SystemRoot%\System32\NaturalLanguage6.dll
ST869VRJ,Classes\CLSID\{E13B6686-3F39-11D0-96F6-00A0C9191601}\InProcServer32,REG_EXPAND_SZ,,NT AUTHORITY\SYSTEM,HKEY_LOCAL_MACHINE\Software\Classes\CLSID\{E13B6686-3F39-11D0-96F6-00A0C9191601}\InProcServer32\,%SystemRoot%\System32\dmdskmgr.dll
ST869VRJ,Classes\CLSID\{00eebf57-477d-4084-9921-7ab3c2c9459d}\InProcServer32,REG_EXPAND_SZ,,NT AUTHORITY\SYSTEM,HKEY_LOCAL_MACHINE\Software\Classes\CLSID\{00eebf57-477d-4084-9921-7ab3c2c9459d}\InProcServer32\,%SystemRoot%\system32\shell32.dll
ST869VRJ,Classes\CLSID\{055E80CA-DD63-4C25-93AB-448BBDB7AA17}\InProcServer32,REG_EXPAND_SZ,,NT AUTHORITY\SYSTEM,HKEY_LOCAL_MACHINE\Software\Classes\CLSID\{055E80CA-DD63-4C25-93AB-448BBDB7AA17}\InProcServer32\,%SystemRoot%\System32\oobe\msoobedui.dll
ST869VRJ,Wow6432Node\Classes\CLSID\{590AB12E-F706-4BA8-9D08-A1EEC69A687D}\InProcServer32,REG_SZ,,BUILTIN\Administrators,HKEY_LOCAL_MACHINE\Software\Wow6432Node\Classes\CLSID\{590AB12E-F706-4BA8-9D08-A1EEC69A687D}\InProcServer32\,c:\PROGRA~2\COMMON~1\mcafee\platform\coreps.dll
ST869VRJ,Classes\CLSID\{7467A15C-E984-4F14-8031-D569C7DE0E8E}\InProcServer32,REG_EXPAND_SZ,,NT AUTHORITY\SYSTEM,HKEY_LOCAL_MACHINE\Software\Classes\CLSID\{7467A15C-E984-4F14-8031-D569C7DE0E8E}\InProcServer32\,%SystemRoot%\System32\oobe\msoobedui.dll
ST869VRJ,Classes\CLSID\{edb5f444-cb8d-445a-a523-ec5ab6ea33c7}\InProcServer32,REG_EXPAND_SZ,,NT AUTHORITY\SYSTEM,HKEY_LOCAL_MACHINE\Software\Classes\CLSID\{edb5f444-cb8d-445a-a523-ec5ab6ea33c7}\InProcServer32\,%SystemRoot%\system32\ntshrui.dll
ST869VRJ,Classes\CLSID\{16d51579-a30b-4c8b-a276-0ff4dc41e755}\InProcServer32,REG_SZ,,NT AUTHORITY\SYSTEM,HKEY_LOCAL_MACHINE\Software\Classes\CLSID\{16d51579-a30b-4c8b-a276-0ff4dc41e755}\InProcServer32\,C:\Windows\System32\jscript9.dll
ST869VRJ,Classes\CLSID\{3FF23902-CD1F-11D2-8853-0000F80883E3}\InProcServer32,REG_SZ,,NT AUTHORITY\SYSTEM,HKEY_LOCAL_MACHINE\Software\Classes\CLSID\{3FF23902-CD1F-11D2-8853-0000F80883E3}\InProcServer32\,C:\Windows\System32\qdvd.dll
ST869VRJ,Classes\CLSID\{D5120AA3-46BA-44C5-822D-CA8092C1FC72}\InProcServer32,REG_SZ,,NT AUTHORITY\SYSTEM,HKEY_LOCAL_MACHINE\Software\Classes\CLSID\{D5120AA3-46BA-44C5-822D-CA8092C1FC72}\InProcServer32\,C:\Windows\System32\twinapi.dll
ST869VRJ,Classes\CLSID\{ff609cc7-d34d-4049-a1aa-2293517ffcc6}\InProcServer32,REG_EXPAND_SZ,,NT AUTHORITY\SYSTEM,HKEY_LOCAL_MACHINE\Software\Classes\CLSID\{ff609cc7-d34d-4049-a1aa-2293517ffcc6}\InProcServer32\,%SystemRoot%\system32\stobject.dll
ST869VRJ,Classes\CLSID\{d0da2915-3f89-4519-a4ca-5e02528c8ec4}\InProcServer32,REG_EXPAND_SZ,,NT AUTHORITY\SYSTEM,HKEY_LOCAL_MACHINE\Software\Classes\CLSID\{d0da2915-3f89-4519-a4ca-5e02528c8ec4}\InProcServer32\,%SystemRoot%\system32\playlistfolder.dll
ST869VRJ,CurrentControlSet\Services\fcvsc\,REG_EXPAND_SZ,ImagePath,NT AUTHORITY\SYSTEM,HKEY_LOCAL_MACHINE\SYSTEM\CurrentControlSet\Services\fcvsc\ImagePath,\SystemRoot\System32\drivers\fcvsc.sys
ST869VRJ,Classes\CLSID\{550DDA30-0541-11D2-9CA9-0060B0EC3D39}\InProcServer32,REG_EXPAND_SZ,,NT AUTHORITY\SYSTEM,HKEY_LOCAL_MACHINE\Software\Classes\CLSID\{550DDA30-0541-11D2-9CA9-0060B0EC3D39}\InProcServer32\,%SystemRoot%\System32\msxml3.dll
ST869VRJ,Classes\CLSID\{C2566514-DD44-4c6c-AAAD-FBD2F18D8DEE}\InProcServer32,REG_EXPAND_SZ,,NT AUTHORITY\SYSTEM,HKEY_LOCAL_MACHINE\Software\Classes\CLSID\{C2566514-DD44-4c6c-AAAD-FBD2F18D8DEE}\InProcServer32\,%SystemRoot%\system32\propsys.dll
ST869VRJ,Classes\CLSID\{6EA4B9B1-0121-46C9-95CF-8E5392CB8234}\InProcServer32,REG_SZ,,NT AUTHORITY\SYSTEM,HKEY_LOCAL_MACHINE\Software\Classes\CLSID\{6EA4B9B1-0121-46C9-95CF-8E5392CB8234}\InProcServer32\,C:\Windows\System32\Windows.Networking.BackgroundTransfer.dll
ST869VRJ,Classes\CLSID\{228D9A82-C302-11cf-9AA4-00AA004A5691}\InProcServer32,REG_EXPAND_SZ,,NT AUTHORITY\SYSTEM,HKEY_LOCAL_MACHINE\Software\Classes\CLSID\{228D9A82-C302-11cf-9AA4-00AA004A5691}\InProcServer32\,%SystemRoot%\system32\adsldp.dll
ST869VRJ,Classes\CLSID\{93AAD2A0-036A-4B11-A078-DA8776B38139}\InProcServer32,REG_EXPAND_SZ,,NT AUTHORITY\SYSTEM,HKEY_LOCAL_MACHINE\Software\Classes\CLSID\{93AAD2A0-036A-4B11-A078-DA8776B38139}\InProcServer32\,%SystemRoot%\System32\shell32.dll
ST869VRJ,Classes\CLSID\{b8967f85-58ae-4f46-9fb2-5d7904798f4b}\InProcServer32,REG_EXPAND_SZ,,NT AUTHORITY\SYSTEM,HKEY_LOCAL_MACHINE\Software\Classes\CLSID\{b8967f85-58ae-4f46-9fb2-5d7904798f4b}\InProcServer32\,%SystemRoot%\system32\propsys.dll
ST869VRJ,Classes\CLSID\{22877a6d-37a1-461a-91b0-dbda5aaebc99}\InProcServer32,REG_EXPAND_SZ,,NT AUTHORITY\SYSTEM,HKEY_LOCAL_MACHINE\Software\Classes\CLSID\{22877a6d-37a1-461a-91b0-dbda5aaebc99}\InProcServer32\,%SystemRoot%\system32\shell32.dll
ST869VRJ,Classes\CLSID\{0af96ede-aebf-41ed-a1c8-cf7a685505b6}\InProcServer32,REG_EXPAND_SZ,,NT AUTHORITY\SYSTEM,HKEY_LOCAL_MACHINE\Software\Classes\CLSID\{0af96ede-aebf-41ed-a1c8-cf7a685505b6}\InProcServer32\,%SystemRoot%\system32\shell32.dll
ST869VRJ,Classes\CLSID\{06CCA63E-9941-441B-B004-39F999ADA412}\InProcServer32,REG_EXPAND_SZ,,NT AUTHORITY\SYSTEM,HKEY_LOCAL_MACHINE\Software\Classes\CLSID\{06CCA63E-9941-441B-B004-39F999ADA412}\InProcServer32\,%SystemRoot%\System32\mmdevapi.dll
ST869VRJ,Microsoft\Windows NT\CurrentVersion\Image File Execution Options\ExtExport.exe\,REG_QWORD,MitigationOptions,NT AUTHORITY\SYSTEM,HKEY_LOCAL_MACHINE\Software\Microsoft\Windows NT\CurrentVersion\Image File Execution Options\ExtExport.exe\MitigationOptions,256
ST869VRJ,Classes\CLSID\{FF036D13-5D4B-46DD-B10F-106693D9FE4F}\InProcServer32,REG_EXPAND_SZ,,NT AUTHORITY\SYSTEM,HKEY_LOCAL_MACHINE\Software\Classes\CLSID\{FF036D13-5D4B-46DD-B10F-106693D9FE4F}\InProcServer32\,%SystemRoot%\system32\windowscodecs.dll
ST869VRJ,Classes\CLSID\{176961ec-fbfb-4288-b418-c80c86947481}\InProcServer32,REG_SZ,,NT AUTHORITY\SYSTEM,HKEY_LOCAL_MACHINE\Software\Classes\CLSID\{176961ec-fbfb-4288-b418-c80c86947481}\InProcServer32\,C:\Windows\System32\RasDiag.dll
ST869VRJ,Classes\CLSID\{ecabafcf-7f19-11d2-978e-0000f8757e2a}\InProcServer32,REG_SZ,,NT AUTHORITY\SYSTEM,HKEY_LOCAL_MACHINE\Software\Classes\CLSID\{ecabafcf-7f19-11d2-978e-0000f8757e2a}\InProcServer32\,C:\Windows\System32\comsvcs.dll
ST869VRJ,Classes\CLSID\{AAC2B978-266D-48ae-AA28-60A3EBB872D0}\InProcServer32,REG_SZ,,NT AUTHORITY\SYSTEM,HKEY_LOCAL_MACHINE\Software\Classes\CLSID\{AAC2B978-266D-48ae-AA28-60A3EBB872D0}\InProcServer32\,C:\Windows\System32\ieframe.dll
ST869VRJ,Classes\CLSID\{A61DDE94-66CE-4AC1-881B-71680588895E}\InProcServer32,REG_EXPAND_SZ,,NT AUTHORITY\SYSTEM,HKEY_LOCAL_MACHINE\Software\Classes\CLSID\{A61DDE94-66CE-4AC1-881B-71680588895E}\InProcServer32\,%SystemRoot%\system32\windowscodecs.dll
ST869VRJ,Classes\CLSID\{7E48C5CF-72F6-4C84-9F43-B04B87B31243}\InProcServer32,REG_SZ,,NT AUTHORITY\SYSTEM,HKEY_LOCAL_MACHINE\Software\Classes\CLSID\{7E48C5CF-72F6-4C84-9F43-B04B87B31243}\InProcServer32\,C:\Windows\System32\wshext.dll
ST869VRJ,Classes\CLSID\{D54EEE56-AAAB-11D0-9E1D-00A0C922E6EC}\InProcServer32,REG_SZ,,NT AUTHORITY\SYSTEM,HKEY_LOCAL_MACHINE\Software\Classes\CLSID\{D54EEE56-AAAB-11D0-9E1D-00A0C922E6EC}\InProcServer32\,C:\Windows\System32\itss.dll
ST869VRJ,Classes\CLSID\{432D76CE-8C9E-4EED-ADDD-91737F27A8CB}\InProcServer32,REG_SZ,,NT AUTHORITY\SYSTEM,HKEY_LOCAL_MACHINE\Software\Classes\CLSID\{432D76CE-8C9E-4EED-ADDD-91737F27A8CB}\InProcServer32\,C:\Windows\System32\mscoree.dll
ST869VRJ,Classes\CLSID\{6BC096DF-0CE6-11D1-BAAE-00C04FC2E20D}\InProcServer32,REG_EXPAND_SZ,,NT AUTHORITY\SYSTEM,HKEY_LOCAL_MACHINE\Software\Classes\CLSID\{6BC096DF-0CE6-11D1-BAAE-00C04FC2E20D}\InProcServer32\,%SystemRoot%\system32\iassam.dll
ST869VRJ,Classes\CLSID\{C03E8583-781E-49a1-8190-CE902D0B2CE7}\InProcServer32,REG_EXPAND_SZ,,NT AUTHORITY\SYSTEM,HKEY_LOCAL_MACHINE\Software\Classes\CLSID\{C03E8583-781E-49a1-8190-CE902D0B2CE7}\InProcServer32\,%SystemRoot%\system32\xwizards.dll
ST869VRJ,Classes\CLSID\{c472004d-44fb-41e9-ac0a-7b920384a850}\InProcServer32,REG_EXPAND_SZ,,NT AUTHORITY\SYSTEM,HKEY_LOCAL_MACHINE\Software\Classes\CLSID\{c472004d-44fb-41e9-ac0a-7b920384a850}\InProcServer32\,%SystemRoot%\system32\fdprint.dll
ST869VRJ,Classes\CLSID\{D9581C03-9766-45A6-B970-1EABBE985986}\InProcServer32,REG_EXPAND_SZ,,NT AUTHORITY\SYSTEM,HKEY_LOCAL_MACHINE\Software\Classes\CLSID\{D9581C03-9766-45A6-B970-1EABBE985986}\InProcServer32\,%SystemRoot%\System32\NaturalLanguage6.dll
ST869VRJ,Classes\CLSID\{36DCDA30-DC3B-4D93-BE42-90B2D74C64E7}\InProcServer32,REG_SZ,,NT AUTHORITY\SYSTEM,HKEY_LOCAL_MACHINE\Software\Classes\CLSID\{36DCDA30-DC3B-4D93-BE42-90B2D74C64E7}\InProcServer32\,C:\Windows\System32\mscoree.dll
ST869VRJ,Classes\CLSID\{DEF03231-9688-11E2-BE7F-B4B52FD966FF}\InProcServer32,REG_SZ,,NT AUTHORITY\SYSTEM,HKEY_LOCAL_MACHINE\Software\Classes\CLSID\{DEF03231-9688-11E2-BE7F-B4B52FD966FF}\InProcServer32\,C:\Windows\System32\pnpclean.dll
ST869VRJ,Classes\CLSID\{88d96a07-f192-11d4-a65f-0040963251e5}\InProcServer32,REG_EXPAND_SZ,,NT AUTHORITY\SYSTEM,HKEY_LOCAL_MACHINE\Software\Classes\CLSID\{88d96a07-f192-11d4-a65f-0040963251e5}\InProcServer32\,C:\Windows\System32\msxml6.dll
ST869VRJ,Classes\CLSID\{B54E38F8-17FF-3D0A-9FF3-5E662DE2055F}\InProcServer32,REG_SZ,,NT AUTHORITY\SYSTEM,HKEY_LOCAL_MACHINE\Software\Classes\CLSID\{B54E38F8-17FF-3D0A-9FF3-5E662DE2055F}\InProcServer32\,C:\Windows\System32\mscoree.dll
ST869VRJ,Wow6432Node\Classes\CLSID\{48d7ed61-3f9f-4d74-8c2f-a10541d4151d}\InProcServer32,REG_SZ,,NT AUTHORITY\SYSTEM,HKEY_LOCAL_MACHINE\Software\Wow6432Node\Classes\CLSID\{48d7ed61-3f9f-4d74-8c2f-a10541d4151d}\InProcServer32\,C:\Windows\SysWOW64\IME\IMEJP\imjplmp.dll
ST869VRJ,Classes\CLSID\{0e6daa63-dd4e-47ce-bf9d-fdb72ece4a0d}\InProcServer32,REG_EXPAND_SZ,,NT AUTHORITY\SYSTEM,HKEY_LOCAL_MACHINE\Software\Classes\CLSID\{0e6daa63-dd4e-47ce-bf9d-fdb72ece4a0d}\InProcServer32\,%SystemRoot%\system32\fdprint.dll
ST869VRJ,Classes\CLSID\{CA35CB3D-0357-11D3-8729-00C04F79ED0D}\InProcServer32,REG_SZ,,NT AUTHORITY\SYSTEM,HKEY_LOCAL_MACHINE\Software\Classes\CLSID\{CA35CB3D-0357-11D3-8729-00C04F79ED0D}\InProcServer32\,C:\Windows\System32\mscoree.dll
ST869VRJ,Classes\CLSID\{ecabafc6-7f19-11d2-978e-0000f8757e2a}\InProcServer32,REG_SZ,,NT AUTHORITY\SYSTEM,HKEY_LOCAL_MACHINE\Software\Classes\CLSID\{ecabafc6-7f19-11d2-978e-0000f8757e2a}\InProcServer32\,C:\Windows\System32\comsvcs.dll
ST869VRJ,Classes\CLSID\{3B2B6775-70B6-45AF-8DEA-A209C69559F3}\InProcServer32,REG_EXPAND_SZ,,NT AUTHORITY\SYSTEM,HKEY_LOCAL_MACHINE\Software\Classes\CLSID\{3B2B6775-70B6-45AF-8DEA-A209C69559F3}\InProcServer32\,%SystemRoot%\system32\dpnet.dll
ST869VRJ,Classes\CLSID\{90903716-2F42-11D3-9C26-00C04F8EF87C}\InProcServer32,REG_EXPAND_SZ,,NT AUTHORITY\SYSTEM,HKEY_LOCAL_MACHINE\Software\Classes\CLSID\{90903716-2F42-11D3-9C26-00C04F8EF87C}\InProcServer32\,%SystemRoot%\System32\Speech\Common\sapi.dll
ST869VRJ,Classes\CLSID\{D1FE6762-FC48-11D0-883A-3C8B00C10000}\InProcServer32,REG_SZ,,NT AUTHORITY\SYSTEM,HKEY_LOCAL_MACHINE\Software\Classes\CLSID\{D1FE6762-FC48-11D0-883A-3C8B00C10000}\InProcServer32\,C:\Windows\System32\Dxtrans.dll
ST869VRJ,Classes\CLSID\{7071EC01-663B-4bc1-A1FA-B97F3B917C55}\InProcServer32,REG_EXPAND_SZ,,NT AUTHORITY\SYSTEM,HKEY_LOCAL_MACHINE\Software\Classes\CLSID\{7071EC01-663B-4bc1-A1FA-B97F3B917C55}\InProcServer32\,%SystemRoot%\system32\connect.dll
ST869VRJ,Classes\CLSID\{E436EBB5-524F-11CE-9F53-0020AF0BA770}\InProcServer32,REG_SZ,,NT AUTHORITY\SYSTEM,HKEY_LOCAL_MACHINE\Software\Classes\CLSID\{E436EBB5-524F-11CE-9F53-0020AF0BA770}\InProcServer32\,C:\Windows\System32\quartz.dll
ST869VRJ,Classes\CLSID\{E2E5A310-ECED-444F-81D7-ACCA6AC8A1A8}\InProcServer32,REG_SZ,,NT AUTHORITY\SYSTEM,HKEY_LOCAL_MACHINE\Software\Classes\CLSID\{E2E5A310-ECED-444F-81D7-ACCA6AC8A1A8}\InProcServer32\,C:\Windows\system32\wbem\Win32_TPM.dll
ST869VRJ,Classes\CLSID\{7007ACD1-3202-11D1-AAD2-00805FC1270E}\InProcServer32,REG_EXPAND_SZ,,NT AUTHORITY\SYSTEM,HKEY_LOCAL_MACHINE\Software\Classes\CLSID\{7007ACD1-3202-11D1-AAD2-00805FC1270E}\InProcServer32\,%SystemRoot%\System32\netshell.dll
ST869VRJ,Classes\CLSID\{944D4C00-DD52-11CE-BF0E-00AA0055595A}\InProcServer32,REG_SZ,,NT AUTHORITY\SYSTEM,HKEY_LOCAL_MACHINE\Software\Classes\CLSID\{944D4C00-DD52-11CE-BF0E-00AA0055595A}\InProcServer32\,C:\Windows\System32\quartz.dll
ST869VRJ,Classes\CLSID\{752438CB-E941-433F-BCB4-8B7D2329F0C8}\InProcServer32,REG_EXPAND_SZ,,NT AUTHORITY\SYSTEM,HKEY_LOCAL_MACHINE\Software\Classes\CLSID\{752438CB-E941-433F-BCB4-8B7D2329F0C8}\InProcServer32\,%SystemRoot%\system32\firewallcontrolpanel.dll
ST869VRJ,CurrentControlSet\Services\hidserv\Parameters\,REG_EXPAND_SZ,ServiceDll,NT AUTHORITY\SYSTEM,HKEY_LOCAL_MACHINE\SYSTEM\CurrentControlSet\Services\hidserv\Parameters\ServiceDll,%SystemRoot%\system32\hidserv.dll
ST869VRJ,Classes\CLSID\{0383751C-098B-11D8-9414-505054503030}\InProcServer32,REG_EXPAND_SZ,,NT AUTHORITY\SYSTEM,HKEY_LOCAL_MACHINE\Software\Classes\CLSID\{0383751C-098B-11D8-9414-505054503030}\InProcServer32\,%SystemRoot%\System32\pla.dll
ST869VRJ,Classes\CLSID\{6D4A3650-628D-11D2-AE0F-006097B01411}\InProcServer32,REG_EXPAND_SZ,,NT AUTHORITY\SYSTEM,HKEY_LOCAL_MACHINE\Software\Classes\CLSID\{6D4A3650-628D-11D2-AE0F-006097B01411}\InProcServer32\,%SystemRoot%\system32\dpnet.dll
ST869VRJ,Classes\CLSID\{8101368E-CABB-4426-ACFF-96C4108120CD}\InProcServer32,REG_SZ,,NT AUTHORITY\SYSTEM,HKEY_LOCAL_MACHINE\Software\Classes\CLSID\{8101368E-CABB-4426-ACFF-96C4108120CD}\InProcServer32\,C:\Windows\System32\fdPnp.dll
ST869VRJ,Classes\CLSID\{447EDBE5-0080-4036-A0BB-7B84C58C604F}\InProcServer32,REG_SZ,,NT AUTHORITY\SYSTEM,HKEY_LOCAL_MACHINE\Software\Classes\CLSID\{447EDBE5-0080-4036-A0BB-7B84C58C604F}\InProcServer32\,C:\Windows\System32\ieframe.dll
ST869VRJ,Classes\CLSID\{d0b7e02c-e1a3-11dc-81ff-001185ae5e76}\InProcServer32,REG_EXPAND_SZ,,NT AUTHORITY\SYSTEM,HKEY_LOCAL_MACHINE\Software\Classes\CLSID\{d0b7e02c-e1a3-11dc-81ff-001185ae5e76}\InProcServer32\,%SystemRoot%\System32\diagcpl.dll
ST869VRJ,Classes\CLSID\{24DF3111-8474-4955-AA18-F6750BAD2A2B}\InProcServer32,REG_EXPAND_SZ,,NT AUTHORITY\SYSTEM,HKEY_LOCAL_MACHINE\Software\Classes\CLSID\{24DF3111-8474-4955-AA18-F6750BAD2A2B}\InProcServer32\,%SystemRoot%\System32\DeviceSetupManagerAPI.dll
ST869VRJ,Classes\CLSID\{7007ACC8-3202-11D1-AAD2-00805FC1270E}\InProcServer32,REG_EXPAND_SZ,,NT AUTHORITY\SYSTEM,HKEY_LOCAL_MACHINE\Software\Classes\CLSID\{7007ACC8-3202-11D1-AAD2-00805FC1270E}\InProcServer32\,%SystemRoot%\System32\netshell.dll
ST869VRJ,Classes\CLSID\{4AF4A5FC-912A-11D1-B945-00A0C90312E1}\InProcServer32,REG_EXPAND_SZ,,NT AUTHORITY\SYSTEM,HKEY_LOCAL_MACHINE\Software\Classes\CLSID\{4AF4A5FC-912A-11D1-B945-00A0C90312E1}\InProcServer32\,%SystemRoot%\system32\explorerframe.dll
ST869VRJ,Microsoft\Windows NT\CurrentVersion\Winlogon\,REG_SZ,Userinit,NT AUTHORITY\SYSTEM,HKEY_LOCAL_MACHINE\SOFTWARE\Microsoft\Windows NT\CurrentVersion\Winlogon\Userinit,C:\Windows\system32\userinit.exe
ST869VRJ,Classes\CLSID\{A557A096-4DA4-4E32-B863-BAFD39EEB367}\InProcServer32,REG_SZ,,BUILTIN\Administrators,HKEY_LOCAL_MACHINE\Software\Classes\CLSID\{A557A096-4DA4-4E32-B863-BAFD39EEB367}\InProcServer32\,c:\PROGRA~1\mcafee\msc\mcprsshm.dll
ST869VRJ,Classes\CLSID\{DD313E04-FEFF-11d1-8ECD-0000F87A470C}\InProcServer32,REG_EXPAND_SZ,,NT AUTHORITY\SYSTEM,HKEY_LOCAL_MACHINE\Software\Classes\CLSID\{DD313E04-FEFF-11d1-8ECD-0000F87A470C}\InProcServer32\,%SystemRoot%\system32\shell32.dll
ST869VRJ,Classes\CLSID\{6EFED3B2-34B3-4612-BF6D-2F206C646AAB}\InProcServer32,REG_EXPAND_SZ,,NT AUTHORITY\SYSTEM,HKEY_LOCAL_MACHINE\Software\Classes\CLSID\{6EFED3B2-34B3-4612-BF6D-2F206C646AAB}\InProcServer32\,%SystemRoot%\system32\authui.dll
ST869VRJ,Classes\CLSID\{8A9B1CDD-FCD7-419c-8B44-42FD17DB1887}\InProcServer32,REG_EXPAND_SZ,,NT AUTHORITY\SYSTEM,HKEY_LOCAL_MACHINE\Software\Classes\CLSID\{8A9B1CDD-FCD7-419c-8B44-42FD17DB1887}\InProcServer32\,%SystemRoot%\System32\UIAnimation.dll
ST869VRJ,Classes\CLSID\{9C33C4AB-BC91-4A79-BF47-7C90CEBC3AA3}\InProcServer32,REG_EXPAND_SZ,,NT AUTHORITY\SYSTEM,HKEY_LOCAL_MACHINE\Software\Classes\CLSID\{9C33C4AB-BC91-4A79-BF47-7C90CEBC3AA3}\InProcServer32\,%SystemRoot%\System32\twinui.dll
ST869VRJ,Classes\CLSID\{8d14113b-5715-4714-8a20-69fc343626de}\InProcServer32,REG_EXPAND_SZ,,NT AUTHORITY\SYSTEM,HKEY_LOCAL_MACHINE\Software\Classes\CLSID\{8d14113b-5715-4714-8a20-69fc343626de}\InProcServer32\,%SystemRoot%\system32\propsys.dll
ST869VRJ,Classes\CLSID\{4a714c8e-e664-4024-9c74-1a82a3da842a}\InProcServer32,REG_EXPAND_SZ,,NT AUTHORITY\SYSTEM,HKEY_LOCAL_MACHINE\Software\Classes\CLSID\{4a714c8e-e664-4024-9c74-1a82a3da842a}\InProcServer32\,%SystemRoot%\system32\authui.dll
ST869VRJ,Microsoft\Windows NT\CurrentVersion\Image File Execution Options\DllNXOptions\,REG_DWORD,mscoree.dll,NT AUTHORITY\SYSTEM,HKEY_LOCAL_MACHINE\Software\Microsoft\Windows NT\CurrentVersion\Image File Execution Options\DllNXOptions\mscoree.dll,1
ST869VRJ,Classes\CLSID\{2D20F990-DA11-4B00-A082-C548EDC78428}\InProcServer32,REG_SZ,,NT AUTHORITY\SYSTEM,HKEY_LOCAL_MACHINE\Software\Classes\CLSID\{2D20F990-DA11-4B00-A082-C548EDC78428}\InProcServer32\,C:\Windows\System32\Windows.Devices.Usb.dll
ST869VRJ,Classes\CLSID\{11d162b6-1cea-4b4a-8037-2518ecd6554b}\InProcServer32,REG_EXPAND_SZ,,NT AUTHORITY\SYSTEM,HKEY_LOCAL_MACHINE\Software\Classes\CLSID\{11d162b6-1cea-4b4a-8037-2518ecd6554b}\InProcServer32\,%SystemRoot%\system32\shell32.dll
ST869VRJ,Microsoft\Active Setup\Installed Components\{A509B1A8-37EF-4b3f-8CFC-4F3A74704073}\,REG_SZ,StubPath,NT AUTHORITY\SYSTEM,HKEY_LOCAL_MACHINE\SOFTWARE\Microsoft\Active Setup\Installed Components\{A509B1A8-37EF-4b3f-8CFC-4F3A74704073}\StubPath,"""C:\Windows\System32\rundll32.exe"" ""C:\Windows\System32\iesetup.dll"" IEHardenUser"
ST869VRJ,Classes\CLSID\{869F1B54-1D5D-4F16-A0F7-B3FDAE7BC730}\InProcServer32,REG_SZ,,NT AUTHORITY\SYSTEM,HKEY_LOCAL_MACHINE\Software\Classes\CLSID\{869F1B54-1D5D-4F16-A0F7-B3FDAE7BC730}\InProcServer32\,C:\Windows\System32\InputMethod\SHARED\MTF.dll
ST869VRJ,Classes\CLSID\{F5175861-2688-11d0-9C5E-00AA00A45957}\InProcServer32,REG_SZ,,NT AUTHORITY\SYSTEM,HKEY_LOCAL_MACHINE\Software\Classes\CLSID\{F5175861-2688-11d0-9C5E-00AA00A45957}\InProcServer32\,C:\Windows\System32\webcheck.dll
ST869VRJ,Classes\CLSID\{72c57034-02c4-4e9f-bf9c-ca711031757e}\InProcServer32,REG_EXPAND_SZ,,NT AUTHORITY\SYSTEM,HKEY_LOCAL_MACHINE\Software\Classes\CLSID\{72c57034-02c4-4e9f-bf9c-ca711031757e}\InProcServer32\,%SystemRoot%\system32\shell32.dll
ST869VRJ,Classes\CLSID\{9CAB4470-D6FA-4903-986C-7D5A755B2691}\InProcServer32,REG_SZ,,NT AUTHORITY\SYSTEM,HKEY_LOCAL_MACHINE\Software\Classes\CLSID\{9CAB4470-D6FA-4903-986C-7D5A755B2691}\InProcServer32\,C:\Windows\System32\RoamingSecurity.dll
ST869VRJ,Classes\CLSID\{B0DDD260-9E44-4bf2-8602-6D9CE1D0B94F}\InProcServer32,REG_EXPAND_SZ,,NT AUTHORITY\SYSTEM,HKEY_LOCAL_MACHINE\Software\Classes\CLSID\{B0DDD260-9E44-4bf2-8602-6D9CE1D0B94F}\InProcServer32\,%SystemRoot%\system32\ucmhc.dll
ST869VRJ,Wow6432Node\Classes\CLSID\{05f6fe1a-ecef-11d0-aae7-00c04fc9b304}\InProcServer32,REG_SZ,,NT AUTHORITY\SYSTEM,HKEY_LOCAL_MACHINE\Software\Wow6432Node\Classes\CLSID\{05f6fe1a-ecef-11d0-aae7-00c04fc9b304}\InProcServer32\,C:\Windows\SysWOW64\mshtml.dll
ST869VRJ,Classes\CLSID\{62112AA1-EBE4-11cf-A5FB-0020AFE7292D}\InProcServer32,REG_EXPAND_SZ,,NT AUTHORITY\SYSTEM,HKEY_LOCAL_MACHINE\Software\Classes\CLSID\{62112AA1-EBE4-11cf-A5FB-0020AFE7292D}\InProcServer32\,%SystemRoot%\system32\shell32.dll
ST869VRJ,Microsoft\Windows NT\CurrentVersion\Drivers32\,REG_SZ,vidc.mrle,NT AUTHORITY\SYSTEM,HKEY_LOCAL_MACHINE\SOFTWARE\Microsoft\Windows NT\CurrentVersion\Drivers32\vidc.mrle,msrle32.dll
ST869VRJ,Classes\CLSID\{25E609E0-B259-11CF-BFC7-444553540000}\InProcServer32,REG_SZ,,NT AUTHORITY\SYSTEM,HKEY_LOCAL_MACHINE\Software\Classes\CLSID\{25E609E0-B259-11CF-BFC7-444553540000}\InProcServer32\,C:\Windows\System32\dinput.dll
ST869VRJ,Classes\CLSID\{215B68E5-0E78-4505-BE40-962EE3A0C379}\InProcServer32,REG_SZ,,NT AUTHORITY\SYSTEM,HKEY_LOCAL_MACHINE\Software\Classes\CLSID\{215B68E5-0E78-4505-BE40-962EE3A0C379}\InProcServer32\,C:\Windows\Microsoft.NET\Framework64\v4.0.30319\WPF\PenIMC2_v0400.dll
ST869VRJ,Classes\CLSID\{ef7e0655-7888-4960-b0e5-730846e03492}\InProcServer32,REG_SZ,,NT AUTHORITY\SYSTEM,HKEY_LOCAL_MACHINE\Software\Classes\CLSID\{ef7e0655-7888-4960-b0e5-730846e03492}\InProcServer32\,C:\Windows\System32\bitsprx6.dll
ST869VRJ,Classes\CLSID\{A6673C32-3943-3BBB-B476-C09A0EC0BCD6}\InProcServer32,REG_SZ,,NT AUTHORITY\SYSTEM,HKEY_LOCAL_MACHINE\Software\Classes\CLSID\{A6673C32-3943-3BBB-B476-C09A0EC0BCD6}\InProcServer32\,C:\Windows\System32\mscoree.dll
ST869VRJ,Classes\CLSID\{DDECE4B2-979F-4CDB-9F58-B036FE5A510C}\InProcServer32,REG_EXPAND_SZ,,NT AUTHORITY\SYSTEM,HKEY_LOCAL_MACHINE\Software\Classes\CLSID\{DDECE4B2-979F-4CDB-9F58-B036FE5A510C}\InProcServer32\,%SystemRoot%\System32\FirewallControlPanel.dll
ST869VRJ,Classes\CLSID\{40B66660-4972-11D1-A7CA-0000F87571E3}\InProcServer32,REG_EXPAND_SZ,,NT AUTHORITY\SYSTEM,HKEY_LOCAL_MACHINE\Software\Classes\CLSID\{40B66660-4972-11D1-A7CA-0000F87571E3}\InProcServer32\,%SystemRoot%\System32\scrptadm.dll
ST869VRJ,Classes\CLSID\{201600d8-6eff-48ce-b842-e14d37a0682d}\InProcServer32,REG_EXPAND_SZ,,NT AUTHORITY\SYSTEM,HKEY_LOCAL_MACHINE\Software\Classes\CLSID\{201600d8-6eff-48ce-b842-e14d37a0682d}\InProcServer32\,%SystemRoot%\System32\wpninprc.dll
ST869VRJ,Wow6432Node\Microsoft\Windows NT\CurrentVersion\Drivers32\,REG_SZ,vidc.yuy2,NT AUTHORITY\SYSTEM,HKEY_LOCAL_MACHINE\Software\Wow6432Node\Microsoft\Windows NT\CurrentVersion\Drivers32\vidc.yuy2,msyuv.dll
ST869VRJ,Classes\CLSID\{84D586C4-A423-11D2-B943-00C04F79D22F}\InProcServer32,REG_SZ,,NT AUTHORITY\SYSTEM,HKEY_LOCAL_MACHINE\Software\Classes\CLSID\{84D586C4-A423-11D2-B943-00C04F79D22F}\InProcServer32\,C:\Windows\System32\catsrvut.dll
ST869VRJ,Classes\CLSID\{3050F3B2-98B5-11CF-BB82-00AA00BDCE0B}\InProcServer32,REG_SZ,,NT AUTHORITY\SYSTEM,HKEY_LOCAL_MACHINE\Software\Classes\CLSID\{3050F3B2-98B5-11CF-BB82-00AA00BDCE0B}\InProcServer32\,C:\Windows\System32\mshtml.dll
ST869VRJ,Classes\CLSID\{2559a1f0-21d7-11d4-bdaf-00c04f60b9f0}\InProcServer32,REG_EXPAND_SZ,,NT AUTHORITY\SYSTEM,HKEY_LOCAL_MACHINE\Software\Classes\CLSID\{2559a1f0-21d7-11d4-bdaf-00c04f60b9f0}\InProcServer32\,%SystemRoot%\System32\shell32.dll
ST869VRJ,Classes\CLSID\{7071EC32-663B-4bc1-A1FA-B97F3B917C55}\InProcServer32,REG_EXPAND_SZ,,NT AUTHORITY\SYSTEM,HKEY_LOCAL_MACHINE\Software\Classes\CLSID\{7071EC32-663B-4bc1-A1FA-B97F3B917C55}\InProcServer32\,%SystemRoot%\system32\connect.dll
ST869VRJ,Classes\CLSID\{0BFCF7B7-E7B6-433a-B205-2904FCF040DD}\InProcServer32,REG_EXPAND_SZ,,NT AUTHORITY\SYSTEM,HKEY_LOCAL_MACHINE\Software\Classes\CLSID\{0BFCF7B7-E7B6-433a-B205-2904FCF040DD}\InProcServer32\,%SystemRoot%\System32\appwiz.cpl
ST869VRJ,Classes\CLSID\{7B90DAE3-4AD0-4F0D-BE80-A26B296C3156}\InProcServer32,REG_EXPAND_SZ,,NT AUTHORITY\SYSTEM,HKEY_LOCAL_MACHINE\Software\Classes\CLSID\{7B90DAE3-4AD0-4F0D-BE80-A26B296C3156}\InProcServer32\,%SystemRoot%\system32\hgcpl.dll
ST869VRJ,Classes\CLSID\{AC4CE3CB-E1C1-44CD-8215-5A1665509EC2}\InProcServer32,REG_EXPAND_SZ,,NT AUTHORITY\SYSTEM,HKEY_LOCAL_MACHINE\Software\Classes\CLSID\{AC4CE3CB-E1C1-44CD-8215-5A1665509EC2}\InProcServer32\,%SystemRoot%\system32\wmphoto.dll
ST869VRJ,Classes\CLSID\{f414c261-6ac0-11cf-b6d1-00aa00bbbb58}\InProcServer32,REG_SZ,,NT AUTHORITY\SYSTEM,HKEY_LOCAL_MACHINE\Software\Classes\CLSID\{f414c261-6ac0-11cf-b6d1-00aa00bbbb58}\InProcServer32\,C:\Windows\System32\jscript.dll
ST869VRJ,Classes\CLSID\{9A17DFD1-34FA-4D61-B9BB-3A1097E7FADF}\InProcServer32,REG_EXPAND_SZ,,NT AUTHORITY\SYSTEM,HKEY_LOCAL_MACHINE\Software\Classes\CLSID\{9A17DFD1-34FA-4D61-B9BB-3A1097E7FADF}\InProcServer32\,%SystemRoot%\system32\tscfgwmi.dll
ST869VRJ,Classes\CLSID\{3829dfb4-9eed-434e-88c7-dcbe810b1a6e}\InProcServer32,REG_EXPAND_SZ,,NT AUTHORITY\SYSTEM,HKEY_LOCAL_MACHINE\Software\Classes\CLSID\{3829dfb4-9eed-434e-88c7-dcbe810b1a6e}\InProcServer32\,%SystemRoot%\system32\shell32.dll
ST869VRJ,Classes\CLSID\{108296C1-281E-11D3-BD22-0000F80849BD}\InProcServer32,REG_SZ,,NT AUTHORITY\SYSTEM,HKEY_LOCAL_MACHINE\Software\Classes\CLSID\{108296C1-281E-11D3-BD22-0000F80849BD}\InProcServer32\,C:\Windows\System32\mscoree.dll
ST869VRJ,Classes\CLSID\{CC77F5F3-222D-3586-88C3-410477A3B65D}\InProcServer32,REG_SZ,,NT AUTHORITY\SYSTEM,HKEY_LOCAL_MACHINE\Software\Classes\CLSID\{CC77F5F3-222D-3586-88C3-410477A3B65D}\InProcServer32\,C:\Windows\System32\mscoree.dll
ST869VRJ,Classes\CLSID\{a542e116-8088-4146-a352-b0d06e7f6af6}\InProcServer32,REG_EXPAND_SZ,,NT AUTHORITY\SYSTEM,HKEY_LOCAL_MACHINE\Software\Classes\CLSID\{a542e116-8088-4146-a352-b0d06e7f6af6}\InProcServer32\,%SystemRoot%\system32\explorerframe.dll
ST869VRJ,Classes\CLSID\{BD6EDFCA-2890-482F-B233-8D7339A1CF8D}\InProcServer32,REG_EXPAND_SZ,,NT AUTHORITY\SYSTEM,HKEY_LOCAL_MACHINE\Software\Classes\CLSID\{BD6EDFCA-2890-482F-B233-8D7339A1CF8D}\InProcServer32\,%SystemRoot%\system32\windowscodecs.dll
ST869VRJ,Classes\CLSID\{0BE35201-8F91-11CE-9DE3-00AA004BB851}\InProcServer32,REG_SZ,,NT AUTHORITY\SYSTEM,HKEY_LOCAL_MACHINE\Software\Classes\CLSID\{0BE35201-8F91-11CE-9DE3-00AA004BB851}\InProcServer32\,C:\Windows\System32\mfc42u.dll
ST869VRJ,Classes\CLSID\{c71c41f1-ddad-42dc-a8fc-f5bfc61df957}\InProcServer32,REG_SZ,,NT AUTHORITY\SYSTEM,HKEY_LOCAL_MACHINE\Software\Classes\CLSID\{c71c41f1-ddad-42dc-a8fc-f5bfc61df957}\InProcServer32\,C:\Windows\System32\twinui.dll
ST869VRJ,CurrentControlSet\Services\WinHttpAutoProxySvc\Parameters\,REG_EXPAND_SZ,ServiceDll,NT AUTHORITY\SYSTEM,HKEY_LOCAL_MACHINE\SYSTEM\CurrentControlSet\Services\WinHttpAutoProxySvc\Parameters\ServiceDll,%SystemRoot%\system32\winhttp.dll
ST869VRJ,Classes\CLSID\{A73BEEB2-B0B7-11D2-8853-0000F80883E3}\InProcServer32,REG_SZ,,NT AUTHORITY\SYSTEM,HKEY_LOCAL_MACHINE\Software\Classes\CLSID\{A73BEEB2-B0B7-11D2-8853-0000F80883E3}\InProcServer32\,C:\Windows\System32\qdvd.dll
ST869VRJ,Classes\CLSID\{3FB717AF-9D21-3016-871A-DF817ABDDD51}\InProcServer32,REG_SZ,,NT AUTHORITY\SYSTEM,HKEY_LOCAL_MACHINE\Software\Classes\CLSID\{3FB717AF-9D21-3016-871A-DF817ABDDD51}\InProcServer32\,C:\Windows\System32\mscoree.dll
ST869VRJ,Classes\CLSID\{F2CF5485-4E02-4f68-819C-B92DE9277049}\InProcServer32,REG_SZ,,NT AUTHORITY\SYSTEM,HKEY_LOCAL_MACHINE\Software\Classes\CLSID\{F2CF5485-4E02-4f68-819C-B92DE9277049}\InProcServer32\,C:\Windows\System32\ieframe.dll
ST869VRJ,CurrentControlSet\Services\VaultSvc\Parameters\,REG_SZ,ServiceDll,NT AUTHORITY\SYSTEM,HKEY_LOCAL_MACHINE\SYSTEM\CurrentControlSet\Services\VaultSvc\Parameters\ServiceDll,C:\Windows\System32\vaultsvc.dll
ST869VRJ,Classes\CLSID\{89129896-0240-4245-A9F0-866E06263A0D}\InProcServer32,REG_SZ,,BUILTIN\Administrators,HKEY_LOCAL_MACHINE\Software\Classes\CLSID\{89129896-0240-4245-A9F0-866E06263A0D}\InProcServer32\,C:\PROGRA~1\McAfee\MfeAV\McOasShm.dll
ST869VRJ,Classes\CLSID\{33c86cd6-705f-4ba1-9adb-67070b837775}\InProcServer32,REG_SZ,,NT AUTHORITY\SYSTEM,HKEY_LOCAL_MACHINE\Software\Classes\CLSID\{33c86cd6-705f-4ba1-9adb-67070b837775}\InProcServer32\,C:\Windows\System32\l2nacp.dll
ST869VRJ,Classes\CLSID\{0E94CA61-50B3-4ACD-8276-1A281F3357F3}\InProcServer32,REG_SZ,,NT AUTHORITY\SYSTEM,HKEY_LOCAL_MACHINE\Software\Classes\CLSID\{0E94CA61-50B3-4ACD-8276-1A281F3357F3}\InProcServer32\,C:\Windows\System32\DeviceElementSource.dll
ST869VRJ,Classes\CLSID\{20cd9315-87d0-40b4-b925-0a8f208e1f8d}\InProcServer32,REG_SZ,,NT AUTHORITY\SYSTEM,HKEY_LOCAL_MACHINE\Software\Classes\CLSID\{20cd9315-87d0-40b4-b925-0a8f208e1f8d}\InProcServer32\,C:\Windows\System32\IME\IMEKR\imkrapi.dll
ST869VRJ,Classes\CLSID\{C30ABD41-7B5A-3D10-A6EF-56862E2979B6}\InProcServer32,REG_SZ,,NT AUTHORITY\SYSTEM,HKEY_LOCAL_MACHINE\Software\Classes\CLSID\{C30ABD41-7B5A-3D10-A6EF-56862E2979B6}\InProcServer32\,C:\Windows\System32\mscoree.dll
ST869VRJ,Classes\CLSID\{25585dc7-4da0-438d-ad04-e42c8d2d64b9}\InProcServer32,REG_EXPAND_SZ,,NT AUTHORITY\SYSTEM,HKEY_LOCAL_MACHINE\Software\Classes\CLSID\{25585dc7-4da0-438d-ad04-e42c8d2d64b9}\InProcServer32\,%SystemRoot%\system32\shell32.dll
ST869VRJ,Classes\CLSID\{6377013E-2C35-40F3-B8E1-1AB47D12982B}\InProcServer32,REG_EXPAND_SZ,,NT AUTHORITY\SYSTEM,HKEY_LOCAL_MACHINE\Software\Classes\CLSID\{6377013E-2C35-40F3-B8E1-1AB47D12982B}\InProcServer32\,%SystemRoot%\system32\WABSyncProvider.dll
ST869VRJ,Classes\CLSID\{4444AC9E-242E-471B-A3C7-45DCD46352BC}\InProcServer32,REG_SZ,,NT AUTHORITY\SYSTEM,HKEY_LOCAL_MACHINE\Software\Classes\CLSID\{4444AC9E-242E-471B-A3C7-45DCD46352BC}\InProcServer32\,C:\Windows\System32\quartz.dll
ST869VRJ,Classes\CLSID\{4356b08e-ecb5-43d1-8e9f-7bef4fc960fe}\InProcServer32,REG_SZ,,NT AUTHORITY\SYSTEM,HKEY_LOCAL_MACHINE\Software\Classes\CLSID\{4356b08e-ecb5-43d1-8e9f-7bef4fc960fe}\InProcServer32\,C:\Windows\System32\ieframe.dll
ST869VRJ,Classes\CLSID\{26EE0668-A00A-44D7-9371-BEB064C98683}\InProcServer32,REG_EXPAND_SZ,,NT AUTHORITY\SYSTEM,HKEY_LOCAL_MACHINE\Software\Classes\CLSID\{26EE0668-A00A-44D7-9371-BEB064C98683}\InProcServer32\,%SystemRoot%\system32\shell32.dll
ST869VRJ,Classes\CLSID\{C1ABB475-F198-39D5-BF8D-330BC7189661}\InProcServer32,REG_SZ,,NT AUTHORITY\SYSTEM,HKEY_LOCAL_MACHINE\Software\Classes\CLSID\{C1ABB475-F198-39D5-BF8D-330BC7189661}\InProcServer32\,C:\Windows\System32\mscoree.dll
ST869VRJ,Classes\CLSID\{DC626A64-D684-4627-83CB-44420ABDBD1A}\InProcServer32,REG_EXPAND_SZ,,NT AUTHORITY\SYSTEM,HKEY_LOCAL_MACHINE\Software\Classes\CLSID\{DC626A64-D684-4627-83CB-44420ABDBD1A}\InProcServer32\,%SystemRoot%\System32\Speech\Common\sapi.dll
ST869VRJ,Classes\CLSID\{0E1487F2-9865-4CD5-B99A-9C5EB063A2BC}\InProcServer32,REG_EXPAND_SZ,,NT AUTHORITY\SYSTEM,HKEY_LOCAL_MACHINE\Software\Classes\CLSID\{0E1487F2-9865-4CD5-B99A-9C5EB063A2BC}\InProcServer32\,%SystemRoot%\System32\twinui.dll
ST869VRJ,CurrentControlSet\Services\Ndisuio\,REG_EXPAND_SZ,ImagePath,NT AUTHORITY\SYSTEM,HKEY_LOCAL_MACHINE\SYSTEM\CurrentControlSet\Services\Ndisuio\ImagePath,\SystemRoot\system32\DRIVERS\ndisuio.sys
ST869VRJ,Classes\CLSID\{39124E35-C31A-4D85-BF08-667CC504D997}\InProcServer32,REG_SZ,,NT AUTHORITY\SYSTEM,HKEY_LOCAL_MACHINE\Software\Classes\CLSID\{39124E35-C31A-4D85-BF08-667CC504D997}\InProcServer32\,C:\Windows\System32\twinui.dll
ST869VRJ,Classes\CLSID\{93F551D6-2F9E-301B-BE63-85AEF508CAE0}\InProcServer32,REG_SZ,,NT AUTHORITY\SYSTEM,HKEY_LOCAL_MACHINE\Software\Classes\CLSID\{93F551D6-2F9E-301B-BE63-85AEF508CAE0}\InProcServer32\,C:\Windows\System32\mscoree.dll
ST869VRJ,Microsoft\Windows NT\CurrentVersion\Image File Execution Options\DllNXOptions\,REG_DWORD,fullsoft.dll,NT AUTHORITY\SYSTEM,HKEY_LOCAL_MACHINE\Software\Microsoft\Windows NT\CurrentVersion\Image File Execution Options\DllNXOptions\fullsoft.dll,1
ST869VRJ,Classes\CLSID\{8496e040-af4c-11d0-8212-00c04fc32c45}\InProcServer32,REG_SZ,,NT AUTHORITY\SYSTEM,HKEY_LOCAL_MACHINE\Software\Classes\CLSID\{8496e040-af4c-11d0-8212-00c04fc32c45}\InProcServer32\,C:\Windows\System32\amstream.dll
ST869VRJ,Classes\CLSID\{660b90c8-73a9-4b58-8cae-355b7f55341b}\InProcServer32,REG_EXPAND_SZ,,NT AUTHORITY\SYSTEM,HKEY_LOCAL_MACHINE\Software\Classes\CLSID\{660b90c8-73a9-4b58-8cae-355b7f55341b}\InProcServer32\,%SystemRoot%\system32\shell32.dll
ST869VRJ,Classes\CLSID\{6EF07F29-F9B8-4DA4-B59E-13DEA060AD60}\InProcServer32,REG_EXPAND_SZ,,NT AUTHORITY\SYSTEM,HKEY_LOCAL_MACHINE\Software\Classes\CLSID\{6EF07F29-F9B8-4DA4-B59E-13DEA060AD60}\InProcServer32\,%SystemRoot%\System32\cmstplua.dll
ST869VRJ,Wow6432Node\Classes\CLSID\{54AF9350-1923-11D3-9CA4-00C04F72C514}\InProcServer32,REG_SZ,,NT AUTHORITY\SYSTEM,HKEY_LOCAL_MACHINE\Software\Wow6432Node\Classes\CLSID\{54AF9350-1923-11D3-9CA4-00C04F72C514}\InProcServer32\,C:\Windows\SysWOW64\odbcconf.dll
ST869VRJ,Wow6432Node\Classes\CLSID\{3050F4CF-98B5-11CF-BB82-00AA00BDCE0B}\InProcServer32,REG_SZ,,NT AUTHORITY\SYSTEM,HKEY_LOCAL_MACHINE\Software\Wow6432Node\Classes\CLSID\{3050F4CF-98B5-11CF-BB82-00AA00BDCE0B}\InProcServer32\,C:\Windows\SysWOW64\iepeers.dll
ST869VRJ,Wow6432Node\Classes\CLSID\{D0520B5D-1B5F-4ECF-A940-6E57476AE4B0}\InProcServer32,REG_SZ,,NT AUTHORITY\SYSTEM,HKEY_LOCAL_MACHINE\Software\Wow6432Node\Classes\CLSID\{D0520B5D-1B5F-4ECF-A940-6E57476AE4B0}\InProcServer32\,C:\Windows\SysWOW64\iscsiwmi.dll
ST869VRJ,Classes\CLSID\{C7CA6167-2F46-4C4C-98B2-C92591368971}\InProcServer32,REG_EXPAND_SZ,,NT AUTHORITY\SYSTEM,HKEY_LOCAL_MACHINE\Software\Classes\CLSID\{C7CA6167-2F46-4C4C-98B2-C92591368971}\InProcServer32\,%SystemRoot%\system32\shell32.dll
ST869VRJ,Classes\CLSID\{FAC67227-E178-4fab-9FEA-B4E77D3DBE7D}\InProcServer32,REG_SZ,,NT AUTHORITY\SYSTEM,HKEY_LOCAL_MACHINE\Software\Classes\CLSID\{FAC67227-E178-4fab-9FEA-B4E77D3DBE7D}\InProcServer32\,C:\Windows\System32\vidcap.ax
ST869VRJ,Classes\CLSID\{29CE1D46-B481-4AA0-A08A-D3EBC8ACA402}\InProcServer32,REG_SZ,,NT AUTHORITY\SYSTEM,HKEY_LOCAL_MACHINE\Software\Classes\CLSID\{29CE1D46-B481-4AA0-A08A-D3EBC8ACA402}\InProcServer32\,C:\Windows\System32\twinapi.dll
ST869VRJ,Classes\CLSID\{7007ACC4-3202-11D1-AAD2-00805FC1270E}\InProcServer32,REG_EXPAND_SZ,,NT AUTHORITY\SYSTEM,HKEY_LOCAL_MACHINE\Software\Classes\CLSID\{7007ACC4-3202-11D1-AAD2-00805FC1270E}\InProcServer32\,%SystemRoot%\System32\netshell.dll
ST869VRJ,Classes\CLSID\{E26D02A0-4C1F-11D1-9AA1-00C04FC3357A}\InProcServer32,REG_SZ,,NT AUTHORITY\SYSTEM,HKEY_LOCAL_MACHINE\Software\Classes\CLSID\{E26D02A0-4C1F-11D1-9AA1-00C04FC3357A}\InProcServer32\,C:\Windows\System32\tapisnap.dll
ST869VRJ,Classes\CLSID\{ecabb0aa-7f19-11d2-978e-0000f8757e2a}\InProcServer32,REG_SZ,,NT AUTHORITY\SYSTEM,HKEY_LOCAL_MACHINE\Software\Classes\CLSID\{ecabb0aa-7f19-11d2-978e-0000f8757e2a}\InProcServer32\,C:\Windows\System32\comsvcs.dll
ST869VRJ,Classes\CLSID\{7D8AA343-6E63-4663-BE90-6B80F66540A3}\InProcServer32,REG_SZ,,NT AUTHORITY\SYSTEM,HKEY_LOCAL_MACHINE\Software\Classes\CLSID\{7D8AA343-6E63-4663-BE90-6B80F66540A3}\InProcServer32\,C:\Windows\System32\quartz.dll
ST869VRJ,Classes\CLSID\{0CD7A5C0-9F37-11CE-AE65-08002B2E1262}\InProcServer32,REG_EXPAND_SZ,,NT AUTHORITY\SYSTEM,HKEY_LOCAL_MACHINE\Software\Classes\CLSID\{0CD7A5C0-9F37-11CE-AE65-08002B2E1262}\InProcServer32\,%SystemRoot%\system32\cabview.dll
ST869VRJ,Classes\CLSID\{E436EBB2-524F-11CE-9F53-0020AF0BA770}\InProcServer32,REG_SZ,,NT AUTHORITY\SYSTEM,HKEY_LOCAL_MACHINE\Software\Classes\CLSID\{E436EBB2-524F-11CE-9F53-0020AF0BA770}\InProcServer32\,C:\Windows\System32\quartz.dll
ST869VRJ,Classes\CLSID\{c0aa878e-97a5-44df-b7ef-2e732f7b2fec}\InProcServer32,REG_EXPAND_SZ,,NT AUTHORITY\SYSTEM,HKEY_LOCAL_MACHINE\Software\Classes\CLSID\{c0aa878e-97a5-44df-b7ef-2e732f7b2fec}\InProcServer32\,%SystemRoot%\system32\IME\IMETC\applets\imtccac.dll
ST869VRJ,Classes\CLSID\{2797CF92-415A-43e6-A8F7-A5FAAB783719}\InProcServer32,REG_SZ,,NT AUTHORITY\SYSTEM,HKEY_LOCAL_MACHINE\Software\Classes\CLSID\{2797CF92-415A-43e6-A8F7-A5FAAB783719}\InProcServer32\,C:\Windows\System32\comsnap.dll
ST869VRJ,Classes\CLSID\{743B5D60-628D-11D2-AE0F-006097B01411}\InProcServer32,REG_EXPAND_SZ,,NT AUTHORITY\SYSTEM,HKEY_LOCAL_MACHINE\Software\Classes\CLSID\{743B5D60-628D-11D2-AE0F-006097B01411}\InProcServer32\,%SystemRoot%\system32\dpnet.dll
ST869VRJ,Classes\CLSID\{ff8a32e3-a9a7-4093-b9c4-5b5b4f30ab63}\InProcServer32,REG_EXPAND_SZ,,NT AUTHORITY\SYSTEM,HKEY_LOCAL_MACHINE\Software\Classes\CLSID\{ff8a32e3-a9a7-4093-b9c4-5b5b4f30ab63}\InProcServer32\,%SystemRoot%\system32\shell32.dll
ST869VRJ,Classes\CLSID\{25256c24-3b75-49b3-a433-4bb2f8865896}\InProcServer32,REG_EXPAND_SZ,,NT AUTHORITY\SYSTEM,HKEY_LOCAL_MACHINE\Software\Classes\CLSID\{25256c24-3b75-49b3-a433-4bb2f8865896}\InProcServer32\,%SystemRoot%\system32\SearchFolder.dll
ST869VRJ,Classes\CLSID\{3B64E510-8192-4224-A7AD-67E9A86EC479}\InProcServer32,REG_EXPAND_SZ,,NT AUTHORITY\SYSTEM,HKEY_LOCAL_MACHINE\Software\Classes\CLSID\{3B64E510-8192-4224-A7AD-67E9A86EC479}\InProcServer32\,C:\Windows\System32\SetNetworkLocation.dll
ST869VRJ,Classes\CLSID\{699745C2-5066-4B82-A8E3-D40478DBEC8C}\InProcServer32,REG_EXPAND_SZ,,NT AUTHORITY\SYSTEM,HKEY_LOCAL_MACHINE\Software\Classes\CLSID\{699745C2-5066-4B82-A8E3-D40478DBEC8C}\InProcServer32\,%SystemRoot%\system32\windowscodecs.dll
ST869VRJ,Classes\CLSID\{EFEA49A2-DDA5-429D-8F42-B23B92C4C347}\InProcServer32,REG_SZ,,NT AUTHORITY\SYSTEM,HKEY_LOCAL_MACHINE\Software\Classes\CLSID\{EFEA49A2-DDA5-429D-8F42-B23B92C4C347}\InProcServer32\,C:\Windows\System32\wksprtPS.dll
ST869VRJ,Classes\CLSID\{384742B1-2A77-4CB3-8CF8-1136F5E17E59}\InProcServer32,REG_EXPAND_SZ,,NT AUTHORITY\SYSTEM,HKEY_LOCAL_MACHINE\Software\Classes\CLSID\{384742B1-2A77-4CB3-8CF8-1136F5E17E59}\InProcServer32\,%SystemRoot%\system32\dwmapi.dll
ST869VRJ,Wow6432Node\Classes\CLSID\{FCDECE00-A39D-11D0-ABE7-00AA0064D470}\InProcServer32,REG_SZ,,NT AUTHORITY\SYSTEM,HKEY_LOCAL_MACHINE\Software\Wow6432Node\Classes\CLSID\{FCDECE00-A39D-11D0-ABE7-00AA0064D470}\InProcServer32\,C:\Windows\SysWOW64\scripto.dll
ST869VRJ,Classes\CLSID\{DFFFAE4D-F0CF-46CD-9586-FE891237AB8A}\InProcServer32,REG_SZ,,NT AUTHORITY\SYSTEM,HKEY_LOCAL_MACHINE\Software\Classes\CLSID\{DFFFAE4D-F0CF-46CD-9586-FE891237AB8A}\InProcServer32\,C:\Windows\System32\comsnap.dll
ST869VRJ,Classes\CLSID\{3FA18119-F466-45FE-BA23-FFF9C133DA0B}\InProcServer32,REG_SZ,,NT AUTHORITY\SYSTEM,HKEY_LOCAL_MACHINE\Software\Classes\CLSID\{3FA18119-F466-45FE-BA23-FFF9C133DA0B}\InProcServer32\,C:\Windows\System32\ScwAuditExt.dll
ST869VRJ,Classes\CLSID\{c79d1575-b8c6-4862-a284-788836518b97}\InProcServer32,REG_EXPAND_SZ,,NT AUTHORITY\SYSTEM,HKEY_LOCAL_MACHINE\Software\Classes\CLSID\{c79d1575-b8c6-4862-a284-788836518b97}\InProcServer32\,%SystemRoot%\system32\display.dll
ST869VRJ,Classes\CLSID\{a38b883c-1682-497e-97b0-0a3a9e801682}\InProcServer32,REG_EXPAND_SZ,,NT AUTHORITY\SYSTEM,HKEY_LOCAL_MACHINE\Software\Classes\CLSID\{a38b883c-1682-497e-97b0-0a3a9e801682}\InProcServer32\,%SystemRoot%\system32\PhotoMetadataHandler.dll
ST869VRJ,CurrentControlSet\Services\CryptSvc\Parameters\,REG_EXPAND_SZ,ServiceDll,NT AUTHORITY\SYSTEM,HKEY_LOCAL_MACHINE\SYSTEM\CurrentControlSet\Services\CryptSvc\Parameters\ServiceDll,%SystemRoot%\system32\cryptsvc.dll
ST869VRJ,CurrentControlSet\Services\sdstor\,REG_EXPAND_SZ,ImagePath,NT AUTHORITY\SYSTEM,HKEY_LOCAL_MACHINE\SYSTEM\CurrentControlSet\Services\sdstor\ImagePath,\SystemRoot\System32\drivers\sdstor.sys
ST869VRJ,Classes\CLSID\{a8c3476d-20e1-4d56-96e7-84e24952228b}\InProcServer32,REG_SZ,,NT AUTHORITY\SYSTEM,HKEY_LOCAL_MACHINE\Software\Classes\CLSID\{a8c3476d-20e1-4d56-96e7-84e24952228b}\InProcServer32\,C:\Windows\System32\IME\IMEKR\imkrudt.dll
ST869VRJ,Classes\CLSID\{09F81337-D568-41d1-A177-D6779AF55847}\InProcServer32,REG_EXPAND_SZ,,NT AUTHORITY\SYSTEM,HKEY_LOCAL_MACHINE\Software\Classes\CLSID\{09F81337-D568-41d1-A177-D6779AF55847}\InProcServer32\,%SystemRoot%\system32\tscfgwmi.dll
ST869VRJ,Classes\CLSID\{02844640-E37C-4322-A3B8-4C61A2E58879}\InProcServer32,REG_SZ,,NT AUTHORITY\SYSTEM,HKEY_LOCAL_MACHINE\Software\Classes\CLSID\{02844640-E37C-4322-A3B8-4C61A2E58879}\InProcServer32\,C:\Windows\System32\twinapi.appcore.dll
ST869VRJ,Classes\CLSID\{e916b6b2-22bd-4afc-b337-d3d9fb27670e}\InProcServer32,REG_EXPAND_SZ,,NT AUTHORITY\SYSTEM,HKEY_LOCAL_MACHINE\Software\Classes\CLSID\{e916b6b2-22bd-4afc-b337-d3d9fb27670e}\InProcServer32\,%SystemRoot%\System32\audioeng.dll
ST869VRJ,Classes\CLSID\{16671E5F-0CE6-4CC4-9768-E89FE5018ADE}\InProcServer32,REG_EXPAND_SZ,,NT AUTHORITY\SYSTEM,HKEY_LOCAL_MACHINE\Software\Classes\CLSID\{16671E5F-0CE6-4CC4-9768-E89FE5018ADE}\InProcServer32\,%SystemRoot%\system32\windowscodecs.dll
ST869VRJ,Classes\CLSID\{354F7156-A4F6-47F5-A028-FE2000E92132}\InProcServer32,REG_SZ,,NT AUTHORITY\SYSTEM,HKEY_LOCAL_MACHINE\Software\Classes\CLSID\{354F7156-A4F6-47F5-A028-FE2000E92132}\InProcServer32\,C:\Windows\System32\PrintFilterPipelinePrxy.dll
ST869VRJ,CurrentControlSet\Services\MTConfig\,REG_EXPAND_SZ,ImagePath,NT AUTHORITY\SYSTEM,HKEY_LOCAL_MACHINE\SYSTEM\CurrentControlSet\Services\MTConfig\ImagePath,\SystemRoot\System32\drivers\MTConfig.sys
ST869VRJ,Classes\CLSID\{CD000007-8B95-11D1-82DB-00C04FB1625D}\InProcServer32,REG_SZ,,NT AUTHORITY\SYSTEM,HKEY_LOCAL_MACHINE\Software\Classes\CLSID\{CD000007-8B95-11D1-82DB-00C04FB1625D}\InProcServer32\,C:\Windows\System32\cdosys.dll
ST869VRJ,Wow6432Node\Classes\CLSID\{ca1575f8-bf1e-4c2f-a1f9-b3aa45c92794}\InProcServer32,REG_SZ,,NT AUTHORITY\SYSTEM,HKEY_LOCAL_MACHINE\Software\Wow6432Node\Classes\CLSID\{ca1575f8-bf1e-4c2f-a1f9-b3aa45c92794}\InProcServer32\,C:\Windows\SysWOW64\IME\IMEJP\applets\imjpskey.dll
ST869VRJ,Classes\CLSID\{385906fb-1482-4f64-8a23-5d74e1ce1815}\InProcServer32,REG_EXPAND_SZ,,NT AUTHORITY\SYSTEM,HKEY_LOCAL_MACHINE\Software\Classes\CLSID\{385906fb-1482-4f64-8a23-5d74e1ce1815}\InProcServer32\,%SystemRoot%\system32\shell32.dll
ST869VRJ,Classes\CLSID\{970782A8-76C6-40c1-9831-A0315577D5D9}\InProcServer32,REG_EXPAND_SZ,,NT AUTHORITY\SYSTEM,HKEY_LOCAL_MACHINE\Software\Classes\CLSID\{970782A8-76C6-40c1-9831-A0315577D5D9}\InProcServer32\,%SystemRoot%\system32\authui.dll
ST869VRJ,Classes\CLSID\{3050F406-98B5-11CF-BB82-00AA00BDCE0B}\InProcServer32,REG_SZ,,NT AUTHORITY\SYSTEM,HKEY_LOCAL_MACHINE\Software\Classes\CLSID\{3050F406-98B5-11CF-BB82-00AA00BDCE0B}\InProcServer32\,C:\Windows\System32\mshtml.dll
ST869VRJ,Classes\CLSID\{d509c21a-b88c-4ad1-8fad-d6a7572728e5}\InProcServer32,REG_EXPAND_SZ,,NT AUTHORITY\SYSTEM,HKEY_LOCAL_MACHINE\Software\Classes\CLSID\{d509c21a-b88c-4ad1-8fad-d6a7572728e5}\InProcServer32\,%SystemRoot%\system32\explorerframe.dll
ST869VRJ,Classes\CLSID\{05300401-BCBC-11d0-85E3-00C04FD85AB4}\InProcServer32,REG_SZ,,NT AUTHORITY\SYSTEM,HKEY_LOCAL_MACHINE\Software\Classes\CLSID\{05300401-BCBC-11d0-85E3-00C04FD85AB4}\InProcServer32\,C:\Windows\System32\inetcomm.dll
ST869VRJ,CurrentControlSet\Services\IKEEXT\Parameters\,REG_EXPAND_SZ,ServiceDll,NT AUTHORITY\SYSTEM,HKEY_LOCAL_MACHINE\SYSTEM\CurrentControlSet\Services\IKEEXT\Parameters\ServiceDll,%SystemRoot%\System32\ikeext.dll
ST869VRJ,Classes\CLSID\{C03E8551-781E-49a1-8190-CE902D0B2CE7}\InProcServer32,REG_EXPAND_SZ,,NT AUTHORITY\SYSTEM,HKEY_LOCAL_MACHINE\Software\Classes\CLSID\{C03E8551-781E-49a1-8190-CE902D0B2CE7}\InProcServer32\,%SystemRoot%\system32\rasgcw.dll
ST869VRJ,Classes\CLSID\{810E402F-056B-11D2-A484-00C04F8EFB69}\InProcServer32,REG_SZ,,NT AUTHORITY\SYSTEM,HKEY_LOCAL_MACHINE\Software\Classes\CLSID\{810E402F-056B-11D2-A484-00C04F8EFB69}\InProcServer32\,C:\Windows\System32\Dxtmsft.dll
ST869VRJ,Classes\CLSID\{C03E8542-781E-49a1-8190-CE902D0B2CE7}\InProcServer32,REG_EXPAND_SZ,,NT AUTHORITY\SYSTEM,HKEY_LOCAL_MACHINE\Software\Classes\CLSID\{C03E8542-781E-49a1-8190-CE902D0B2CE7}\InProcServer32\,%SystemRoot%\system32\rasgcw.dll
ST869VRJ,Classes\CLSID\{03ca8927-0bf5-4df6-9534-0f5e17851944}\InProcServer32,REG_SZ,,NT AUTHORITY\SYSTEM,HKEY_LOCAL_MACHINE\Software\Classes\CLSID\{03ca8927-0bf5-4df6-9534-0f5e17851944}\InProcServer32\,C:\Windows\System32\IME\IMEJP\imjpdapi.dll
ST869VRJ,Classes\CLSID\{84DE202D-5D95-4764-9014-A46F994CE856}\InProcServer32,REG_EXPAND_SZ,,NT AUTHORITY\SYSTEM,HKEY_LOCAL_MACHINE\Software\Classes\CLSID\{84DE202D-5D95-4764-9014-A46F994CE856}\InProcServer32\,%SystemRoot%\System32\AdmTmpl.dll
ST869VRJ,Classes\CLSID\{C03E8500-781E-49a1-8190-CE902D0B2CE7}\InProcServer32,REG_EXPAND_SZ,,NT AUTHORITY\SYSTEM,HKEY_LOCAL_MACHINE\Software\Classes\CLSID\{C03E8500-781E-49a1-8190-CE902D0B2CE7}\InProcServer32\,%SystemRoot%\system32\rasgcw.dll
ST869VRJ,Classes\CLSID\{81375E2A-DBC6-4F93-A221-5DEE92D3A34C}\InProcServer32,REG_SZ,,BUILTIN\Administrators,HKEY_LOCAL_MACHINE\Software\Classes\CLSID\{81375E2A-DBC6-4F93-A221-5DEE92D3A34C}\InProcServer32\,C:\Program Files\Common Files\McAfee\MHN\HomeNetSvc.dll
ST869VRJ,Classes\CLSID\{E9571AB2-AD92-4ec6-8924-4E5AD33790F5}\InProcServer32,REG_EXPAND_SZ,,NT AUTHORITY\SYSTEM,HKEY_LOCAL_MACHINE\Software\Classes\CLSID\{E9571AB2-AD92-4ec6-8924-4E5AD33790F5}\InProcServer32\,%SystemRoot%\system32\shell32.dll
ST869VRJ,Classes\CLSID\{FD853CDD-7F86-11d0-8252-00C04FD85AB4}\InProcServer32,REG_SZ,,NT AUTHORITY\SYSTEM,HKEY_LOCAL_MACHINE\Software\Classes\CLSID\{FD853CDD-7F86-11d0-8252-00C04FD85AB4}\InProcServer32\,C:\Windows\System32\inetcomm.dll
ST869VRJ,Classes\CLSID\{37E92A92-D9AA-11D2-BF84-8EF2B1555AED}\InProcServer32,REG_SZ,,NT AUTHORITY\SYSTEM,HKEY_LOCAL_MACHINE\Software\Classes\CLSID\{37E92A92-D9AA-11D2-BF84-8EF2B1555AED}\InProcServer32\,C:\Windows\System32\quartz.dll
ST869VRJ,Wow6432Node\Classes\CLSID\{00021401-0000-0000-C000-000000000046}\InProcServer32,REG_SZ,,NT AUTHORITY\SYSTEM,HKEY_LOCAL_MACHINE\Software\Wow6432Node\Classes\CLSID\{00021401-0000-0000-C000-000000000046}\InProcServer32\,C:\Windows\SysWOW64\shell32.dll
ST869VRJ,Classes\CLSID\{89EA5B5A-D01C-4560-A874-9FC92AFB0EFA}\InProcServer32,REG_EXPAND_SZ,,NT AUTHORITY\SYSTEM,HKEY_LOCAL_MACHINE\Software\Classes\CLSID\{89EA5B5A-D01C-4560-A874-9FC92AFB0EFA}\InProcServer32\,%SystemRoot%\System32\NaturalLanguage6.dll
ST869VRJ,CurrentControlSet\Services\mccspsvc\,REG_EXPAND_SZ,ImagePath,BUILTIN\Administrators,HKEY_LOCAL_MACHINE\SYSTEM\CurrentControlSet\Services\mccspsvc\ImagePath,"""C:\Program Files\Common Files\McAfee\CSP\2.9.175.0\\McCSPServiceHost.exe"""
ST869VRJ,Classes\CLSID\{F5078F40-C551-11D3-89B9-0000F81FE221}\InProcServer32,REG_EXPAND_SZ,,NT AUTHORITY\SYSTEM,HKEY_LOCAL_MACHINE\Software\Classes\CLSID\{F5078F40-C551-11D3-89B9-0000F81FE221}\InProcServer32\,%SystemRoot%\System32\msxml3.dll
ST869VRJ,Wow6432Node\Classes\CLSID\{0977EEC5-10F7-44AE-A7FA-D4824EBA5C74}\InProcServer32,REG_SZ,,NT AUTHORITY\SYSTEM,HKEY_LOCAL_MACHINE\Software\Wow6432Node\Classes\CLSID\{0977EEC5-10F7-44AE-A7FA-D4824EBA5C74}\InProcServer32\,C:\Windows\SysWOW64\puiobj.dll
ST869VRJ,Classes\CLSID\{227188db-3179-4fdf-af3a-da3b85a0b3cc}\InProcServer32,REG_SZ,,NT AUTHORITY\SYSTEM,HKEY_LOCAL_MACHINE\Software\Classes\CLSID\{227188db-3179-4fdf-af3a-da3b85a0b3cc}\InProcServer32\,C:\Windows\System32\IME\IMEKR\imkrapi.dll
ST869VRJ,Classes\CLSID\{61625667-893E-4707-B925-A82B528C00B8}\InProcServer32,REG_EXPAND_SZ,,NT AUTHORITY\SYSTEM,HKEY_LOCAL_MACHINE\Software\Classes\CLSID\{61625667-893E-4707-B925-A82B528C00B8}\InProcServer32\,%SystemRoot%\system32\twinui.dll
ST869VRJ,Wow6432Node\Classes\CLSID\{00000100-0000-0010-8000-00AA006D2EA4}\InProcServer32,REG_EXPAND_SZ,,NT AUTHORITY\SYSTEM,HKEY_LOCAL_MACHINE\Software\Wow6432Node\Classes\CLSID\{00000100-0000-0010-8000-00AA006D2EA4}\InProcServer32\,%CommonProgramFiles%\Microsoft Shared\DAO\dao360.dll
ST869VRJ,Classes\CLSID\{F1E752C3-FD72-11D0-AEF6-00C04FB6DD2C}\InProcServer32,REG_EXPAND_SZ,,NT AUTHORITY\SYSTEM,HKEY_LOCAL_MACHINE\Software\Classes\CLSID\{F1E752C3-FD72-11D0-AEF6-00C04FB6DD2C}\InProcServer32\,%SystemRoot%\system32\mmcndmgr.dll
ST869VRJ,Classes\CLSID\{21690A61-3629-4E3B-A72D-BBC8A88DB81F}\InProcServer32,REG_SZ,,NT AUTHORITY\SYSTEM,HKEY_LOCAL_MACHINE\Software\Classes\CLSID\{21690A61-3629-4E3B-A72D-BBC8A88DB81F}\InProcServer32\,C:\Windows\System32\wuapi.dll
ST869VRJ,Microsoft\Windows NT\CurrentVersion\Winlogon\,REG_SZ,Shell,NT AUTHORITY\SYSTEM,HKEY_LOCAL_MACHINE\SOFTWARE\Microsoft\Windows NT\CurrentVersion\Winlogon\Shell,explorer.exe
ST869VRJ,Classes\CLSID\{b1e4da65-b5f6-4302-8ff2-2276c1842090}\InProcServer32,REG_EXPAND_SZ,,NT AUTHORITY\SYSTEM,HKEY_LOCAL_MACHINE\Software\Classes\CLSID\{b1e4da65-b5f6-4302-8ff2-2276c1842090}\InProcServer32\,%SystemRoot%\system32\IME\IMESC\IMSCDICB.DLL
ST869VRJ,Wow6432Node\Classes\CLSID\{563DC062-B09A-11D2-A24D-00104BD35090}\InProcServer32,REG_SZ,,NT AUTHORITY\SYSTEM,HKEY_LOCAL_MACHINE\Software\Wow6432Node\Classes\CLSID\{563DC062-B09A-11D2-A24D-00104BD35090}\InProcServer32\,C:\Windows\SysWOW64\wshcon.dll
ST869VRJ,Classes\CLSID\{524b350e-a28a-425d-a472-c9e2e2c87bfd}\InProcServer32,REG_SZ,,NT AUTHORITY\SYSTEM,HKEY_LOCAL_MACHINE\Software\Classes\CLSID\{524b350e-a28a-425d-a472-c9e2e2c87bfd}\InProcServer32\,C:\Windows\System32\Windows.Media.MediaControl.dll
ST869VRJ,Classes\CLSID\{A4DDCA2B-E73C-40C5-83B1-9F40269D0B0D}\InProcServer32,REG_EXPAND_SZ,,NT AUTHORITY\SYSTEM,HKEY_LOCAL_MACHINE\Software\Classes\CLSID\{A4DDCA2B-E73C-40C5-83B1-9F40269D0B0D}\InProcServer32\,%SystemRoot%\system32\sppcomapi.dll
ST869VRJ,Classes\CLSID\{7988B573-EC89-11cf-9C00-00AA00A14F56}\InProcServer32,REG_SZ,,NT AUTHORITY\SYSTEM,HKEY_LOCAL_MACHINE\Software\Classes\CLSID\{7988B573-EC89-11cf-9C00-00AA00A14F56}\InProcServer32\,C:\Windows\System32\dskquoui.dll
ST869VRJ,Classes\CLSID\{ecabafc3-7f19-11d2-978e-0000f8757e2a}\InProcServer32,REG_SZ,,NT AUTHORITY\SYSTEM,HKEY_LOCAL_MACHINE\Software\Classes\CLSID\{ecabafc3-7f19-11d2-978e-0000f8757e2a}\InProcServer32\,C:\Windows\System32\comsvcs.dll
ST869VRJ,Microsoft\Active Setup\Installed Components\{66C64F22-FC60-4E6C-A6B5-F0D580E680CE}\,REG_SZ,StubPath,NT AUTHORITY\SYSTEM,HKEY_LOCAL_MACHINE\SOFTWARE\Microsoft\Active Setup\Installed Components\{66C64F22-FC60-4E6C-A6B5-F0D580E680CE}\StubPath,C:\Windows\System32\ie4uinit.exe -EnableTLS
ST869VRJ,Wow6432Node\Classes\CLSID\{0CF774D0-F077-11D1-B1BC-00C04F86C324}\InProcServer32,REG_SZ,,NT AUTHORITY\SYSTEM,HKEY_LOCAL_MACHINE\Software\Wow6432Node\Classes\CLSID\{0CF774D0-F077-11D1-B1BC-00C04F86C324}\InProcServer32\,C:\Windows\SysWOW64\scrrun.dll
ST869VRJ,Classes\CLSID\{04DA8451-7F63-4870-A4D7-F55BE66BFDFB}\InProcServer32,REG_EXPAND_SZ,,NT AUTHORITY\SYSTEM,HKEY_LOCAL_MACHINE\Software\Classes\CLSID\{04DA8451-7F63-4870-A4D7-F55BE66BFDFB}\InProcServer32\,%SystemRoot%\System32\NaturalLanguage6.dll
ST869VRJ,Classes\CLSID\{381DDA3C-9CE9-4834-A23E-1F98F8FC52BE}\InProcServer32,REG_EXPAND_SZ,,NT AUTHORITY\SYSTEM,HKEY_LOCAL_MACHINE\Software\Classes\CLSID\{381DDA3C-9CE9-4834-A23E-1F98F8FC52BE}\InProcServer32\,%SystemRoot%\system32\windowscodecs.dll
ST869VRJ,Classes\CLSID\{c9298eef-69dd-4cdd-b153-bdbc38486781}\InProcServer32,REG_EXPAND_SZ,,NT AUTHORITY\SYSTEM,HKEY_LOCAL_MACHINE\Software\Classes\CLSID\{c9298eef-69dd-4cdd-b153-bdbc38486781}\InProcServer32\,%SystemRoot%\system32\shell32.dll
ST869VRJ,Classes\CLSID\{333E6924-4353-4934-A7BE-5FB5BDDDB2D6}\InProcServer32,REG_EXPAND_SZ,,NT AUTHORITY\SYSTEM,HKEY_LOCAL_MACHINE\Software\Classes\CLSID\{333E6924-4353-4934-A7BE-5FB5BDDDB2D6}\InProcServer32\,%SystemRoot%\System32\NaturalLanguage6.dll
ST869VRJ,Classes\CLSID\{B20B4135-168D-47D0-A6CE-78DAD1F2AA30}\InProcServer32,REG_EXPAND_SZ,,NT AUTHORITY\SYSTEM,HKEY_LOCAL_MACHINE\Software\Classes\CLSID\{B20B4135-168D-47D0-A6CE-78DAD1F2AA30}\InProcServer32\,%SystemRoot%\System32\oobe\msoobedui.dll
ST869VRJ,Classes\CLSID\{b155bdf8-02f0-451e-9a26-ae317cfd7779}\InProcServer32,REG_EXPAND_SZ,,NT AUTHORITY\SYSTEM,HKEY_LOCAL_MACHINE\Software\Classes\CLSID\{b155bdf8-02f0-451e-9a26-ae317cfd7779}\InProcServer32\,%SystemRoot%\System32\shell32.dll
ST869VRJ,Classes\CLSID\{A6BFEA43-501F-456F-A845-983D3AD7B8F0}\InProcServer32,REG_EXPAND_SZ,,NT AUTHORITY\SYSTEM,HKEY_LOCAL_MACHINE\Software\Classes\CLSID\{A6BFEA43-501F-456F-A845-983D3AD7B8F0}\InProcServer32\,%SystemRoot%\System32\shpafact.dll
ST869VRJ,Classes\CLSID\{9DA2F8B8-59F0-3852-B509-0663E3BF643B}\InProcServer32,REG_SZ,,NT AUTHORITY\SYSTEM,HKEY_LOCAL_MACHINE\Software\Classes\CLSID\{9DA2F8B8-59F0-3852-B509-0663E3BF643B}\InProcServer32\,C:\Windows\System32\mscoree.dll
ST869VRJ,Classes\CLSID\{C03E8582-781E-49a1-8190-CE902D0B2CE7}\InProcServer32,REG_EXPAND_SZ,,NT AUTHORITY\SYSTEM,HKEY_LOCAL_MACHINE\Software\Classes\CLSID\{C03E8582-781E-49a1-8190-CE902D0B2CE7}\InProcServer32\,%SystemRoot%\system32\xwizards.dll
ST869VRJ,Classes\CLSID\{3028902F-6374-48b2-8DC6-9725E775B926}\InProcServer32,REG_SZ,,NT AUTHORITY\SYSTEM,HKEY_LOCAL_MACHINE\Software\Classes\CLSID\{3028902F-6374-48b2-8DC6-9725E775B926}\InProcServer32\,C:\Windows\System32\ieframe.dll
ST869VRJ,Classes\CLSID\{98FF6D4B-6387-4b0a-8FBD-C5C4BB17B4F8}\InProcServer32,REG_SZ,,NT AUTHORITY\SYSTEM,HKEY_LOCAL_MACHINE\Software\Classes\CLSID\{98FF6D4B-6387-4b0a-8FBD-C5C4BB17B4F8}\InProcServer32\,C:\Windows\System32\ieframe.dll
ST869VRJ,Classes\CLSID\{0F0C09C5-601E-4396-BCD0-CDB343D7F657}\InProcServer32,REG_SZ,,NT AUTHORITY\SYSTEM,HKEY_LOCAL_MACHINE\Software\Classes\CLSID\{0F0C09C5-601E-4396-BCD0-CDB343D7F657}\InProcServer32\,C:\Windows\System32\rascfg.dll
ST869VRJ,Wow6432Node\Classes\CLSID\{144C71F2-7F10-4AB2-BB07-C38F5B9AE05E}\InProcServer32,REG_SZ,,NT AUTHORITY\SYSTEM,HKEY_LOCAL_MACHINE\Software\Wow6432Node\Classes\CLSID\{144C71F2-7F10-4AB2-BB07-C38F5B9AE05E}\InProcServer32\,C:\Windows\SysWOW64\Windows.UI.dll
ST869VRJ,Classes\CLSID\{2B32ECC3-C3BB-4701-82BB-EB7FE370D999}\InProcServer32,REG_EXPAND_SZ,,NT AUTHORITY\SYSTEM,HKEY_LOCAL_MACHINE\Software\Classes\CLSID\{2B32ECC3-C3BB-4701-82BB-EB7FE370D999}\InProcServer32\,%SystemRoot%\system32\twinui.dll
ST869VRJ,Classes\CLSID\{3D367908-928F-3C13-8B93-5E1718820F6D}\InProcServer32,REG_SZ,,NT AUTHORITY\SYSTEM,HKEY_LOCAL_MACHINE\Software\Classes\CLSID\{3D367908-928F-3C13-8B93-5E1718820F6D}\InProcServer32\,C:\Windows\System32\mscoree.dll
ST869VRJ,Classes\CLSID\{E569BDE7-A8DC-47F3-893F-FD2B31B3EEFD}\InProcServer32,REG_SZ,,NT AUTHORITY\SYSTEM,HKEY_LOCAL_MACHINE\Software\Classes\CLSID\{E569BDE7-A8DC-47F3-893F-FD2B31B3EEFD}\InProcServer32\,C:\Windows\System32\ieframe.dll
ST869VRJ,Classes\CLSID\{0E4EFFC0-2387-11D3-B372-00105A98B7CE}\InProcServer32,REG_SZ,,NT AUTHORITY\SYSTEM,HKEY_LOCAL_MACHINE\Software\Classes\CLSID\{0E4EFFC0-2387-11D3-B372-00105A98B7CE}\InProcServer32\,C:\Windows\System32\mscoree.dll
ST869VRJ,Microsoft\Windows NT\CurrentVersion\Image File Execution Options\DllNXOptions\,REG_DWORD,eMigrationmmc.dll,NT AUTHORITY\SYSTEM,HKEY_LOCAL_MACHINE\Software\Microsoft\Windows NT\CurrentVersion\Image File Execution Options\DllNXOptions\eMigrationmmc.dll,1
ST869VRJ,Classes\CLSID\{fbebb71b-a592-4880-b096-9429ebe119db}\InProcServer32,REG_EXPAND_SZ,,NT AUTHORITY\SYSTEM,HKEY_LOCAL_MACHINE\Software\Classes\CLSID\{fbebb71b-a592-4880-b096-9429ebe119db}\InProcServer32\,%SystemRoot%\System32\L2SecHC.dll
ST869VRJ,Classes\CLSID\{27354129-7F64-5B0F-8F00-5D77AFBE261E}\InProcServer32,REG_SZ,,NT AUTHORITY\SYSTEM,HKEY_LOCAL_MACHINE\Software\Classes\CLSID\{27354129-7F64-5B0F-8F00-5D77AFBE261E}\InProcServer32\,C:\Windows\System32\imapi2.dll
ST869VRJ,Classes\CLSID\{1CD0938D-1AC1-49DE-AA04-F2C92D4A02D1}\InProcServer32,REG_EXPAND_SZ,,NT AUTHORITY\SYSTEM,HKEY_LOCAL_MACHINE\Software\Classes\CLSID\{1CD0938D-1AC1-49DE-AA04-F2C92D4A02D1}\InProcServer32\,%SystemRoot%\System32\FirewallControlPanel.dll
ST869VRJ,Classes\CLSID\{EBF024CD-CF8A-4D2A-9132-43CFD49ACBB3}\InProcServer32,REG_EXPAND_SZ,,NT AUTHORITY\SYSTEM,HKEY_LOCAL_MACHINE\Software\Classes\CLSID\{EBF024CD-CF8A-4D2A-9132-43CFD49ACBB3}\InProcServer32\,%SystemRoot%\System32\SearchFolder.dll
ST869VRJ,Classes\CLSID\{04FBCBF4-DC23-3CEC-9025-9D4093C26733}\InProcServer32,REG_SZ,,NT AUTHORITY\SYSTEM,HKEY_LOCAL_MACHINE\Software\Classes\CLSID\{04FBCBF4-DC23-3CEC-9025-9D4093C26733}\InProcServer32\,C:\Windows\System32\mscoree.dll
ST869VRJ,Classes\CLSID\{6f45dc1e-5384-457a-bc13-2cd81b0d28ed}\InProcServer32,REG_EXPAND_SZ,,NT AUTHORITY\SYSTEM,HKEY_LOCAL_MACHINE\Software\Classes\CLSID\{6f45dc1e-5384-457a-bc13-2cd81b0d28ed}\InProcServer32\,%SystemRoot%\system32\authui.dll
ST869VRJ,Classes\CLSID\{2735412C-7F64-5B0F-8F00-5D77AFBE261E}\InProcServer32,REG_SZ,,NT AUTHORITY\SYSTEM,HKEY_LOCAL_MACHINE\Software\Classes\CLSID\{2735412C-7F64-5B0F-8F00-5D77AFBE261E}\InProcServer32\,C:\Windows\System32\imapi2.dll
ST869VRJ,Wow6432Node\Classes\CLSID\{B210D694-C8DF-490d-9576-9E20CDBC20BD}\InProcServer32,REG_SZ,,NT AUTHORITY\SYSTEM,HKEY_LOCAL_MACHINE\Software\Wow6432Node\Classes\CLSID\{B210D694-C8DF-490d-9576-9E20CDBC20BD}\InProcServer32\,C:\Windows\SysWOW64\mscms.dll
ST869VRJ,Classes\CLSID\{6173D628-67F9-49B5-B9C1-D7ABD9E70D34}\InProcServer32,REG_EXPAND_SZ,,NT AUTHORITY\SYSTEM,HKEY_LOCAL_MACHINE\Software\Classes\CLSID\{6173D628-67F9-49B5-B9C1-D7ABD9E70D34}\InProcServer32\,C:\Windows\System32\SetNetworkLocation.dll
ST869VRJ,Classes\CLSID\{DC4701DE-1014-44CC-85A6-253F2B30FB9E}\InProcServer32,REG_EXPAND_SZ,,NT AUTHORITY\SYSTEM,HKEY_LOCAL_MACHINE\Software\Classes\CLSID\{DC4701DE-1014-44CC-85A6-253F2B30FB9E}\InProcServer32\,%SystemRoot%\System32\NaturalLanguage6.dll
ST869VRJ,Classes\CLSID\{C03E8566-781E-49a1-8190-CE902D0B2CE7}\InProcServer32,REG_EXPAND_SZ,,NT AUTHORITY\SYSTEM,HKEY_LOCAL_MACHINE\Software\Classes\CLSID\{C03E8566-781E-49a1-8190-CE902D0B2CE7}\InProcServer32\,%SystemRoot%\system32\rasgcw.dll
ST869VRJ,Classes\CLSID\{93CB110F-9189-4349-BD9F-392D9A4D0096}\InProcServer32,REG_EXPAND_SZ,,NT AUTHORITY\SYSTEM,HKEY_LOCAL_MACHINE\Software\Classes\CLSID\{93CB110F-9189-4349-BD9F-392D9A4D0096}\InProcServer32\,%SystemRoot%\System32\accessibilitycpl.dll
ST869VRJ,Classes\CLSID\{60EA900E-0F60-4246-8B09-4E890711701D}\InProcServer32,REG_EXPAND_SZ,,NT AUTHORITY\SYSTEM,HKEY_LOCAL_MACHINE\Software\Classes\CLSID\{60EA900E-0F60-4246-8B09-4E890711701D}\InProcServer32\,%SystemRoot%\SYSTEM32\IME\IMETC\IMTCCORE.DLL
ST869VRJ,Classes\CLSID\{AB1890A0-E91F-11D2-BB91-00C04F8EE6C0}\InProcServer32,REG_EXPAND_SZ,,NT AUTHORITY\SYSTEM,HKEY_LOCAL_MACHINE\Software\Classes\CLSID\{AB1890A0-E91F-11D2-BB91-00C04F8EE6C0}\InProcServer32\,%SystemRoot%\System32\Speech\Common\sapi.dll
ST869VRJ,Classes\CLSID\{69e5f6f4-c7e1-4bec-9fac-05e283597632}\InProcServer32,REG_SZ,,NT AUTHORITY\SYSTEM,HKEY_LOCAL_MACHINE\Software\Classes\CLSID\{69e5f6f4-c7e1-4bec-9fac-05e283597632}\InProcServer32\,C:\Windows\System32\scwengb.dll
ST869VRJ,Classes\CLSID\{21F5A790-53EA-3D73-86C3-A5BA6CF65FE9}\InProcServer32,REG_SZ,,NT AUTHORITY\SYSTEM,HKEY_LOCAL_MACHINE\Software\Classes\CLSID\{21F5A790-53EA-3D73-86C3-A5BA6CF65FE9}\InProcServer32\,C:\Windows\System32\mscoree.dll
ST869VRJ,Classes\CLSID\{6BC096DA-0CE6-11D1-BAAE-00C04FC2E20D}\InProcServer32,REG_EXPAND_SZ,,NT AUTHORITY\SYSTEM,HKEY_LOCAL_MACHINE\Software\Classes\CLSID\{6BC096DA-0CE6-11D1-BAAE-00C04FC2E20D}\InProcServer32\,%SystemRoot%\system32\iasrad.dll
ST869VRJ,Classes\CLSID\{B3EE7802-8224-4787-A1EA-F0DE16DEABD3}\InProcServer32,REG_SZ,,NT AUTHORITY\SYSTEM,HKEY_LOCAL_MACHINE\Software\Classes\CLSID\{B3EE7802-8224-4787-A1EA-F0DE16DEABD3}\InProcServer32\,C:\Windows\System32\Dxtmsft.dll
ST869VRJ,Classes\CLSID\{2C22EB53-FDC0-4384-BD2A-8126E159AA39}\InProcServer32,REG_EXPAND_SZ,,NT AUTHORITY\SYSTEM,HKEY_LOCAL_MACHINE\Software\Classes\CLSID\{2C22EB53-FDC0-4384-BD2A-8126E159AA39}\InProcServer32\,%SystemRoot%\System32\oobe\msoobedui.dll
ST869VRJ,Classes\CLSID\{73EB8142-4A74-49FD-A0FC-05FAEED4CD51}\InProcServer32,REG_EXPAND_SZ,,NT AUTHORITY\SYSTEM,HKEY_LOCAL_MACHINE\Software\Classes\CLSID\{73EB8142-4A74-49FD-A0FC-05FAEED4CD51}\InProcServer32\,%SystemRoot%\system32\AuditNativeSnapIn.dll
ST869VRJ,Classes\CLSID\{84DE202E-5D95-4764-9014-A46F994CE856}\InProcServer32,REG_EXPAND_SZ,,NT AUTHORITY\SYSTEM,HKEY_LOCAL_MACHINE\Software\Classes\CLSID\{84DE202E-5D95-4764-9014-A46F994CE856}\InProcServer32\,%SystemRoot%\System32\AdmTmpl.dll
ST869VRJ,Classes\CLSID\{0E681C52-CD03-11D2-8853-0000F80883E3}\InProcServer32,REG_SZ,,NT AUTHORITY\SYSTEM,HKEY_LOCAL_MACHINE\Software\Classes\CLSID\{0E681C52-CD03-11D2-8853-0000F80883E3}\InProcServer32\,C:\Windows\System32\qdvd.dll
ST869VRJ,Classes\CLSID\{4C69B0B9-E1BE-47E1-96D9-4A2C5C001ED6}\InProcServer32,REG_SZ,,NT AUTHORITY\SYSTEM,HKEY_LOCAL_MACHINE\Software\Classes\CLSID\{4C69B0B9-E1BE-47E1-96D9-4A2C5C001ED6}\InProcServer32\,C:\Windows\System32\ScwServiceExt.dll
ST869VRJ,Classes\CLSID\{6BC096DB-0CE6-11D1-BAAE-00C04FC2E20D}\InProcServer32,REG_EXPAND_SZ,,NT AUTHORITY\SYSTEM,HKEY_LOCAL_MACHINE\Software\Classes\CLSID\{6BC096DB-0CE6-11D1-BAAE-00C04FC2E20D}\InProcServer32\,%SystemRoot%\system32\iassam.dll
ST869VRJ,Classes\CLSID\{F5078F32-C551-11D3-89B9-0000F81FE221}\InProcServer32,REG_EXPAND_SZ,,NT AUTHORITY\SYSTEM,HKEY_LOCAL_MACHINE\Software\Classes\CLSID\{F5078F32-C551-11D3-89B9-0000F81FE221}\InProcServer32\,%SystemRoot%\System32\msxml3.dll
ST869VRJ,Classes\CLSID\{5C5C1935-0235-4434-80BC-251BC1EC39C6}\InProcServer32,REG_EXPAND_SZ,,NT AUTHORITY\SYSTEM,HKEY_LOCAL_MACHINE\Software\Classes\CLSID\{5C5C1935-0235-4434-80BC-251BC1EC39C6}\InProcServer32\,%SystemRoot%\system32\windowscodecs.dll
ST869VRJ,Classes\CLSID\{52205fd8-5dfb-447d-801a-d0b52f2e83e1}\InProcServer32,REG_EXPAND_SZ,,NT AUTHORITY\SYSTEM,HKEY_LOCAL_MACHINE\Software\Classes\CLSID\{52205fd8-5dfb-447d-801a-d0b52f2e83e1}\InProcServer32\,%SystemRoot%\system32\shell32.dll
ST869VRJ,Classes\CLSID\{610133F4-ED38-42E7-9C18-EB2A8F76B99A}\InProcServer32,REG_EXPAND_SZ,,NT AUTHORITY\SYSTEM,HKEY_LOCAL_MACHINE\Software\Classes\CLSID\{610133F4-ED38-42E7-9C18-EB2A8F76B99A}\InProcServer32\,%SystemRoot%\System32\NaturalLanguage6.dll
ST869VRJ,Classes\CLSID\{0B5A7836-4C16-4560-90B2-0F5DAF6D6D1B}\InProcServer32,REG_EXPAND_SZ,,NT AUTHORITY\SYSTEM,HKEY_LOCAL_MACHINE\Software\Classes\CLSID\{0B5A7836-4C16-4560-90B2-0F5DAF6D6D1B}\InProcServer32\,%SystemRoot%\system32\mmcndmgr.dll
ST869VRJ,Classes\CLSID\{6BC098AD-0CE6-11D1-BAAE-00C04FC2E20D}\InProcServer32,REG_EXPAND_SZ,,NT AUTHORITY\SYSTEM,HKEY_LOCAL_MACHINE\Software\Classes\CLSID\{6BC098AD-0CE6-11D1-BAAE-00C04FC2E20D}\InProcServer32\,%SystemRoot%\system32\iasnap.dll
ST869VRJ,Classes\CLSID\{8D86D59A-71BD-45A4-B2EB-8B240EB5F3A1}\InProcServer32,REG_EXPAND_SZ,,NT AUTHORITY\SYSTEM,HKEY_LOCAL_MACHINE\Software\Classes\CLSID\{8D86D59A-71BD-45A4-B2EB-8B240EB5F3A1}\InProcServer32\,%SystemRoot%\system32\authui.dll
ST869VRJ,Classes\CLSID\{ecabafb2-7f19-11d2-978e-0000f8757e2a}\InProcServer32,REG_SZ,,NT AUTHORITY\SYSTEM,HKEY_LOCAL_MACHINE\Software\Classes\CLSID\{ecabafb2-7f19-11d2-978e-0000f8757e2a}\InProcServer32\,C:\Windows\System32\comsvcs.dll
ST869VRJ,CurrentControlSet\Services\Netman\Parameters\,REG_EXPAND_SZ,ServiceDll,NT AUTHORITY\SYSTEM,HKEY_LOCAL_MACHINE\SYSTEM\CurrentControlSet\Services\Netman\Parameters\ServiceDll,%SystemRoot%\System32\netman.dll
ST869VRJ,CurrentControlSet\Services\xeniface\,REG_EXPAND_SZ,ImagePath,NT AUTHORITY\SYSTEM,HKEY_LOCAL_MACHINE\SYSTEM\CurrentControlSet\Services\xeniface\ImagePath,\SystemRoot\System32\drivers\xeniface.sys
ST869VRJ,Classes\CLSID\{1d27f844-3a1f-4410-85ac-14651078412d}\InProcServer32,REG_EXPAND_SZ,,NT AUTHORITY\SYSTEM,HKEY_LOCAL_MACHINE\Software\Classes\CLSID\{1d27f844-3a1f-4410-85ac-14651078412d}\InProcServer32\,%SystemRoot%\system32\acppage.dll
ST869VRJ,Classes\CLSID\{C03E8523-781E-49a1-8190-CE902D0B2CE7}\InProcServer32,REG_EXPAND_SZ,,NT AUTHORITY\SYSTEM,HKEY_LOCAL_MACHINE\Software\Classes\CLSID\{C03E8523-781E-49a1-8190-CE902D0B2CE7}\InProcServer32\,%SystemRoot%\system32\rasgcw.dll
ST869VRJ,Classes\CLSID\{4F637904-2CAB-4F0E-8688-D3717EBD2975}\InProcServer32,REG_EXPAND_SZ,,NT AUTHORITY\SYSTEM,HKEY_LOCAL_MACHINE\Software\Classes\CLSID\{4F637904-2CAB-4F0E-8688-D3717EBD2975}\InProcServer32\,%SystemRoot%\System32\GPEdit.dll
ST869VRJ,Classes\CLSID\{5b53b2c2-46d6-433e-ab6e-b82efef22b6e}\InProcServer32,REG_EXPAND_SZ,,NT AUTHORITY\SYSTEM,HKEY_LOCAL_MACHINE\Software\Classes\CLSID\{5b53b2c2-46d6-433e-ab6e-b82efef22b6e}\InProcServer32\,%SystemRoot%\system32\shell32.dll
ST869VRJ,Classes\CLSID\{DEA8AFA1-CC85-11D0-9CE2-0080C7221EBD}\InProcServer32,REG_SZ,,NT AUTHORITY\SYSTEM,HKEY_LOCAL_MACHINE\Software\Classes\CLSID\{DEA8AFA1-CC85-11D0-9CE2-0080C7221EBD}\InProcServer32\,C:\Windows\System32\ipsecsnp.dll
ST869VRJ,CurrentControlSet\Services\UCX01000\,REG_EXPAND_SZ,ImagePath,NT AUTHORITY\SYSTEM,HKEY_LOCAL_MACHINE\SYSTEM\CurrentControlSet\Services\UCX01000\ImagePath,\SystemRoot\System32\drivers\ucx01000.sys
ST869VRJ,Classes\CLSID\{144C71F2-7F10-4AB2-BB07-C38F5B9AE05E}\InProcServer32,REG_SZ,,NT AUTHORITY\SYSTEM,HKEY_LOCAL_MACHINE\Software\Classes\CLSID\{144C71F2-7F10-4AB2-BB07-C38F5B9AE05E}\InProcServer32\,C:\Windows\System32\Windows.UI.dll
ST869VRJ,Classes\CLSID\{1AD699A6-31F7-4EF0-93E9-FFD576F35D30}\InProcServer32,REG_EXPAND_SZ,,NT AUTHORITY\SYSTEM,HKEY_LOCAL_MACHINE\Software\Classes\CLSID\{1AD699A6-31F7-4EF0-93E9-FFD576F35D30}\InProcServer32\,%SystemRoot%\System32\oobe\msoobedui.dll
ST869VRJ,Classes\CLSID\{b85ea052-9bdd-11d0-852c-00c04fd8d503}\InProcServer32,REG_EXPAND_SZ,,NT AUTHORITY\SYSTEM,HKEY_LOCAL_MACHINE\Software\Classes\CLSID\{b85ea052-9bdd-11d0-852c-00c04fd8d503}\InProcServer32\,%SystemRoot%\system32\activeds.dll
ST869VRJ,Classes\CLSID\{0310cfdc-c8d3-4dec-b3de-d707b372b498}\InProcServer32,REG_EXPAND_SZ,,NT AUTHORITY\SYSTEM,HKEY_LOCAL_MACHINE\Software\Classes\CLSID\{0310cfdc-c8d3-4dec-b3de-d707b372b498}\InProcServer32\,%SystemRoot%\system32\IME\IMESC\IMSCDICB.DLL
ST869VRJ,Classes\CLSID\{7E08E268-CD23-4E97-B433-AB31D5BFB6AE}\InProcServer32,REG_EXPAND_SZ,,NT AUTHORITY\SYSTEM,HKEY_LOCAL_MACHINE\Software\Classes\CLSID\{7E08E268-CD23-4E97-B433-AB31D5BFB6AE}\InProcServer32\,%SystemRoot%\System32\twinui.dll
ST869VRJ,Classes\CLSID\{79eac9e3-baf9-11ce-8c82-00aa004ba90b}\InProcServer32,REG_SZ,,NT AUTHORITY\SYSTEM,HKEY_LOCAL_MACHINE\Software\Classes\CLSID\{79eac9e3-baf9-11ce-8c82-00aa004ba90b}\InProcServer32\,C:\Windows\System32\urlmon.dll
ST869VRJ,Classes\CLSID\{62DD38CC-A2E4-43EA-92BA-5855CD2D60C1}\InProcServer32,REG_SZ,,BUILTIN\Administrators,HKEY_LOCAL_MACHINE\Software\Classes\CLSID\{62DD38CC-A2E4-43EA-92BA-5855CD2D60C1}\InProcServer32\,C:\Program Files\Common Files\McAfee\CSP\2.9.175.0\McCSPCorePS.dll
ST869VRJ,Wow6432Node\Classes\CLSID\{E847030C-BBBA-4657-AF6D-484AA42BF1FE}\InProcServer32,REG_SZ,,NT AUTHORITY\SYSTEM,HKEY_LOCAL_MACHINE\Software\Wow6432Node\Classes\CLSID\{E847030C-BBBA-4657-AF6D-484AA42BF1FE}\InProcServer32\,C:\Windows\SysWOW64\bitsprx7.dll
ST869VRJ,Classes\CLSID\{CC58E280-8AA1-11D1-B3F1-00AA003761C5}\InProcServer32,REG_SZ,,NT AUTHORITY\SYSTEM,HKEY_LOCAL_MACHINE\Software\Classes\CLSID\{CC58E280-8AA1-11D1-B3F1-00AA003761C5}\InProcServer32\,C:\Windows\System32\qcap.dll
ST869VRJ,Classes\CLSID\{84302F97-7F7B-4040-B190-72AC9D18E420}\InProcServer32,REG_EXPAND_SZ,,NT AUTHORITY\SYSTEM,HKEY_LOCAL_MACHINE\Software\Classes\CLSID\{84302F97-7F7B-4040-B190-72AC9D18E420}\InProcServer32\,%SystemRoot%\System32\UIAnimation.dll
ST869VRJ,Classes\CLSID\{FD853CDB-7F86-11d0-8252-00C04FD85AB4}\InProcServer32,REG_SZ,,NT AUTHORITY\SYSTEM,HKEY_LOCAL_MACHINE\Software\Classes\CLSID\{FD853CDB-7F86-11d0-8252-00C04FD85AB4}\InProcServer32\,C:\Windows\System32\inetcomm.dll
ST869VRJ,Classes\CLSID\{777BA8F5-2498-4875-933A-3067DE883070}\InProcServer32,REG_EXPAND_SZ,,NT AUTHORITY\SYSTEM,HKEY_LOCAL_MACHINE\Software\Classes\CLSID\{777BA8F5-2498-4875-933A-3067DE883070}\InProcServer32\,%SystemRoot%\system32\xwreg.dll
ST869VRJ,Classes\CLSID\{169C3F7A-F974-4B6B-BF09-DD7D08EAC3CE}\InProcServer32,REG_SZ,,BUILTIN\Administrators,HKEY_LOCAL_MACHINE\Software\Classes\CLSID\{169C3F7A-F974-4B6B-BF09-DD7D08EAC3CE}\InProcServer32\,c:\PROGRA~1\COMMON~1\mcafee\mhn\HOMENE~1.DLL
ST869VRJ,Classes\CLSID\{E2F7A62A-862B-40AE-BBC2-5C0CA9A5B7E1}\InProcServer32,REG_EXPAND_SZ,,NT AUTHORITY\SYSTEM,HKEY_LOCAL_MACHINE\Software\Classes\CLSID\{E2F7A62A-862B-40AE-BBC2-5C0CA9A5B7E1}\InProcServer32\,%SystemRoot%\System32\MMDevApi.dll
ST869VRJ,Classes\CLSID\{B30F39FD-4716-428C-A5F2-CE81228599CE}\InProcServer32,REG_SZ,,NT AUTHORITY\SYSTEM,HKEY_LOCAL_MACHINE\Software\Classes\CLSID\{B30F39FD-4716-428C-A5F2-CE81228599CE}\InProcServer32\,C:\Windows\System32\InputMethod\SHARED\StaticDictDS.dll
ST869VRJ,Classes\CLSID\{DA825E1B-6830-43D7-835D-0B5AD82956A2}\InProcServer32,REG_EXPAND_SZ,,NT AUTHORITY\SYSTEM,HKEY_LOCAL_MACHINE\Software\Classes\CLSID\{DA825E1B-6830-43D7-835D-0B5AD82956A2}\InProcServer32\,%SystemRoot%\system32\dpnet.dll
ST869VRJ,Classes\CLSID\{96B9DAE3-CF15-45e9-9719-57285348225E}\InProcServer32,REG_EXPAND_SZ,,NT AUTHORITY\SYSTEM,HKEY_LOCAL_MACHINE\Software\Classes\CLSID\{96B9DAE3-CF15-45e9-9719-57285348225E}\InProcServer32\,%SystemRoot%\System32\SearchFolder.dll
ST869VRJ,Classes\CLSID\{AABFB2FA-3E1E-4A8f-8977-5556FB94EA23}\InProcServer32,REG_EXPAND_SZ,,NT AUTHORITY\SYSTEM,HKEY_LOCAL_MACHINE\Software\Classes\CLSID\{AABFB2FA-3E1E-4A8f-8977-5556FB94EA23}\InProcServer32\,%SystemRoot%\system32\windowscodecs.dll
ST869VRJ,Classes\CLSID\{858CCFAD-107A-4806-ACC4-68C84614EDDE}\InProcServer32,REG_SZ,,BUILTIN\Administrators,HKEY_LOCAL_MACHINE\Software\Classes\CLSID\{858CCFAD-107A-4806-ACC4-68C84614EDDE}\InProcServer32\,C:\Program Files\Common Files\McAfee\McProxy\mcproxy.dll
ST869VRJ,Classes\CLSID\{BB64F8A7-BEE7-4E1A-AB8D-7D8273F7FDB6}\InProcServer32,REG_EXPAND_SZ,,NT AUTHORITY\SYSTEM,HKEY_LOCAL_MACHINE\Software\Classes\CLSID\{BB64F8A7-BEE7-4E1A-AB8D-7D8273F7FDB6}\InProcServer32\,%SystemRoot%\System32\shdocvw.dll
ST869VRJ,Classes\CLSID\{54E211B6-3650-4F75-8334-FA359598E1C5}\InProcServer32,REG_EXPAND_SZ,,NT AUTHORITY\SYSTEM,HKEY_LOCAL_MACHINE\Software\Classes\CLSID\{54E211B6-3650-4F75-8334-FA359598E1C5}\InProcServer32\,%SystemRoot%\system32\Uxtheme.dll
ST869VRJ,Classes\CLSID\{2135f72a-90b5-4ed3-a7f1-8bb705ac276a}\InProcServer32,REG_EXPAND_SZ,,NT AUTHORITY\SYSTEM,HKEY_LOCAL_MACHINE\Software\Classes\CLSID\{2135f72a-90b5-4ed3-a7f1-8bb705ac276a}\InProcServer32\,%SystemRoot%\system32\authui.dll
ST869VRJ,Wow6432Node\Classes\CLSID\{9ff13758-469b-45a8-8cc7-72182bd7e9ba}\InProcServer32,REG_SZ,,NT AUTHORITY\SYSTEM,HKEY_LOCAL_MACHINE\Software\Wow6432Node\Classes\CLSID\{9ff13758-469b-45a8-8cc7-72182bd7e9ba}\InProcServer32\,C:\Windows\SysWOW64\IME\IMEJP\applets\imjpskf.dll
ST869VRJ,Microsoft\Windows NT\CurrentVersion\Image File Execution Options\rundll32.exe\,REG_DWORD,DisableExceptionChainValidation,NT AUTHORITY\SYSTEM,HKEY_LOCAL_MACHINE\Software\Microsoft\Windows NT\CurrentVersion\Image File Execution Options\rundll32.exe\DisableExceptionChainValidation,3
ST869VRJ,Classes\CLSID\{ACD71912-705E-4C3E-90BD-14F31595D361}\InProcServer32,REG_SZ,,NT AUTHORITY\SYSTEM,HKEY_LOCAL_MACHINE\Software\Classes\CLSID\{ACD71912-705E-4C3E-90BD-14F31595D361}\InProcServer32\,C:\Windows\System32\mscoree.dll
ST869VRJ,Classes\CLSID\{630A3EF1-23C6-31FE-9D25-294E3B3E7486}\InProcServer32,REG_SZ,,NT AUTHORITY\SYSTEM,HKEY_LOCAL_MACHINE\Software\Classes\CLSID\{630A3EF1-23C6-31FE-9D25-294E3B3E7486}\InProcServer32\,C:\Windows\System32\mscoree.dll
ST869VRJ,CurrentControlSet\Services\Processor\,REG_EXPAND_SZ,ImagePath,NT AUTHORITY\SYSTEM,HKEY_LOCAL_MACHINE\SYSTEM\CurrentControlSet\Services\Processor\ImagePath,\SystemRoot\System32\drivers\processr.sys
ST869VRJ,Classes\CLSID\{2af6bcaa-f526-4803-aeb8-5777ce386647}\InProcServer32,REG_EXPAND_SZ,,NT AUTHORITY\SYSTEM,HKEY_LOCAL_MACHINE\Software\Classes\CLSID\{2af6bcaa-f526-4803-aeb8-5777ce386647}\InProcServer32\,%SystemRoot%\system32\raschap.dll
ST869VRJ,Classes\CLSID\{f3d06e7c-1e45-4a26-847e-f9fcdee59be0}\InProcServer32,REG_EXPAND_SZ,,NT AUTHORITY\SYSTEM,HKEY_LOCAL_MACHINE\Software\Classes\CLSID\{f3d06e7c-1e45-4a26-847e-f9fcdee59be0}\InProcServer32\,%SystemRoot%\system32\shell32.dll
ST869VRJ,Classes\CLSID\{FD5CD8B1-6FE0-44F3-BBFB-65E3655B096E}\InProcServer32,REG_SZ,,NT AUTHORITY\SYSTEM,HKEY_LOCAL_MACHINE\Software\Classes\CLSID\{FD5CD8B1-6FE0-44F3-BBFB-65E3655B096E}\InProcServer32\,C:\Windows\System32\mscoree.dll
ST869VRJ,Classes\CLSID\{70E102B0-5556-11CE-97C0-00AA0055595A}\InProcServer32,REG_SZ,,NT AUTHORITY\SYSTEM,HKEY_LOCAL_MACHINE\Software\Classes\CLSID\{70E102B0-5556-11CE-97C0-00AA0055595A}\InProcServer32\,C:\Windows\System32\quartz.dll
ST869VRJ,Classes\CLSID\{ecabafb4-7f19-11d2-978e-0000f8757e2a}\InProcServer32,REG_SZ,,NT AUTHORITY\SYSTEM,HKEY_LOCAL_MACHINE\Software\Classes\CLSID\{ecabafb4-7f19-11d2-978e-0000f8757e2a}\InProcServer32\,C:\Windows\System32\comsvcs.dll
ST869VRJ,Classes\CLSID\{9395130C-49E0-462d-BC45-C1DBAC6B13A8}\InProcServer32,REG_SZ,,BUILTIN\Administrators,HKEY_LOCAL_MACHINE\Software\Classes\CLSID\{9395130C-49E0-462d-BC45-C1DBAC6B13A8}\InProcServer32\,c:\PROGRA~1\mcafee\mps\mpsevh.dll
ST869VRJ,Classes\CLSID\{66e4e4fb-f385-4dd0-8d74-a2efd1bc6178}\InProcServer32,REG_EXPAND_SZ,,NT AUTHORITY\SYSTEM,HKEY_LOCAL_MACHINE\Software\Classes\CLSID\{66e4e4fb-f385-4dd0-8d74-a2efd1bc6178}\InProcServer32\,%SystemRoot%\system32\shell32.dll
ST869VRJ,Classes\CLSID\{29A6CF6F-D663-31A7-9210-1347871681FC}\InProcServer32,REG_SZ,,NT AUTHORITY\SYSTEM,HKEY_LOCAL_MACHINE\Software\Classes\CLSID\{29A6CF6F-D663-31A7-9210-1347871681FC}\InProcServer32\,C:\Windows\System32\mscoree.dll
ST869VRJ,Classes\CLSID\{D74D613D-F27F-311B-A9A3-27EBC63A1A5D}\InProcServer32,REG_SZ,,NT AUTHORITY\SYSTEM,HKEY_LOCAL_MACHINE\Software\Classes\CLSID\{D74D613D-F27F-311B-A9A3-27EBC63A1A5D}\InProcServer32\,C:\Windows\System32\mscoree.dll
ST869VRJ,Classes\CLSID\{3BF043EF-A974-49B3-8322-B853CF1E5EC5}\InProcServer32,REG_EXPAND_SZ,,NT AUTHORITY\SYSTEM,HKEY_LOCAL_MACHINE\Software\Classes\CLSID\{3BF043EF-A974-49B3-8322-B853CF1E5EC5}\InProcServer32\,%SystemRoot%\System32\SndVolSSO.dll
ST869VRJ,Classes\CLSID\{1123D0C1-886C-42C3-98E6-7109780E8BE2}\InProcServer32,REG_EXPAND_SZ,,NT AUTHORITY\SYSTEM,HKEY_LOCAL_MACHINE\Software\Classes\CLSID\{1123D0C1-886C-42C3-98E6-7109780E8BE2}\InProcServer32\,%SystemRoot%\System32\SmartCardSimulator.dll
ST869VRJ,Classes\CLSID\{F33B322A-8757-4E91-ACE3-28FE07AF968E}\InProcServer32,REG_SZ,,BUILTIN\Administrators,HKEY_LOCAL_MACHINE\Software\Classes\CLSID\{F33B322A-8757-4E91-ACE3-28FE07AF968E}\InProcServer32\,c:\PROGRA~1\mcafee\mpf\mpfapips.dll
ST869VRJ,Classes\CLSID\{b5a60a9e-a4c7-4a93-ac6e-0b76d1d87dc4}\InProcServer32,REG_EXPAND_SZ,,NT AUTHORITY\SYSTEM,HKEY_LOCAL_MACHINE\Software\Classes\CLSID\{b5a60a9e-a4c7-4a93-ac6e-0b76d1d87dc4}\InProcServer32\,%SystemRoot%\system32\fdprint.dll
ST869VRJ,Classes\CLSID\{f270c64a-ffb8-4ae4-85fe-3a75e5347966}\InProcServer32,REG_EXPAND_SZ,,NT AUTHORITY\SYSTEM,HKEY_LOCAL_MACHINE\Software\Classes\CLSID\{f270c64a-ffb8-4ae4-85fe-3a75e5347966}\InProcServer32\,%SystemRoot%\system32\activeds.dll
ST869VRJ,Classes\CLSID\{ac7d68a4-c4e5-450f-a89b-d630b25bb996}\InProcServer32,REG_SZ,,NT AUTHORITY\SYSTEM,HKEY_LOCAL_MACHINE\Software\Classes\CLSID\{ac7d68a4-c4e5-450f-a89b-d630b25bb996}\InProcServer32\,C:\Windows\System32\IME\IMEJP\imjpapi.dll
ST869VRJ,Classes\CLSID\{A8159411-398E-4471-9521-A84B0BF2BE54}\InProcServer32,REG_SZ,,NT AUTHORITY\SYSTEM,HKEY_LOCAL_MACHINE\Software\Classes\CLSID\{A8159411-398E-4471-9521-A84B0BF2BE54}\InProcServer32\,C:\Windows\System32\dsui.dll
ST869VRJ,Classes\CLSID\{46080CA7-7CB8-3A55-A72E-8E50ECA4D4FC}\InProcServer32,REG_SZ,,NT AUTHORITY\SYSTEM,HKEY_LOCAL_MACHINE\Software\Classes\CLSID\{46080CA7-7CB8-3A55-A72E-8E50ECA4D4FC}\InProcServer32\,C:\Windows\System32\mscoree.dll
ST869VRJ,Classes\CLSID\{6a2af23e-b6d9-4a72-938d-9bffc96be71e}\InProcServer32,REG_SZ,,NT AUTHORITY\SYSTEM,HKEY_LOCAL_MACHINE\Software\Classes\CLSID\{6a2af23e-b6d9-4a72-938d-9bffc96be71e}\InProcServer32\,C:\Windows\System32\Windows.Networking.HostName.dll
ST869VRJ,Classes\CLSID\{4c870c20-4ed3-4235-9a2a-7185f8a87d06}\InProcServer32,REG_SZ,,NT AUTHORITY\SYSTEM,HKEY_LOCAL_MACHINE\Software\Classes\CLSID\{4c870c20-4ed3-4235-9a2a-7185f8a87d06}\InProcServer32\,C:\Windows\System32\IME\IMEKR\DICTS\imkrhjd.dll
ST869VRJ,Classes\CLSID\{C0DCC3A6-BE26-4bad-9833-61DFACE1A8DB}\InProcServer32,REG_EXPAND_SZ,,NT AUTHORITY\SYSTEM,HKEY_LOCAL_MACHINE\Software\Classes\CLSID\{C0DCC3A6-BE26-4bad-9833-61DFACE1A8DB}\InProcServer32\,%SystemRoot%\system32\netcenter.dll
ST869VRJ,Classes\CLSID\{D6ABE021-1DE0-49F4-895D-E9694D28F0A4}\InProcServer32,REG_SZ,,NT AUTHORITY\SYSTEM,HKEY_LOCAL_MACHINE\Software\Classes\CLSID\{D6ABE021-1DE0-49F4-895D-E9694D28F0A4}\InProcServer32\,C:\Windows\System32\OneDriveSettingSyncProvider.dll
ST869VRJ,Classes\CLSID\{05EBA309-0164-11D3-8729-00C04F79ED0D}\InProcServer32,REG_SZ,,NT AUTHORITY\SYSTEM,HKEY_LOCAL_MACHINE\Software\Classes\CLSID\{05EBA309-0164-11D3-8729-00C04F79ED0D}\InProcServer32\,C:\Windows\System32\mscoree.dll
ST869VRJ,Wow6432Node\Classes\CLSID\{dee35070-506b-11cf-b1aa-00aa00b8de95}\InProcServer32,REG_SZ,,NT AUTHORITY\SYSTEM,HKEY_LOCAL_MACHINE\Software\Wow6432Node\Classes\CLSID\{dee35070-506b-11cf-b1aa-00aa00b8de95}\InProcServer32\,C:\Windows\SysWOW64\msjetoledb40.dll
ST869VRJ,Classes\CLSID\{C03E8592-781E-49A1-8190-CE902D0B2CE7}\InProcServer32,REG_EXPAND_SZ,,NT AUTHORITY\SYSTEM,HKEY_LOCAL_MACHINE\Software\Classes\CLSID\{C03E8592-781E-49A1-8190-CE902D0B2CE7}\InProcServer32\,%SystemRoot%\system32\xwizards.dll
ST869VRJ,Classes\CLSID\{41B23C28-488E-4E5C-ACE2-BB0BBABE99E8}\InProcServer32,REG_SZ,,NT AUTHORITY\SYSTEM,HKEY_LOCAL_MACHINE\Software\Classes\CLSID\{41B23C28-488E-4E5C-ACE2-BB0BBABE99E8}\InProcServer32\,C:\Windows\System32\hhctrl.ocx
ST869VRJ,Classes\CLSID\{90DBDD22-4A4A-4b23-8BBC-969C9869E1D6}\InProcServer32,REG_SZ,,BUILTIN\Administrators,HKEY_LOCAL_MACHINE\Software\Classes\CLSID\{90DBDD22-4A4A-4b23-8BBC-969C9869E1D6}\InProcServer32\,c:\PROGRA~1\mcafee\mpf\mpfevt.dll
ST869VRJ,Classes\CLSID\{61A48126-EF74-4D4A-9DDA-43FD542CAD1E}\InProcServer32,REG_EXPAND_SZ,,NT AUTHORITY\SYSTEM,HKEY_LOCAL_MACHINE\Software\Classes\CLSID\{61A48126-EF74-4D4A-9DDA-43FD542CAD1E}\InProcServer32\,%SystemRoot%\System32\MSWB7.dll
ST869VRJ,Classes\CLSID\{90F1A06E-7712-4762-86B5-7A5EBA6BDB02}\InProcServer32,REG_SZ,,NT AUTHORITY\SYSTEM,HKEY_LOCAL_MACHINE\Software\Classes\CLSID\{90F1A06E-7712-4762-86B5-7A5EBA6BDB02}\InProcServer32\,C:\Windows\System32\mscoree.dll
ST869VRJ,Classes\CLSID\{79EB1402-0AB8-49C0-9E14-A1AE4BA93058}\InProcServer32,REG_SZ,,NT AUTHORITY\SYSTEM,HKEY_LOCAL_MACHINE\Software\Classes\CLSID\{79EB1402-0AB8-49C0-9E14-A1AE4BA93058}\InProcServer32\,C:\Windows\System32\Windows.Networking.Sockets.PushEnabledApplication.dll
ST869VRJ,Classes\CLSID\{f2468580-af8a-11d0-8212-00c04fc32c45}\InProcServer32,REG_SZ,,NT AUTHORITY\SYSTEM,HKEY_LOCAL_MACHINE\Software\Classes\CLSID\{f2468580-af8a-11d0-8212-00c04fc32c45}\InProcServer32\,C:\Windows\System32\amstream.dll
ST869VRJ,Classes\CLSID\{18277AB8-9922-4D26-A4F5-1D10069D106A}\InProcServer32,REG_EXPAND_SZ,,NT AUTHORITY\SYSTEM,HKEY_LOCAL_MACHINE\Software\Classes\CLSID\{18277AB8-9922-4D26-A4F5-1D10069D106A}\InProcServer32\,%SystemRoot%\system32\twinui.dll
ST869VRJ,Classes\CLSID\{525C410E-B007-4F15-81DD-49DF9B17139B}\InProcServer32,REG_EXPAND_SZ,,NT AUTHORITY\SYSTEM,HKEY_LOCAL_MACHINE\Software\Classes\CLSID\{525C410E-B007-4F15-81DD-49DF9B17139B}\InProcServer32\,%SystemRoot%\system32\Vault.dll
ST869VRJ,Classes\CLSID\{6A66A115-A748-4077-856C-D1B25276668E}\InProcServer32,REG_SZ,,NT AUTHORITY\SYSTEM,HKEY_LOCAL_MACHINE\Software\Classes\CLSID\{6A66A115-A748-4077-856C-D1B25276668E}\InProcServer32\,C:\Windows\System32\InputMethod\CHT\ChtPhoneticDS.dll
ST869VRJ,Classes\CLSID\{32557D3B-69DC-4F95-836E-F5972B2F6159}\InProcServer32,REG_EXPAND_SZ,,NT AUTHORITY\SYSTEM,HKEY_LOCAL_MACHINE\Software\Classes\CLSID\{32557D3B-69DC-4F95-836E-F5972B2F6159}\InProcServer32\,%SystemRoot%\system32\windowscodecs.dll
ST869VRJ,Classes\CLSID\{273eb5e7-88b0-4843-bfef-e2c81d43aae5}\InProcServer32,REG_EXPAND_SZ,,NT AUTHORITY\SYSTEM,HKEY_LOCAL_MACHINE\Software\Classes\CLSID\{273eb5e7-88b0-4843-bfef-e2c81d43aae5}\InProcServer32\,%SystemRoot%\system32\shell32.dll
ST869VRJ,Classes\CLSID\{5A8371A3-0C6D-487b-B3C8-46D785C4C940}\InProcServer32,REG_SZ,,NT AUTHORITY\SYSTEM,HKEY_LOCAL_MACHINE\Software\Classes\CLSID\{5A8371A3-0C6D-487b-B3C8-46D785C4C940}\InProcServer32\,C:\Windows\System32\eapahost.dll
ST869VRJ,Classes\CLSID\{79eac9e2-baf9-11ce-8c82-00aa004ba90b}\InProcServer32,REG_SZ,,NT AUTHORITY\SYSTEM,HKEY_LOCAL_MACHINE\Software\Classes\CLSID\{79eac9e2-baf9-11ce-8c82-00aa004ba90b}\InProcServer32\,C:\Windows\System32\urlmon.dll
ST869VRJ,Classes\CLSID\{CEEE3B62-8F56-4056-869B-EF16917E3EFC}\InProcServer32,REG_SZ,,NT AUTHORITY\SYSTEM,HKEY_LOCAL_MACHINE\Software\Classes\CLSID\{CEEE3B62-8F56-4056-869B-EF16917E3EFC}\InProcServer32\,C:\Windows\System32\imapi2fs.dll
ST869VRJ,Classes\CLSID\{405EC9AB-0C64-4B9F-B726-3A858A9E2BD6}\InProcServer32,REG_EXPAND_SZ,,NT AUTHORITY\SYSTEM,HKEY_LOCAL_MACHINE\Software\Classes\CLSID\{405EC9AB-0C64-4B9F-B726-3A858A9E2BD6}\InProcServer32\,%SystemRoot%\System32\twinui.dll
ST869VRJ,CurrentControlSet\Services\DsmSvc\Parameters\,REG_EXPAND_SZ,ServiceDll,NT AUTHORITY\SYSTEM,HKEY_LOCAL_MACHINE\SYSTEM\CurrentControlSet\Services\DsmSvc\Parameters\ServiceDll,%SystemRoot%\System32\DeviceSetupManager.dll
ST869VRJ,Classes\CLSID\{22e5fca2-9c7c-4239-8aed-4d0623f532d8}\InProcServer32,REG_SZ,,NT AUTHORITY\SYSTEM,HKEY_LOCAL_MACHINE\Software\Classes\CLSID\{22e5fca2-9c7c-4239-8aed-4d0623f532d8}\InProcServer32\,C:\Windows\System32\setup\cmmigr.dll
ST869VRJ,Classes\CLSID\{96f8e0d2-86e5-4898-8fb1-153682e11900}\InProcServer32,REG_SZ,,NT AUTHORITY\SYSTEM,HKEY_LOCAL_MACHINE\Software\Classes\CLSID\{96f8e0d2-86e5-4898-8fb1-153682e11900}\InProcServer32\,C:\Windows\System32\Windows.Globalization.Fontgroups.dll
ST869VRJ,Microsoft\Windows NT\CurrentVersion\Drivers32\,REG_SZ,vidc.i420,NT AUTHORITY\SYSTEM,HKEY_LOCAL_MACHINE\SOFTWARE\Microsoft\Windows NT\CurrentVersion\Drivers32\vidc.i420,iyuv_32.dll
ST869VRJ,Classes\CLSID\{34996c91-9897-40eb-944b-28b5c9308383}\InProcServer32,REG_EXPAND_SZ,,NT AUTHORITY\SYSTEM,HKEY_LOCAL_MACHINE\Software\Classes\CLSID\{34996c91-9897-40eb-944b-28b5c9308383}\InProcServer32\,%SystemRoot%\System32\DevPropMgr.dll
ST869VRJ,Classes\CLSID\{DE4874D1-FEEE-11d1-A0B0-00C04FA31A86}\InProcServer32,REG_EXPAND_SZ,,NT AUTHORITY\SYSTEM,HKEY_LOCAL_MACHINE\Software\Classes\CLSID\{DE4874D1-FEEE-11d1-A0B0-00C04FA31A86}\InProcServer32\,%SystemRoot%\system32\dsquery.dll
ST869VRJ,Classes\CLSID\{B31C5FAE-961F-415b-BAF0-E697A5178B94}\InProcServer32,REG_SZ,,NT AUTHORITY\SYSTEM,HKEY_LOCAL_MACHINE\Software\Classes\CLSID\{B31C5FAE-961F-415b-BAF0-E697A5178B94}\InProcServer32\,C:\Windows\System32\ieframe.dll
ST869VRJ,Classes\CLSID\{FCC74B77-EC3E-4dd8-A80B-008A702075A9}\InProcServer32,REG_EXPAND_SZ,,NT AUTHORITY\SYSTEM,HKEY_LOCAL_MACHINE\Software\Classes\CLSID\{FCC74B77-EC3E-4dd8-A80B-008A702075A9}\InProcServer32\,%SystemRoot%\system32\appwiz.cpl
ST869VRJ,Classes\CLSID\{00020425-0000-0000-C000-000000000046}\InProcServer32,REG_SZ,,NT AUTHORITY\SYSTEM,HKEY_LOCAL_MACHINE\Software\Classes\CLSID\{00020425-0000-0000-C000-000000000046}\InProcServer32\,C:\Windows\System32\oleaut32.dll
ST869VRJ,Classes\CLSID\{7BD29E00-76C1-11CF-9DD0-00A0C9034933}\InProcServer32,REG_SZ,,NT AUTHORITY\SYSTEM,HKEY_LOCAL_MACHINE\Software\Classes\CLSID\{7BD29E00-76C1-11CF-9DD0-00A0C9034933}\InProcServer32\,C:\Windows\System32\ieframe.dll
ST869VRJ,Classes\CLSID\{291EE2A7-BFA5-4e9e-A358-C93655556A6C}\InProcServer32,REG_SZ,,NT AUTHORITY\SYSTEM,HKEY_LOCAL_MACHINE\Software\Classes\CLSID\{291EE2A7-BFA5-4e9e-A358-C93655556A6C}\InProcServer32\,C:\Windows\System32\vidcap.ax
ST869VRJ,Classes\CLSID\{2CB861BB-B1B4-4E14-A1A7-D3FB30C3F5CF}\InProcServer32,REG_EXPAND_SZ,,NT AUTHORITY\SYSTEM,HKEY_LOCAL_MACHINE\Software\Classes\CLSID\{2CB861BB-B1B4-4E14-A1A7-D3FB30C3F5CF}\InProcServer32\,%SystemRoot%\System32\NaturalLanguage6.dll
ST869VRJ,Classes\CLSID\{E5A040E9-1097-4D24-B89E-3C730036D615}\InProcServer32,REG_EXPAND_SZ,,NT AUTHORITY\SYSTEM,HKEY_LOCAL_MACHINE\Software\Classes\CLSID\{E5A040E9-1097-4D24-B89E-3C730036D615}\InProcServer32\,C:\Windows\System32\shpafact.dll
ST869VRJ,Classes\CLSID\{A8F9F740-70C9-30A7-937C-59785A9BB5A4}\InProcServer32,REG_SZ,,NT AUTHORITY\SYSTEM,HKEY_LOCAL_MACHINE\Software\Classes\CLSID\{A8F9F740-70C9-30A7-937C-59785A9BB5A4}\InProcServer32\,C:\Windows\System32\mscoree.dll
ST869VRJ,Classes\CLSID\{B5F8FB3B-393F-4F7C-84CB-504924C2705A}\InProcServer32,REG_EXPAND_SZ,,NT AUTHORITY\SYSTEM,HKEY_LOCAL_MACHINE\Software\Classes\CLSID\{B5F8FB3B-393F-4F7C-84CB-504924C2705A}\InProcServer32\,%SystemRoot%\system32\msctfp.dll
ST869VRJ,Classes\CLSID\{16B280C5-EE70-11D1-9066-00C04FD9189D}\InProcServer32,REG_SZ,,NT AUTHORITY\SYSTEM,HKEY_LOCAL_MACHINE\Software\Classes\CLSID\{16B280C5-EE70-11D1-9066-00C04FD9189D}\InProcServer32\,C:\Windows\System32\Dxtmsft.dll
ST869VRJ,Classes\CLSID\{3dd6bec0-8193-4ffe-ae25-e08e39ea4063}\InProcServer32,REG_EXPAND_SZ,,NT AUTHORITY\SYSTEM,HKEY_LOCAL_MACHINE\Software\Classes\CLSID\{3dd6bec0-8193-4ffe-ae25-e08e39ea4063}\InProcServer32\,%SystemRoot%\system32\authui.dll
ST869VRJ,Classes\CLSID\{ACE52D03-E5CD-4b20-82FF-E71B11BEAE1D}\InProcServer32,REG_SZ,,NT AUTHORITY\SYSTEM,HKEY_LOCAL_MACHINE\Software\Classes\CLSID\{ACE52D03-E5CD-4b20-82FF-E71B11BEAE1D}\InProcServer32\,C:\Windows\System32\ieframe.dll
ST869VRJ,Classes\CLSID\{D82BE2B0-5764-11D0-A96E-00C04FD705A2}\InProcServer32,REG_EXPAND_SZ,,NT AUTHORITY\SYSTEM,HKEY_LOCAL_MACHINE\Software\Classes\CLSID\{D82BE2B0-5764-11D0-A96E-00C04FD705A2}\InProcServer32\,%SystemRoot%\system32\shell32.dll
ST869VRJ,Microsoft\Windows NT\CurrentVersion\Image File Execution Options\DllNXOptions\,REG_DWORD,vbe6.dll,NT AUTHORITY\SYSTEM,HKEY_LOCAL_MACHINE\Software\Microsoft\Windows NT\CurrentVersion\Image File Execution Options\DllNXOptions\vbe6.dll,1
ST869VRJ,Classes\CLSID\{513a0312-3345-4d16-94e5-630b0262c2eb}\InProcServer32,REG_EXPAND_SZ,,NT AUTHORITY\SYSTEM,HKEY_LOCAL_MACHINE\Software\Classes\CLSID\{513a0312-3345-4d16-94e5-630b0262c2eb}\InProcServer32\,%SystemRoot%\system32\twinui.dll
ST869VRJ,Classes\CLSID\{2D12DD17-6C4E-456E-A953-D210E3C64176}\InProcServer32,REG_EXPAND_SZ,,NT AUTHORITY\SYSTEM,HKEY_LOCAL_MACHINE\Software\Classes\CLSID\{2D12DD17-6C4E-456E-A953-D210E3C64176}\InProcServer32\,%SystemRoot%\System32\Speech\Common\sapi.dll
ST869VRJ,Classes\CLSID\{7516F25D-FFD1-4038-9788-8AF34951D41D}\InProcServer32,REG_SZ,,NT AUTHORITY\SYSTEM,HKEY_LOCAL_MACHINE\Software\Classes\CLSID\{7516F25D-FFD1-4038-9788-8AF34951D41D}\InProcServer32\,C:\Windows\System32\InputMethod\JPN\JpnRanker.dll
ST869VRJ,Classes\CLSID\{D957171F-4BF9-4de2-BCD5-C70A7CA55836}\InProcServer32,REG_EXPAND_SZ,,NT AUTHORITY\SYSTEM,HKEY_LOCAL_MACHINE\Software\Classes\CLSID\{D957171F-4BF9-4de2-BCD5-C70A7CA55836}\InProcServer32\,%SystemRoot%\System32\StructuredQuery.dll
ST869VRJ,CurrentControlSet\Services\kbdhid\,REG_EXPAND_SZ,ImagePath,NT AUTHORITY\SYSTEM,HKEY_LOCAL_MACHINE\SYSTEM\CurrentControlSet\Services\kbdhid\ImagePath,\SystemRoot\System32\drivers\kbdhid.sys
ST869VRJ,Classes\CLSID\{18B1C7EE-68E3-35BB-9E40-469A223285F7}\InProcServer32,REG_SZ,,NT AUTHORITY\SYSTEM,HKEY_LOCAL_MACHINE\Software\Classes\CLSID\{18B1C7EE-68E3-35BB-9E40-469A223285F7}\InProcServer32\,C:\Windows\System32\mscoree.dll
ST869VRJ,Wow6432Node\Classes\CLSID\{17CCA71B-ECD7-11D0-B908-00A0C9223196}\InProcServer32,REG_SZ,,NT AUTHORITY\SYSTEM,HKEY_LOCAL_MACHINE\Software\Wow6432Node\Classes\CLSID\{17CCA71B-ECD7-11D0-B908-00A0C9223196}\InProcServer32\,C:\Windows\SysWOW64\ksproxy.ax
ST869VRJ,Classes\CLSID\{c206f324-bb45-4765-93ff-3bca7306ff2e}\InProcServer32,REG_EXPAND_SZ,,NT AUTHORITY\SYSTEM,HKEY_LOCAL_MACHINE\Software\Classes\CLSID\{c206f324-bb45-4765-93ff-3bca7306ff2e}\InProcServer32\,%SystemRoot%\system32\shell32.dll
ST869VRJ,Microsoft\Windows NT\CurrentVersion\Image File Execution Options\DllNXOptions\,REG_DWORD,ums.dll,NT AUTHORITY\SYSTEM,HKEY_LOCAL_MACHINE\Software\Microsoft\Windows NT\CurrentVersion\Image File Execution Options\DllNXOptions\ums.dll,1
ST869VRJ,Classes\CLSID\{F8BE2AD5-4E99-3E00-B10E-7C54D31C1C1D}\InProcServer32,REG_SZ,,NT AUTHORITY\SYSTEM,HKEY_LOCAL_MACHINE\Software\Classes\CLSID\{F8BE2AD5-4E99-3E00-B10E-7C54D31C1C1D}\InProcServer32\,C:\Windows\System32\mscoree.dll
ST869VRJ,Wow6432Node\Classes\CLSID\{25642426-028D-4474-977B-111BB114FE3E}\InProcServer32,REG_SZ,,NT AUTHORITY\SYSTEM,HKEY_LOCAL_MACHINE\Software\Wow6432Node\Classes\CLSID\{25642426-028D-4474-977B-111BB114FE3E}\InProcServer32\,C:\Windows\SysWOW64\msaatext.dll
ST869VRJ,Classes\CLSID\{F59D514C-F200-319F-BF3F-9E4E23B2848C}\InProcServer32,REG_SZ,,NT AUTHORITY\SYSTEM,HKEY_LOCAL_MACHINE\Software\Classes\CLSID\{F59D514C-F200-319F-BF3F-9E4E23B2848C}\InProcServer32\,C:\Windows\System32\mscoree.dll
ST869VRJ,Classes\CLSID\{ca47b0ae-6f7b-4aeb-8d57-24b3f2aa3d44}\InProcServer32,REG_EXPAND_SZ,,NT AUTHORITY\SYSTEM,HKEY_LOCAL_MACHINE\Software\Classes\CLSID\{ca47b0ae-6f7b-4aeb-8d57-24b3f2aa3d44}\InProcServer32\,%SystemRoot%\system32\shell32.dll
ST869VRJ,Classes\CLSID\{99D353BC-C813-41ec-8F28-EAE61E702E57}\InProcServer32,REG_EXPAND_SZ,,NT AUTHORITY\SYSTEM,HKEY_LOCAL_MACHINE\Software\Classes\CLSID\{99D353BC-C813-41ec-8F28-EAE61E702E57}\InProcServer32\,%SystemRoot%\system32\ntshrui.dll
ST869VRJ,Classes\CLSID\{0095b496-f121-4256-96a0-09179828cc16}\InProcServer32,REG_SZ,,NT AUTHORITY\SYSTEM,HKEY_LOCAL_MACHINE\Software\Classes\CLSID\{0095b496-f121-4256-96a0-09179828cc16}\InProcServer32\,C:\Windows\System32\IME\shared\imjkapi.dll
ST869VRJ,Classes\CLSID\{4CBE39A3-BD8A-4D51-9BD3-B7853737FD93}\InProcServer32,REG_EXPAND_SZ,,NT AUTHORITY\SYSTEM,HKEY_LOCAL_MACHINE\Software\Classes\CLSID\{4CBE39A3-BD8A-4D51-9BD3-B7853737FD93}\InProcServer32\,%SystemRoot%\system32\twinui.dll
ST869VRJ,Classes\CLSID\{2737EE87-ABA3-4F28-89A6-C370484D85F9}\InProcServer32,REG_EXPAND_SZ,,NT AUTHORITY\SYSTEM,HKEY_LOCAL_MACHINE\Software\Classes\CLSID\{2737EE87-ABA3-4F28-89A6-C370484D85F9}\InProcServer32\,%SystemRoot%\system32\shell32.dll
ST869VRJ,CurrentControlSet\Services\TrustedInstaller\,REG_EXPAND_SZ,ImagePath,NT AUTHORITY\SYSTEM,HKEY_LOCAL_MACHINE\SYSTEM\CurrentControlSet\Services\TrustedInstaller\ImagePath,%SystemRoot%\servicing\TrustedInstaller.exe
ST869VRJ,Classes\CLSID\{C03E8554-781E-49a1-8190-CE902D0B2CE7}\InProcServer32,REG_EXPAND_SZ,,NT AUTHORITY\SYSTEM,HKEY_LOCAL_MACHINE\Software\Classes\CLSID\{C03E8554-781E-49a1-8190-CE902D0B2CE7}\InProcServer32\,%SystemRoot%\system32\rasgcw.dll
ST869VRJ,Classes\CLSID\{056440FD-8568-48e7-A632-72157243B55B}\InProcServer32,REG_EXPAND_SZ,,NT AUTHORITY\SYSTEM,HKEY_LOCAL_MACHINE\Software\Classes\CLSID\{056440FD-8568-48e7-A632-72157243B55B}\InProcServer32\,%SystemRoot%\system32\explorerframe.dll
ST869VRJ,Classes\CLSID\{3318360C-1AFC-4D09-A86B-9F9CB6DCEB9C}\InProcServer32,REG_EXPAND_SZ,,NT AUTHORITY\SYSTEM,HKEY_LOCAL_MACHINE\Software\Classes\CLSID\{3318360C-1AFC-4D09-A86B-9F9CB6DCEB9C}\InProcServer32\,%SystemRoot%\system32\msutb.dll
ST869VRJ,Classes\CLSID\{64AB4BB7-111E-11d1-8F79-00C04FC2FBE1}\InProcServer32,REG_SZ,,NT AUTHORITY\SYSTEM,HKEY_LOCAL_MACHINE\Software\Classes\CLSID\{64AB4BB7-111E-11d1-8F79-00C04FC2FBE1}\InProcServer32\,C:\Windows\System32\ieframe.dll
ST869VRJ,Classes\CLSID\{990a9f8f-301f-45f7-8d0e-68c5952dba43}\InProcServer32,REG_EXPAND_SZ,,NT AUTHORITY\SYSTEM,HKEY_LOCAL_MACHINE\Software\Classes\CLSID\{990a9f8f-301f-45f7-8d0e-68c5952dba43}\InProcServer32\,%SystemRoot%\system32\shell32.dll
ST869VRJ,Classes\CLSID\{1D5532BB-1E08-4002-8445-8BA35E462045}\InProcServer32,REG_EXPAND_SZ,,NT AUTHORITY\SYSTEM,HKEY_LOCAL_MACHINE\Software\Classes\CLSID\{1D5532BB-1E08-4002-8445-8BA35E462045}\InProcServer32\,%SystemRoot%\system32\hotplug.dll
ST869VRJ,Wow6432Node\Classes\CLSID\{A65B8071-3BFE-4213-9A5B-491DA4461CA7}\InProcServer32,REG_SZ,,NT AUTHORITY\SYSTEM,HKEY_LOCAL_MACHINE\Software\Wow6432Node\Classes\CLSID\{A65B8071-3BFE-4213-9A5B-491DA4461CA7}\InProcServer32\,C:\Windows\SysWOW64\dxdiagn.dll
ST869VRJ,Classes\CLSID\{FD853CDE-7F86-11d0-8252-00C04FD85AB4}\InProcServer32,REG_SZ,,NT AUTHORITY\SYSTEM,HKEY_LOCAL_MACHINE\Software\Classes\CLSID\{FD853CDE-7F86-11d0-8252-00C04FD85AB4}\InProcServer32\,C:\Windows\System32\inetcomm.dll
ST869VRJ,Classes\CLSID\{50D5107A-D278-4871-8989-F4CEAAF59CFC}\InProcServer32,REG_EXPAND_SZ,,NT AUTHORITY\SYSTEM,HKEY_LOCAL_MACHINE\Software\Classes\CLSID\{50D5107A-D278-4871-8989-F4CEAAF59CFC}\InProcServer32\,%SystemRoot%\system32\msimtf.dll
ST869VRJ,Classes\CLSID\{29D365AE-D23B-4004-8658-5ED2A59CD77C}\InProcServer32,REG_EXPAND_SZ,,NT AUTHORITY\SYSTEM,HKEY_LOCAL_MACHINE\Software\Classes\CLSID\{29D365AE-D23B-4004-8658-5ED2A59CD77C}\InProcServer32\,%SystemRoot%\system32\usercpl.dll
ST869VRJ,Classes\CLSID\{72B624DF-AE11-4948-A65C-351EB0829419}\InProcServer32,REG_EXPAND_SZ,,NT AUTHORITY\SYSTEM,HKEY_LOCAL_MACHINE\Software\Classes\CLSID\{72B624DF-AE11-4948-A65C-351EB0829419}\InProcServer32\,%SystemRoot%\system32\windowscodecsext.dll
ST869VRJ,CurrentControlSet\Services\vmicguestinterface\Parameters\,REG_EXPAND_SZ,ServiceDll,NT AUTHORITY\SYSTEM,HKEY_LOCAL_MACHINE\SYSTEM\CurrentControlSet\Services\vmicguestinterface\Parameters\ServiceDll,%SystemRoot%\System32\ICSvc.dll
ST869VRJ,Classes\CLSID\{E302CB55-5F9D-41A3-9EF3-61827FB8B46D}\InProcServer32,REG_SZ,,NT AUTHORITY\SYSTEM,HKEY_LOCAL_MACHINE\Software\Classes\CLSID\{E302CB55-5F9D-41A3-9EF3-61827FB8B46D}\InProcServer32\,C:\Windows\System32\PresentationHostProxy.dll
ST869VRJ,Classes\CLSID\{08165EA0-E946-11CF-9C87-00AA005127ED}\InProcServer32,REG_SZ,,NT AUTHORITY\SYSTEM,HKEY_LOCAL_MACHINE\Software\Classes\CLSID\{08165EA0-E946-11CF-9C87-00AA005127ED}\InProcServer32\,C:\Windows\System32\webcheck.dll
ST869VRJ,Classes\CLSID\{9343812e-1c37-4a49-a12e-4b2d810d956b}\InProcServer32,REG_EXPAND_SZ,,NT AUTHORITY\SYSTEM,HKEY_LOCAL_MACHINE\Software\Classes\CLSID\{9343812e-1c37-4a49-a12e-4b2d810d956b}\InProcServer32\,%SystemRoot%\system32\SearchFolder.dll
ST869VRJ,Classes\CLSID\{145B4335-FE2A-4927-A040-7C35AD3180EF}\InProcServer32,REG_SZ,,NT AUTHORITY\SYSTEM,HKEY_LOCAL_MACHINE\Software\Classes\CLSID\{145B4335-FE2A-4927-A040-7C35AD3180EF}\InProcServer32\,C:\Windows\System32\fdssdp.dll
ST869VRJ,Classes\CLSID\{483B0283-25DB-4C92-9C15-A65925CB95CE}\InProcServer32,REG_EXPAND_SZ,,NT AUTHORITY\SYSTEM,HKEY_LOCAL_MACHINE\Software\Classes\CLSID\{483B0283-25DB-4C92-9C15-A65925CB95CE}\InProcServer32\,%SystemRoot%\System32\MSWB7.dll
ST869VRJ,Classes\CLSID\{9A944885-EDAF-3A81-A2FF-6A9D5D1ABFC7}\InProcServer32,REG_SZ,,NT AUTHORITY\SYSTEM,HKEY_LOCAL_MACHINE\Software\Classes\CLSID\{9A944885-EDAF-3A81-A2FF-6A9D5D1ABFC7}\InProcServer32\,C:\Windows\System32\mscoree.dll
ST869VRJ,Classes\CLSID\{58221C69-EA27-11CF-ADCF-00AA00A80033}\InProcServer32,REG_EXPAND_SZ,,NT AUTHORITY\SYSTEM,HKEY_LOCAL_MACHINE\Software\Classes\CLSID\{58221C69-EA27-11CF-ADCF-00AA00A80033}\InProcServer32\,%SystemRoot%\system32\filemgmt.dll
ST869VRJ,Classes\CLSID\{D2EAA715-DAC7-4771-AF5C-931611A1853C}\InProcServer32,REG_SZ,,NT AUTHORITY\SYSTEM,HKEY_LOCAL_MACHINE\Software\Classes\CLSID\{D2EAA715-DAC7-4771-AF5C-931611A1853C}\InProcServer32\,C:\Windows\System32\mscoree.dll
ST869VRJ,Classes\CLSID\{ecabafc4-7f19-11d2-978e-0000f8757e2a}\InProcServer32,REG_SZ,,NT AUTHORITY\SYSTEM,HKEY_LOCAL_MACHINE\Software\Classes\CLSID\{ecabafc4-7f19-11d2-978e-0000f8757e2a}\InProcServer32\,C:\Windows\System32\comsvcs.dll
ST869VRJ,Classes\CLSID\{1AA7F83F-C7F5-11D0-A376-00C04FC9DA04}\InProcServer32,REG_EXPAND_SZ,,NT AUTHORITY\SYSTEM,HKEY_LOCAL_MACHINE\Software\Classes\CLSID\{1AA7F83F-C7F5-11D0-A376-00C04FC9DA04}\InProcServer32\,%SystemRoot%\System32\mprsnap.dll
ST869VRJ,Classes\CLSID\{9C649633-9D4E-40A5-9F0A-32C35D9D6FE3}\InProcServer32,REG_EXPAND_SZ,,NT AUTHORITY\SYSTEM,HKEY_LOCAL_MACHINE\Software\Classes\CLSID\{9C649633-9D4E-40A5-9F0A-32C35D9D6FE3}\InProcServer32\,%SystemRoot%\System32\SearchFolder.dll
ST869VRJ,Classes\CLSID\{AC75D454-9F37-48f8-B972-4E19BC856011}\InProcServer32,REG_EXPAND_SZ,,NT AUTHORITY\SYSTEM,HKEY_LOCAL_MACHINE\Software\Classes\CLSID\{AC75D454-9F37-48f8-B972-4E19BC856011}\InProcServer32\,%SystemRoot%\system32\windowscodecs.dll
ST869VRJ,Classes\CLSID\{03837521-098B-11D8-9414-505054503030}\InProcServer32,REG_EXPAND_SZ,,NT AUTHORITY\SYSTEM,HKEY_LOCAL_MACHINE\Software\Classes\CLSID\{03837521-098B-11D8-9414-505054503030}\InProcServer32\,%SystemRoot%\System32\pla.dll
ST869VRJ,Classes\CLSID\{01FF4E4B-8AD0-3171-8C82-5C2F48B87E3D}\InProcServer32,REG_SZ,,NT AUTHORITY\SYSTEM,HKEY_LOCAL_MACHINE\Software\Classes\CLSID\{01FF4E4B-8AD0-3171-8C82-5C2F48B87E3D}\InProcServer32\,C:\Windows\System32\mscoree.dll
ST869VRJ,Classes\CLSID\{a86ca2f1-af74-4a74-980b-e185d4ca01b0}\InProcServer32,REG_EXPAND_SZ,,NT AUTHORITY\SYSTEM,HKEY_LOCAL_MACHINE\Software\Classes\CLSID\{a86ca2f1-af74-4a74-980b-e185d4ca01b0}\InProcServer32\,%SystemRoot%\system32\hgcpl.dll
ST869VRJ,Classes\CLSID\{6089A37E-EB8A-482D-BD6F-F9F46904D16D}\InProcServer32,REG_SZ,,NT AUTHORITY\SYSTEM,HKEY_LOCAL_MACHINE\Software\Classes\CLSID\{6089A37E-EB8A-482D-BD6F-F9F46904D16D}\InProcServer32\,C:\Windows\System32\msaatext.dll
ST869VRJ,Wow6432Node\Classes\CLSID\{C8FFC414-946D-4E61-A302-9B9713F84448}\InProcServer32,REG_SZ,,NT AUTHORITY\SYSTEM,HKEY_LOCAL_MACHINE\Software\Wow6432Node\Classes\CLSID\{C8FFC414-946D-4E61-A302-9B9713F84448}\InProcServer32\,C:\Windows\SysWOW64\clrhost.dll
ST869VRJ,Classes\CLSID\{A7136BDF-B141-3913-9D1C-9BC5AFF21470}\InProcServer32,REG_SZ,,NT AUTHORITY\SYSTEM,HKEY_LOCAL_MACHINE\Software\Classes\CLSID\{A7136BDF-B141-3913-9D1C-9BC5AFF21470}\InProcServer32\,C:\Windows\System32\mscoree.dll
ST869VRJ,Classes\CLSID\{57635537-C856-4cc2-AE5C-62C34708070C}\InProcServer32,REG_EXPAND_SZ,,NT AUTHORITY\SYSTEM,HKEY_LOCAL_MACHINE\Software\Classes\CLSID\{57635537-C856-4cc2-AE5C-62C34708070C}\InProcServer32\,%SystemRoot%\system32\shell32.dll
ST869VRJ,Classes\CLSID\{811F592B-CDE7-4ca4-A6D4-7BB3F60AD8FB}\InProcServer32,REG_EXPAND_SZ,,NT AUTHORITY\SYSTEM,HKEY_LOCAL_MACHINE\Software\Classes\CLSID\{811F592B-CDE7-4ca4-A6D4-7BB3F60AD8FB}\InProcServer32\,%SystemRoot%\system32\shell32.dll
ST869VRJ,Classes\CLSID\{948B45F7-EFB8-46fb-8704-B340D847227A}\InProcServer32,REG_EXPAND_SZ,,NT AUTHORITY\SYSTEM,HKEY_LOCAL_MACHINE\Software\Classes\CLSID\{948B45F7-EFB8-46fb-8704-B340D847227A}\InProcServer32\,%SystemRoot%\system32\shell32.dll
ST869VRJ,Classes\CLSID\{E26D02A1-4C1F-11D1-9AA1-00C04FC3357A}\InProcServer32,REG_SZ,,NT AUTHORITY\SYSTEM,HKEY_LOCAL_MACHINE\Software\Classes\CLSID\{E26D02A1-4C1F-11D1-9AA1-00C04FC3357A}\InProcServer32\,C:\Windows\System32\tapisnap.dll
ST869VRJ,Classes\CLSID\{129D7E40-C10D-11D0-AFB9-00AA00B67A42}\InProcServer32,REG_SZ,,NT AUTHORITY\SYSTEM,HKEY_LOCAL_MACHINE\Software\Classes\CLSID\{129D7E40-C10D-11D0-AFB9-00AA00B67A42}\InProcServer32\,C:\Windows\System32\qdv.dll
ST869VRJ,Classes\CLSID\{CBEAA915-4D2C-3F77-98E8-A258B0FD3CEF}\InProcServer32,REG_SZ,,NT AUTHORITY\SYSTEM,HKEY_LOCAL_MACHINE\Software\Classes\CLSID\{CBEAA915-4D2C-3F77-98E8-A258B0FD3CEF}\InProcServer32\,C:\Windows\System32\mscoree.dll
ST869VRJ,Classes\CLSID\{7071ECF1-663B-4bc1-A1FA-B97F3B917C55}\InProcServer32,REG_EXPAND_SZ,,NT AUTHORITY\SYSTEM,HKEY_LOCAL_MACHINE\Software\Classes\CLSID\{7071ECF1-663B-4bc1-A1FA-B97F3B917C55}\InProcServer32\,%SystemRoot%\system32\connect.dll
ST869VRJ,Classes\CLSID\{73647561-0000-0010-8000-00AA00389B71}\InProcServer32,REG_SZ,,NT AUTHORITY\SYSTEM,HKEY_LOCAL_MACHINE\Software\Classes\CLSID\{73647561-0000-0010-8000-00AA00389B71}\InProcServer32\,C:\Windows\System32\ksproxy.ax
ST869VRJ,Classes\CLSID\{C7F2FB0F-ACC2-4ddf-9D8A-5E6E80D61024}\InProcServer32,REG_EXPAND_SZ,,NT AUTHORITY\SYSTEM,HKEY_LOCAL_MACHINE\Software\Classes\CLSID\{C7F2FB0F-ACC2-4ddf-9D8A-5E6E80D61024}\InProcServer32\,%SystemRoot%\system32\explorerframe.dll
ST869VRJ,Classes\CLSID\{8E908FC9-BECC-40f6-915B-F4CA0E70D03D}\InProcServer32,REG_EXPAND_SZ,,NT AUTHORITY\SYSTEM,HKEY_LOCAL_MACHINE\Software\Classes\CLSID\{8E908FC9-BECC-40f6-915B-F4CA0E70D03D}\InProcServer32\,%SystemRoot%\System32\shdocvw.dll
ST869VRJ,Classes\CLSID\{aa28fbc7-59f1-4c42-9fd8-ba2be27ea319}\InProcServer32,REG_EXPAND_SZ,,NT AUTHORITY\SYSTEM,HKEY_LOCAL_MACHINE\Software\Classes\CLSID\{aa28fbc7-59f1-4c42-9fd8-ba2be27ea319}\InProcServer32\,%SystemRoot%\system32\shell32.dll
ST869VRJ,Classes\CLSID\{78A8678F-4F7E-4054-9B8C-B0E9136D6547}\InProcServer32,REG_SZ,,BUILTIN\Administrators,HKEY_LOCAL_MACHINE\Software\Classes\CLSID\{78A8678F-4F7E-4054-9B8C-B0E9136D6547}\InProcServer32\,c:\PROGRA~1\COMMON~1\mcafee\platform\mcdspwrp.dll
ST869VRJ,Classes\CLSID\{B089413C-AF3B-4E55-AAC2-9A990E98C1AE}\InProcServer32,REG_EXPAND_SZ,,NT AUTHORITY\SYSTEM,HKEY_LOCAL_MACHINE\Software\Classes\CLSID\{B089413C-AF3B-4E55-AAC2-9A990E98C1AE}\InProcServer32\,%SystemRoot%\System32\twinui.dll
ST869VRJ,CurrentControlSet\Services\mouclass\,REG_EXPAND_SZ,ImagePath,NT AUTHORITY\SYSTEM,HKEY_LOCAL_MACHINE\SYSTEM\CurrentControlSet\Services\mouclass\ImagePath,\SystemRoot\System32\drivers\mouclass.sys
ST869VRJ,Classes\CLSID\{2BB8B28A-58DC-449C-A89B-DAEFD0A8933D}\InProcServer32,REG_SZ,,NT AUTHORITY\SYSTEM,HKEY_LOCAL_MACHINE\Software\Classes\CLSID\{2BB8B28A-58DC-449C-A89B-DAEFD0A8933D}\InProcServer32\,C:\Windows\System32\RADCUI.dll
ST869VRJ,Classes\CLSID\{6A205B57-2567-4a2c-B881-F787FAB579A3}\InProcServer32,REG_EXPAND_SZ,,NT AUTHORITY\SYSTEM,HKEY_LOCAL_MACHINE\Software\Classes\CLSID\{6A205B57-2567-4a2c-B881-F787FAB579A3}\InProcServer32\,%SystemRoot%\system32\shell32.dll
ST869VRJ,Classes\CLSID\{C6E13350-30AC-11D0-A18C-00A0C9118956}\InProcServer32,REG_SZ,,NT AUTHORITY\SYSTEM,HKEY_LOCAL_MACHINE\Software\Classes\CLSID\{C6E13350-30AC-11D0-A18C-00A0C9118956}\InProcServer32\,C:\Windows\System32\kswdmcap.ax
ST869VRJ,Classes\CLSID\{81d4e9c9-1d3b-41bc-9e6c-4b40bf79e35e}\InProcServer32,REG_SZ,,NT AUTHORITY\SYSTEM,HKEY_LOCAL_MACHINE\Software\Classes\CLSID\{81d4e9c9-1d3b-41bc-9e6c-4b40bf79e35e}\InProcServer32\,C:\Windows\System32\InputMethod\SHARED\DesktopTIP.dll
ST869VRJ,Classes\CLSID\{ECF03A32-103D-11d2-854D-006008059367}\InProcServer32,REG_EXPAND_SZ,,NT AUTHORITY\SYSTEM,HKEY_LOCAL_MACHINE\Software\Classes\CLSID\{ECF03A32-103D-11d2-854D-006008059367}\InProcServer32\,%SystemRoot%\system32\mydocs.dll
ST869VRJ,Classes\CLSID\{A3D93AB0-3079-4662-BF03-1718156E7C32}\InProcServer32,REG_SZ,,NT AUTHORITY\SYSTEM,HKEY_LOCAL_MACHINE\Software\Classes\CLSID\{A3D93AB0-3079-4662-BF03-1718156E7C32}\InProcServer32\,C:\Windows\System32\twinapi.dll
ST869VRJ,Classes\CLSID\{cfd82661-9b9e-4c87-9dcb-e0fd11681b44}\InProcServer32,REG_EXPAND_SZ,,NT AUTHORITY\SYSTEM,HKEY_LOCAL_MACHINE\Software\Classes\CLSID\{cfd82661-9b9e-4c87-9dcb-e0fd11681b44}\InProcServer32\,%SystemRoot%\System32\shell32.dll
ST869VRJ,Classes\CLSID\{3A614B00-FB18-46F3-950E-682A46A48B9F}\InProcServer32,REG_EXPAND_SZ,,NT AUTHORITY\SYSTEM,HKEY_LOCAL_MACHINE\Software\Classes\CLSID\{3A614B00-FB18-46F3-950E-682A46A48B9F}\InProcServer32\,%SystemRoot%\System32\UICOM.dll
ST869VRJ,Microsoft\Windows NT\CurrentVersion\Drivers32\,REG_SZ,msacm.imaadpcm,NT AUTHORITY\SYSTEM,HKEY_LOCAL_MACHINE\SOFTWARE\Microsoft\Windows NT\CurrentVersion\Drivers32\msacm.imaadpcm,imaadp32.acm
ST869VRJ,Classes\CLSID\{E3C22B30-8502-4B2F-9133-559674587E51}\InProcServer32,REG_SZ,,NT AUTHORITY\SYSTEM,HKEY_LOCAL_MACHINE\Software\Classes\CLSID\{E3C22B30-8502-4B2F-9133-559674587E51}\InProcServer32\,C:\Windows\System32\MrmCoreR.dll
ST869VRJ,Classes\CLSID\{17B81E6A-3819-47EA-8382-354726FFA0B7}\InProcServer32,REG_EXPAND_SZ,,NT AUTHORITY\SYSTEM,HKEY_LOCAL_MACHINE\Software\Classes\CLSID\{17B81E6A-3819-47EA-8382-354726FFA0B7}\InProcServer32\,%SystemRoot%\System32\twinui.dll
ST869VRJ,Classes\CLSID\{52A2AAAE-085D-4187-97EA-8C30DB990436}\InProcServer32,REG_EXPAND_SZ,,NT AUTHORITY\SYSTEM,HKEY_LOCAL_MACHINE\Software\Classes\CLSID\{52A2AAAE-085D-4187-97EA-8C30DB990436}\InProcServer32\,C:\Windows\System32\hhctrl.ocx
ST869VRJ,Classes\CLSID\{9DB7A13C-F208-4981-8353-73CC61AE2783}\InProcServer32,REG_EXPAND_SZ,,NT AUTHORITY\SYSTEM,HKEY_LOCAL_MACHINE\Software\Classes\CLSID\{9DB7A13C-F208-4981-8353-73CC61AE2783}\InProcServer32\,%SystemRoot%\system32\twext.dll
ST869VRJ,Classes\CLSID\{7FE87A55-1321-3D9F-8FEF-CD2F5E8AB2E9}\InProcServer32,REG_SZ,,NT AUTHORITY\SYSTEM,HKEY_LOCAL_MACHINE\Software\Classes\CLSID\{7FE87A55-1321-3D9F-8FEF-CD2F5E8AB2E9}\InProcServer32\,C:\Windows\System32\mscoree.dll
ST869VRJ,Wow6432Node\Classes\CLSID\{8E4062D9-FE1B-4b9e-AA16-5E8EEF68F48E}\InProcServer32,REG_SZ,,NT AUTHORITY\SYSTEM,HKEY_LOCAL_MACHINE\Software\Wow6432Node\Classes\CLSID\{8E4062D9-FE1B-4b9e-AA16-5E8EEF68F48E}\InProcServer32\,C:\Windows\SysWOW64\RegCtrl.dll
ST869VRJ,Classes\CLSID\{6705C562-0AE7-40EA-8474-F39DAB1813D0}\InProcServer32,REG_EXPAND_SZ,,NT AUTHORITY\SYSTEM,HKEY_LOCAL_MACHINE\Software\Classes\CLSID\{6705C562-0AE7-40EA-8474-F39DAB1813D0}\InProcServer32\,%SystemRoot%\system32\RasMM.dll
ST869VRJ,Classes\CLSID\{61B085E5-356C-4fed-BEFF-AC6BE240B548}\InProcServer32,REG_SZ,,BUILTIN\Administrators,HKEY_LOCAL_MACHINE\Software\Classes\CLSID\{61B085E5-356C-4fed-BEFF-AC6BE240B548}\InProcServer32\,c:\PROGRA~1\mcafee\msc\mcregobj\17_2_1~1\mcregobj.dll
ST869VRJ,Classes\CLSID\{dccc0bed-6066-11d1-8c13-00c04fd8d503}\InProcServer32,REG_EXPAND_SZ,,NT AUTHORITY\SYSTEM,HKEY_LOCAL_MACHINE\Software\Classes\CLSID\{dccc0bed-6066-11d1-8c13-00c04fd8d503}\InProcServer32\,%SystemRoot%\system32\adsmsext.dll
ST869VRJ,Wow6432Node\Classes\CLSID\{000C103E-0000-0000-C000-000000000046}\InProcServer32,REG_SZ,,NT AUTHORITY\SYSTEM,HKEY_LOCAL_MACHINE\Software\Wow6432Node\Classes\CLSID\{000C103E-0000-0000-C000-000000000046}\InProcServer32\,C:\Windows\SysWOW64\msi.dll
ST869VRJ,Classes\CLSID\{6BC096C6-0CE6-11D1-BAAE-00C04FC2E20D}\InProcServer32,REG_EXPAND_SZ,,NT AUTHORITY\SYSTEM,HKEY_LOCAL_MACHINE\Software\Classes\CLSID\{6BC096C6-0CE6-11D1-BAAE-00C04FC2E20D}\InProcServer32\,%SystemRoot%\system32\iasads.dll
ST869VRJ,Classes\CLSID\{6BC752F7-9721-49F8-873B-9FECB6215DE3}\InProcServer32,REG_EXPAND_SZ,,NT AUTHORITY\SYSTEM,HKEY_LOCAL_MACHINE\Software\Classes\CLSID\{6BC752F7-9721-49F8-873B-9FECB6215DE3}\InProcServer32\,%SystemRoot%\system32\shell32.dll
ST869VRJ,Classes\CLSID\{F4E1E7F6-A035-41B3-9856-A3C3A1C4684F}\InProcServer32,REG_SZ,,NT AUTHORITY\SYSTEM,HKEY_LOCAL_MACHINE\Software\Classes\CLSID\{F4E1E7F6-A035-41B3-9856-A3C3A1C4684F}\InProcServer32\,C:\Windows\System32\mscoree.dll
ST869VRJ,Classes\CLSID\{88d96a0b-f192-11d4-a65f-0040963251e5}\InProcServer32,REG_EXPAND_SZ,,NT AUTHORITY\SYSTEM,HKEY_LOCAL_MACHINE\Software\Classes\CLSID\{88d96a0b-f192-11d4-a65f-0040963251e5}\InProcServer32\,C:\Windows\System32\msxml6.dll
ST869VRJ,Classes\CLSID\{49c47ce0-9ba4-11d0-8212-00c04fc32c45}\InProcServer32,REG_SZ,,NT AUTHORITY\SYSTEM,HKEY_LOCAL_MACHINE\Software\Classes\CLSID\{49c47ce0-9ba4-11d0-8212-00c04fc32c45}\InProcServer32\,C:\Windows\System32\amstream.dll
ST869VRJ,Classes\CLSID\{443C8934-90FF-48ED-BCDE-26F5C7450042}\InProcServer32,REG_SZ,,NT AUTHORITY\SYSTEM,HKEY_LOCAL_MACHINE\Software\Classes\CLSID\{443C8934-90FF-48ED-BCDE-26F5C7450042}\InProcServer32\,C:\Windows\System32\bitsprx3.dll
ST869VRJ,Classes\CLSID\{861CEB0E-B6F3-4DA8-A7E7-DBC43D335628}\InProcServer32,REG_SZ,,BUILTIN\Administrators,HKEY_LOCAL_MACHINE\Software\Classes\CLSID\{861CEB0E-B6F3-4DA8-A7E7-DBC43D335628}\InProcServer32\,C:\Program Files\Common Files\McAfee\CSP\3.0.127.0\McCSPClientAPI.dll
ST869VRJ,Classes\CLSID\{C8A1FAD9-BC51-4031-A3CB-00EDB3FD7D63}\InProcServer32,REG_EXPAND_SZ,,NT AUTHORITY\SYSTEM,HKEY_LOCAL_MACHINE\Software\Classes\CLSID\{C8A1FAD9-BC51-4031-A3CB-00EDB3FD7D63}\InProcServer32\,%SystemRoot%\System32\oobe\msoobedui.dll
ST869VRJ,Classes\CLSID\{E782BE15-9936-4A7F-8DF9-9AB95D229DF1}\InProcServer32,REG_SZ,,BUILTIN\Administrators,HKEY_LOCAL_MACHINE\Software\Classes\CLSID\{E782BE15-9936-4A7F-8DF9-9AB95D229DF1}\InProcServer32\,C:\Program Files\Common Files\McAfee\ClientAnalytics\ComAPIProxy.dll
ST869VRJ,Classes\CLSID\{7177c4bd-e20a-4140-ad8a-998e7a2d18c0}\InProcServer32,REG_SZ,,NT AUTHORITY\SYSTEM,HKEY_LOCAL_MACHINE\Software\Classes\CLSID\{7177c4bd-e20a-4140-ad8a-998e7a2d18c0}\InProcServer32\,C:\Windows\System32\rascfg.dll
ST869VRJ,Classes\CLSID\{FB012959-F4F6-44D7-9D09-DAA087A9DB57}\InProcServer32,REG_EXPAND_SZ,,NT AUTHORITY\SYSTEM,HKEY_LOCAL_MACHINE\Software\Classes\CLSID\{FB012959-F4F6-44D7-9D09-DAA087A9DB57}\InProcServer32\,%SystemRoot%\system32\windowscodecs.dll
ST869VRJ,Classes\CLSID\{8078DA75-F43F-341D-A00E-20D6D736415E}\InProcServer32,REG_SZ,,NT AUTHORITY\SYSTEM,HKEY_LOCAL_MACHINE\Software\Classes\CLSID\{8078DA75-F43F-341D-A00E-20D6D736415E}\InProcServer32\,C:\Windows\System32\mscoree.dll
ST869VRJ,Classes\CLSID\{8E67B6EF-205D-490F-A004-7B04F8F65B62}\InProcServer32,REG_EXPAND_SZ,,NT AUTHORITY\SYSTEM,HKEY_LOCAL_MACHINE\Software\Classes\CLSID\{8E67B6EF-205D-490F-A004-7B04F8F65B62}\InProcServer32\,%SystemRoot%\System32\NaturalLanguage6.dll
ST869VRJ,Classes\CLSID\{861C8C71-ABFF-48A0-B8CE-A6E8B0CF53F0}\InProcServer32,REG_SZ,,BUILTIN\Administrators,HKEY_LOCAL_MACHINE\Software\Classes\CLSID\{861C8C71-ABFF-48A0-B8CE-A6E8B0CF53F0}\InProcServer32\,c:\PROGRA~1\mcafee\mqs\QCPROG~1.DLL
ST869VRJ,CurrentControlSet\Services\RemoteRegistry\Parameters\,REG_EXPAND_SZ,ServiceDll,NT AUTHORITY\SYSTEM,HKEY_LOCAL_MACHINE\SYSTEM\CurrentControlSet\Services\RemoteRegistry\Parameters\ServiceDll,%SystemRoot%\system32\regsvc.dll
ST869VRJ,Software\Microsoft\Windows\CurrentVersion\Run\,REG_SZ,OneDriveSetup,NT AUTHORITY\SYSTEM,HKEY_USERS\C__Users_Default_User_ntuser.dat\Software\Microsoft\Windows\CurrentVersion\Run\OneDriveSetup,C:\Windows\SysWOW64\OneDriveSetup.exe /thfirstsetup
ST869VRJ,Classes\CLSID\{DEA8AFA0-CC85-11D0-9CE2-0080C7221EBD}\InProcServer32,REG_SZ,,NT AUTHORITY\SYSTEM,HKEY_LOCAL_MACHINE\Software\Classes\CLSID\{DEA8AFA0-CC85-11D0-9CE2-0080C7221EBD}\InProcServer32\,C:\Windows\System32\ipsecsnp.dll
ST869VRJ,Classes\CLSID\{4662DAB0-D393-11D0-9A56-00C04FB68BF7}\InProcServer32,REG_SZ,,NT AUTHORITY\SYSTEM,HKEY_LOCAL_MACHINE\Software\Classes\CLSID\{4662DAB0-D393-11D0-9A56-00C04FB68BF7}\InProcServer32\,C:\Windows\System32\itircl.dll
ST869VRJ,Classes\CLSID\{F5078F35-C551-11D3-89B9-0000F81FE221}\InProcServer32,REG_EXPAND_SZ,,NT AUTHORITY\SYSTEM,HKEY_LOCAL_MACHINE\Software\Classes\CLSID\{F5078F35-C551-11D3-89B9-0000F81FE221}\InProcServer32\,%SystemRoot%\System32\msxml3.dll
ST869VRJ,Wow6432Node\Classes\CLSID\{1fb2a002-4c6c-4de7-85c2-cb8db9a4f728}\InProcServer32,REG_SZ,,NT AUTHORITY\SYSTEM,HKEY_LOCAL_MACHINE\Software\Wow6432Node\Classes\CLSID\{1fb2a002-4c6c-4de7-85c2-cb8db9a4f728}\InProcServer32\,C:\Windows\SysWOW64\dskquoui.dll
ST869VRJ,Classes\CLSID\{fbeb8a05-beee-4442-804e-409d6c4515e9}\InProcServer32,REG_EXPAND_SZ,,NT AUTHORITY\SYSTEM,HKEY_LOCAL_MACHINE\Software\Classes\CLSID\{fbeb8a05-beee-4442-804e-409d6c4515e9}\InProcServer32\,%SystemRoot%\system32\shell32.dll
ST869VRJ,Classes\CLSID\{3DC7A020-0ACD-11CF-A9BB-00AA004AE837}\InProcServer32,REG_SZ,,NT AUTHORITY\SYSTEM,HKEY_LOCAL_MACHINE\Software\Classes\CLSID\{3DC7A020-0ACD-11CF-A9BB-00AA004AE837}\InProcServer32\,C:\Windows\System32\ieframe.dll
ST869VRJ,Classes\CLSID\{F8855263-6377-4A95-8F34-40BFC158B038}\InProcServer32,REG_SZ,,BUILTIN\Administrators,HKEY_LOCAL_MACHINE\Software\Classes\CLSID\{F8855263-6377-4A95-8F34-40BFC158B038}\InProcServer32\,c:\PROGRA~1\mcafee\mqs\shrcore.dll
ST869VRJ,Classes\CLSID\{726BBDF4-6C6D-30F4-B3A0-F14D6AEC08C7}\InProcServer32,REG_SZ,,NT AUTHORITY\SYSTEM,HKEY_LOCAL_MACHINE\Software\Classes\CLSID\{726BBDF4-6C6D-30F4-B3A0-F14D6AEC08C7}\InProcServer32\,C:\Windows\System32\mscoree.dll
ST869VRJ,Classes\CLSID\{7C127AC8-EC8D-40f2-91D0-B791CFC2397B}\InProcServer32,REG_EXPAND_SZ,,NT AUTHORITY\SYSTEM,HKEY_LOCAL_MACHINE\Software\Classes\CLSID\{7C127AC8-EC8D-40f2-91D0-B791CFC2397B}\InProcServer32\,%SystemRoot%\system32\explorerframe.dll
ST869VRJ,Classes\CLSID\{C03E8557-781E-49a1-8190-CE902D0B2CE7}\InProcServer32,REG_EXPAND_SZ,,NT AUTHORITY\SYSTEM,HKEY_LOCAL_MACHINE\Software\Classes\CLSID\{C03E8557-781E-49a1-8190-CE902D0B2CE7}\InProcServer32\,%SystemRoot%\system32\rasgcw.dll
ST869VRJ,Classes\CLSID\{DA32C9C5-1147-402A-A127-E0E169E9E9B4}\InProcServer32,REG_SZ,,BUILTIN\Administrators,HKEY_LOCAL_MACHINE\Software\Classes\CLSID\{DA32C9C5-1147-402A-A127-E0E169E9E9B4}\InProcServer32\,c:\PROGRA~1\COMMON~1\mcafee\updmgr\64134~1.1\MCUPDA~1.DLL
ST869VRJ,Classes\CLSID\{304CE942-6E39-40D8-943A-B913C40C9CD4}\InProcServer32,REG_SZ,,NT AUTHORITY\SYSTEM,HKEY_LOCAL_MACHINE\Software\Classes\CLSID\{304CE942-6E39-40D8-943A-B913C40C9CD4}\InProcServer32\,C:\Windows\System32\FirewallAPI.dll
ST869VRJ,Classes\CLSID\{63B51F81-C868-11D0-999C-00C04FD655E1}\InProcServer32,REG_EXPAND_SZ,,NT AUTHORITY\SYSTEM,HKEY_LOCAL_MACHINE\Software\Classes\CLSID\{63B51F81-C868-11D0-999C-00C04FD655E1}\InProcServer32\,%SystemRoot%\system32\shell32.dll
ST869VRJ,Classes\CLSID\{a0d018ee-1100-4389-ab44-464faf001288}\InProcServer32,REG_EXPAND_SZ,,NT AUTHORITY\SYSTEM,HKEY_LOCAL_MACHINE\Software\Classes\CLSID\{a0d018ee-1100-4389-ab44-464faf001288}\InProcServer32\,%SystemRoot%\system32\authui.dll
ST869VRJ,Classes\CLSID\{9197e04d-2b9f-4849-8bf7-75294eb5c043}\InProcServer32,REG_SZ,,NT AUTHORITY\SYSTEM,HKEY_LOCAL_MACHINE\Software\Classes\CLSID\{9197e04d-2b9f-4849-8bf7-75294eb5c043}\InProcServer32\,C:\Windows\System32\umb.dll
ST869VRJ,Classes\CLSID\{C4EC38BD-4E9E-4b5e-935A-D1BFF237D980}\InProcServer32,REG_EXPAND_SZ,,NT AUTHORITY\SYSTEM,HKEY_LOCAL_MACHINE\Software\Classes\CLSID\{C4EC38BD-4E9E-4b5e-935A-D1BFF237D980}\InProcServer32\,%SystemRoot%\system32\explorerframe.dll
ST869VRJ,Classes\CLSID\{41FCCC3A-1FA1-4949-953A-6EE61C46A4D1}\InProcServer32,REG_EXPAND_SZ,,NT AUTHORITY\SYSTEM,HKEY_LOCAL_MACHINE\Software\Classes\CLSID\{41FCCC3A-1FA1-4949-953A-6EE61C46A4D1}\InProcServer32\,%SystemRoot%\System32\audioses.dll
ST869VRJ,Classes\CLSID\{863aa9fd-42df-457b-8e4d-0de1b8015c60}\InProcServer32,REG_EXPAND_SZ,,NT AUTHORITY\SYSTEM,HKEY_LOCAL_MACHINE\Software\Classes\CLSID\{863aa9fd-42df-457b-8e4d-0de1b8015c60}\InProcServer32\,%SystemRoot%\system32\prnfldr.dll
ST869VRJ,Classes\CLSID\{ff363bfe-4941-4179-a81c-f3f1ca72d820}\InProcServer32,REG_EXPAND_SZ,,NT AUTHORITY\SYSTEM,HKEY_LOCAL_MACHINE\Software\Classes\CLSID\{ff363bfe-4941-4179-a81c-f3f1ca72d820}\InProcServer32\,%SystemRoot%\System32\hgcpl.dll
ST869VRJ,Classes\CLSID\{E5B5B938-52A0-4B37-8659-24EB5165B9A0}\InProcServer32,REG_EXPAND_SZ,,NT AUTHORITY\SYSTEM,HKEY_LOCAL_MACHINE\Software\Classes\CLSID\{E5B5B938-52A0-4B37-8659-24EB5165B9A0}\InProcServer32\,%SystemRoot%\System32\wbem\netdacim.dll
ST869VRJ,CurrentControlSet\Services\Vid\,REG_EXPAND_SZ,ImagePath,NT AUTHORITY\SYSTEM,HKEY_LOCAL_MACHINE\SYSTEM\CurrentControlSet\Services\Vid\ImagePath,\SystemRoot\System32\drivers\Vid.sys
ST869VRJ,Classes\CLSID\{BC29A660-30E3-11D0-9E69-00C04FD7C15B}\InProcServer32,REG_SZ,,NT AUTHORITY\SYSTEM,HKEY_LOCAL_MACHINE\Software\Classes\CLSID\{BC29A660-30E3-11D0-9E69-00C04FD7C15B}\InProcServer32\,C:\Windows\System32\ksproxy.ax
ST869VRJ,Classes\CLSID\{c827f149-55c1-4d28-935e-57e47caed973}\InProcServer32,REG_EXPAND_SZ,,NT AUTHORITY\SYSTEM,HKEY_LOCAL_MACHINE\Software\Classes\CLSID\{c827f149-55c1-4d28-935e-57e47caed973}\InProcServer32\,%SystemRoot%\System32\shwebsvc.dll
ST869VRJ,Classes\CLSID\{6BC09894-0CE6-11D1-BAAE-00C04FC2E20D}\InProcServer32,REG_EXPAND_SZ,,NT AUTHORITY\SYSTEM,HKEY_LOCAL_MACHINE\Software\Classes\CLSID\{6BC09894-0CE6-11D1-BAAE-00C04FC2E20D}\InProcServer32\,%SystemRoot%\system32\iasrad.dll
ST869VRJ,Classes\CLSID\{9F7D7BB5-20B3-11DA-81A5-0030F1642E3C}\InProcServer32,REG_EXPAND_SZ,,NT AUTHORITY\SYSTEM,HKEY_LOCAL_MACHINE\Software\Classes\CLSID\{9F7D7BB5-20B3-11DA-81A5-0030F1642E3C}\InProcServer32\,%SystemRoot%\System32\SmiEngine.dll
ST869VRJ,Classes\CLSID\{37903486-85EE-4733-AEFC-8C4496F19DE4}\InProcServer32,REG_SZ,,NT AUTHORITY\SYSTEM,HKEY_LOCAL_MACHINE\Software\Classes\CLSID\{37903486-85EE-4733-AEFC-8C4496F19DE4}\InProcServer32\,C:\Windows\System32\Windows.Web.dll
ST869VRJ,Classes\CLSID\{1D2680C9-0E2A-469d-B787-065558BC7D43}\InProcServer32,REG_SZ,,NT AUTHORITY\SYSTEM,HKEY_LOCAL_MACHINE\Software\Classes\CLSID\{1D2680C9-0E2A-469d-B787-065558BC7D43}\InProcServer32\,C:\Windows\System32\mscoree.dll
ST869VRJ,Classes\CLSID\{D0A6D872-3655-4E58-832B-3C7095672B40}\InProcServer32,REG_SZ,,NT AUTHORITY\SYSTEM,HKEY_LOCAL_MACHINE\Software\Classes\CLSID\{D0A6D872-3655-4E58-832B-3C7095672B40}\InProcServer32\,C:\Windows\System32\rdprelaytransport.dll
ST869VRJ,Classes\CLSID\{C10B4771-4DA0-11D2-A2F5-00C04F86FB7D}\InProcServer32,REG_EXPAND_SZ,,NT AUTHORITY\SYSTEM,HKEY_LOCAL_MACHINE\Software\Classes\CLSID\{C10B4771-4DA0-11D2-A2F5-00C04F86FB7D}\InProcServer32\,%SystemRoot%\system32\wbem\mofd.dll
ST869VRJ,Software\Microsoft\Windows\CurrentVersion\Run\,REG_SZ,OneDriveSetup,NT AUTHORITY\SYSTEM,HKEY_USERS\S-1-5-20\Software\Microsoft\Windows\CurrentVersion\Run\OneDriveSetup,C:\Windows\SysWOW64\OneDriveSetup.exe /thfirstsetup
ST869VRJ,Classes\CLSID\{25150040-b8f1-418e-af61-b51071ac1ee2}\InProcServer32,REG_EXPAND_SZ,,NT AUTHORITY\SYSTEM,HKEY_LOCAL_MACHINE\Software\Classes\CLSID\{25150040-b8f1-418e-af61-b51071ac1ee2}\InProcServer32\,%SystemRoot%\system32\shell32.dll
ST869VRJ,Classes\CLSID\{6c955eca-04ce-4f1e-84fe-d8a526ce3137}\InProcServer32,REG_EXPAND_SZ,,NT AUTHORITY\SYSTEM,HKEY_LOCAL_MACHINE\Software\Classes\CLSID\{6c955eca-04ce-4f1e-84fe-d8a526ce3137}\InProcServer32\,%SystemRoot%\system32\shell32.dll
ST869VRJ,Classes\CLSID\{DB13821E-9835-3958-8539-1E021399AB6C}\InProcServer32,REG_SZ,,NT AUTHORITY\SYSTEM,HKEY_LOCAL_MACHINE\Software\Classes\CLSID\{DB13821E-9835-3958-8539-1E021399AB6C}\InProcServer32\,C:\Windows\System32\mscoree.dll
ST869VRJ,Classes\CLSID\{BF87B6E1-8C27-11D0-B3F0-00AA003761C5}\InProcServer32,REG_SZ,,NT AUTHORITY\SYSTEM,HKEY_LOCAL_MACHINE\Software\Classes\CLSID\{BF87B6E1-8C27-11D0-B3F0-00AA003761C5}\InProcServer32\,C:\Windows\System32\qcap.dll
ST869VRJ,Classes\CLSID\{3fd7f233-a716-472e-8f2f-c25954f34e96}\InProcServer32,REG_EXPAND_SZ,,NT AUTHORITY\SYSTEM,HKEY_LOCAL_MACHINE\Software\Classes\CLSID\{3fd7f233-a716-472e-8f2f-c25954f34e96}\InProcServer32\,%SystemRoot%\System32\audioeng.dll
ST869VRJ,Classes\CLSID\{6DA736C9-DCDE-4651-82A8-56E4EF1D8DD7}\InProcServer32,REG_EXPAND_SZ,,NT AUTHORITY\SYSTEM,HKEY_LOCAL_MACHINE\Software\Classes\CLSID\{6DA736C9-DCDE-4651-82A8-56E4EF1D8DD7}\InProcServer32\,%SystemRoot%\system32\shell32.dll
ST869VRJ,Classes\CLSID\{95688ffa-250d-49bd-b40a-8ed3a8ef4c8e}\InProcServer32,REG_SZ,,NT AUTHORITY\SYSTEM,HKEY_LOCAL_MACHINE\Software\Classes\CLSID\{95688ffa-250d-49bd-b40a-8ed3a8ef4c8e}\InProcServer32\,C:\Windows\System32\IME\IMEKR\imkrapi.dll
ST869VRJ,Wow6432Node\Classes\CLSID\{25E609E4-B259-11CF-BFC7-444553540000}\InProcServer32,REG_SZ,,NT AUTHORITY\SYSTEM,HKEY_LOCAL_MACHINE\Software\Wow6432Node\Classes\CLSID\{25E609E4-B259-11CF-BFC7-444553540000}\InProcServer32\,C:\Windows\SysWOW64\dinput8.dll
ST869VRJ,Classes\CLSID\{4F272C37-F0A8-350C-867B-2C03B2B16B80}\InProcServer32,REG_SZ,,NT AUTHORITY\SYSTEM,HKEY_LOCAL_MACHINE\Software\Classes\CLSID\{4F272C37-F0A8-350C-867B-2C03B2B16B80}\InProcServer32\,C:\Windows\System32\mscoree.dll
ST869VRJ,CurrentControlSet\Services\flpydisk\,REG_EXPAND_SZ,ImagePath,NT AUTHORITY\SYSTEM,HKEY_LOCAL_MACHINE\SYSTEM\CurrentControlSet\Services\flpydisk\ImagePath,\SystemRoot\System32\drivers\flpydisk.sys
ST869VRJ,Wow6432Node\Classes\CLSID\{19A34F98-20C0-4449-A3B4-29071BCEAD91}\InProcServer32,REG_SZ,,BUILTIN\Administrators,HKEY_LOCAL_MACHINE\Software\Wow6432Node\Classes\CLSID\{19A34F98-20C0-4449-A3B4-29071BCEAD91}\InProcServer32\,c:\PROGRA~1\mcafee\msk\mskoladd.dll
ST869VRJ,Classes\CLSID\{7986d495-ce42-4926-8afc-26dfa299cadb}\InProcServer32,REG_EXPAND_SZ,,NT AUTHORITY\SYSTEM,HKEY_LOCAL_MACHINE\Software\Classes\CLSID\{7986d495-ce42-4926-8afc-26dfa299cadb}\InProcServer32\,%SystemRoot%\system32\authui.dll
ST869VRJ,Classes\CLSID\{F052299C-6DA4-40f0-BE0D-8BD02FAD080A}\InProcServer32,REG_EXPAND_SZ,,NT AUTHORITY\SYSTEM,HKEY_LOCAL_MACHINE\Software\Classes\CLSID\{F052299C-6DA4-40f0-BE0D-8BD02FAD080A}\InProcServer32\,%SystemRoot%\System32\oobe\msoobeplugins.dll
ST869VRJ,Classes\CLSID\{88d96a0f-f192-11d4-a65f-0040963251e5}\InProcServer32,REG_EXPAND_SZ,,NT AUTHORITY\SYSTEM,HKEY_LOCAL_MACHINE\Software\Classes\CLSID\{88d96a0f-f192-11d4-a65f-0040963251e5}\InProcServer32\,C:\Windows\System32\msxml6.dll
ST869VRJ,Wow6432Node\Microsoft\Windows NT\CurrentVersion\Winlogon\,REG_SZ,VMApplet,NT AUTHORITY\SYSTEM,HKEY_LOCAL_MACHINE\Software\Wow6432Node\Microsoft\Windows NT\CurrentVersion\Winlogon\VMApplet,SystemPropertiesPerformance.exe /pagefile
ST869VRJ,Classes\CLSID\{88d96a0a-f192-11d4-a65f-0040963251e5}\InProcServer32,REG_EXPAND_SZ,,NT AUTHORITY\SYSTEM,HKEY_LOCAL_MACHINE\Software\Classes\CLSID\{88d96a0a-f192-11d4-a65f-0040963251e5}\InProcServer32\,C:\Windows\System32\msxml6.dll
ST869VRJ,CurrentControlSet\Services\vhdmp\,REG_EXPAND_SZ,ImagePath,NT AUTHORITY\SYSTEM,HKEY_LOCAL_MACHINE\SYSTEM\CurrentControlSet\Services\vhdmp\ImagePath,\SystemRoot\System32\drivers\vhdmp.sys
ST869VRJ,Microsoft\Windows NT\CurrentVersion\Image File Execution Options\ie4uinit.exe\,REG_QWORD,MitigationOptions,NT AUTHORITY\SYSTEM,HKEY_LOCAL_MACHINE\Software\Microsoft\Windows NT\CurrentVersion\Image File Execution Options\ie4uinit.exe\MitigationOptions,256
ST869VRJ,Wow6432Node\Classes\CLSID\{12D3E372-874B-457D-9FDF-73977778686C}\InProcServer32,REG_SZ,,NT AUTHORITY\SYSTEM,HKEY_LOCAL_MACHINE\Software\Wow6432Node\Classes\CLSID\{12D3E372-874B-457D-9FDF-73977778686C}\InProcServer32\,C:\Windows\SysWOW64\deviceaccess.dll
ST869VRJ,Classes\CLSID\{842a1268-6e6a-465c-868f-8bc445b9828f}\InProcServer32,REG_SZ,,NT AUTHORITY\SYSTEM,HKEY_LOCAL_MACHINE\Software\Classes\CLSID\{842a1268-6e6a-465c-868f-8bc445b9828f}\InProcServer32\,C:\Windows\System32\jscript9.dll
ST869VRJ,Classes\CLSID\{89CA5F54-B963-4092-873A-AFE498746367}\InProcServer32,REG_SZ,,BUILTIN\Administrators,HKEY_LOCAL_MACHINE\Software\Classes\CLSID\{89CA5F54-B963-4092-873A-AFE498746367}\InProcServer32\,c:\PROGRA~1\mcafee\msc\mcregobj\17_4_1~1\mcregobj.dll
ST869VRJ,Classes\CLSID\{6850404F-D7FB-32BD-8328-C94F66E8C1C7}\InProcServer32,REG_SZ,,NT AUTHORITY\SYSTEM,HKEY_LOCAL_MACHINE\Software\Classes\CLSID\{6850404F-D7FB-32BD-8328-C94F66E8C1C7}\InProcServer32\,C:\Windows\System32\mscoree.dll
ST869VRJ,CurrentControlSet\Services\LSM\Parameters\,REG_EXPAND_SZ,ServiceDll,NT AUTHORITY\SYSTEM,HKEY_LOCAL_MACHINE\SYSTEM\CurrentControlSet\Services\LSM\Parameters\ServiceDll,%SystemRoot%\System32\lsm.dll
ST869VRJ,Wow6432Node\Classes\CLSID\{cc5bbec3-db4a-4bed-828d-08d78ee3e1ed}\InProcServer32,REG_SZ,,NT AUTHORITY\SYSTEM,HKEY_LOCAL_MACHINE\Software\Wow6432Node\Classes\CLSID\{cc5bbec3-db4a-4bed-828d-08d78ee3e1ed}\InProcServer32\,C:\Windows\SysWOW64\jscript.dll
ST869VRJ,Classes\CLSID\{6BD6AECA-AFB0-45B7-BAC4-F292EC0F3F41}\InProcServer32,REG_EXPAND_SZ,,NT AUTHORITY\SYSTEM,HKEY_LOCAL_MACHINE\Software\Classes\CLSID\{6BD6AECA-AFB0-45B7-BAC4-F292EC0F3F41}\InProcServer32\,%SystemRoot%\system32\tscfgwmi.dll
ST869VRJ,Classes\CLSID\{f6b13ba7-d626-45e5-82c5-26e596114dc0}\InProcServer32,REG_EXPAND_SZ,,NT AUTHORITY\SYSTEM,HKEY_LOCAL_MACHINE\Software\Classes\CLSID\{f6b13ba7-d626-45e5-82c5-26e596114dc0}\InProcServer32\,%SystemRoot%\system32\fphc.dll
ST869VRJ,Classes\CLSID\{25EC352E-72E1-4724-9A28-4AE730072149}\InProcServer32,REG_EXPAND_SZ,,NT AUTHORITY\SYSTEM,HKEY_LOCAL_MACHINE\Software\Classes\CLSID\{25EC352E-72E1-4724-9A28-4AE730072149}\InProcServer32\,%SystemRoot%\System32\autoplay.dll
ST869VRJ,Classes\CLSID\{DC5DA001-7CD4-11D2-8ED9-D8C857F98FE3}\InProcServer32,REG_SZ,,NT AUTHORITY\SYSTEM,HKEY_LOCAL_MACHINE\Software\Classes\CLSID\{DC5DA001-7CD4-11D2-8ED9-D8C857F98FE3}\InProcServer32\,C:\Windows\System32\mscoree.dll
ST869VRJ,Classes\CLSID\{59EFE487-E5B8-4fae-9D2C-FCDF0B70CE70}\InProcServer32,REG_SZ,,NT AUTHORITY\SYSTEM,HKEY_LOCAL_MACHINE\Software\Classes\CLSID\{59EFE487-E5B8-4fae-9D2C-FCDF0B70CE70}\InProcServer32\,C:\Windows\System32\twinui.dll
ST869VRJ,Classes\CLSID\{AE24FDAE-03C6-11D1-8B76-0080C744F389}\InProcServer32,REG_SZ,,NT AUTHORITY\SYSTEM,HKEY_LOCAL_MACHINE\Software\Classes\CLSID\{AE24FDAE-03C6-11D1-8B76-0080C744F389}\InProcServer32\,C:\Windows\System32\mshtml.dll
ST869VRJ,Classes\CLSID\{12D3E372-874B-457D-9FDF-73977778686C}\InProcServer32,REG_SZ,,NT AUTHORITY\SYSTEM,HKEY_LOCAL_MACHINE\Software\Classes\CLSID\{12D3E372-874B-457D-9FDF-73977778686C}\InProcServer32\,C:\Windows\System32\deviceaccess.dll
ST869VRJ,Classes\CLSID\{414ac301-8d95-43c8-99d0-3f25e4076945}\InProcServer32,REG_SZ,,NT AUTHORITY\SYSTEM,HKEY_LOCAL_MACHINE\Software\Classes\CLSID\{414ac301-8d95-43c8-99d0-3f25e4076945}\InProcServer32\,C:\Windows\System32\IME\shared\mscand20.dll
ST869VRJ,Classes\CLSID\{22EE26E5-2289-11d2-8F43-00C04FC2E0C7}\InProcServer32,REG_SZ,,NT AUTHORITY\SYSTEM,HKEY_LOCAL_MACHINE\Software\Classes\CLSID\{22EE26E5-2289-11d2-8F43-00C04FC2E0C7}\InProcServer32\,C:\Windows\System32\catsrvut.dll
ST869VRJ,Classes\CLSID\{7487cd30-f71a-11d0-9ea7-00805f714772}\InProcServer32,REG_EXPAND_SZ,,NT AUTHORITY\SYSTEM,HKEY_LOCAL_MACHINE\Software\Classes\CLSID\{7487cd30-f71a-11d0-9ea7-00805f714772}\InProcServer32\,%SystemRoot%\system32\shell32.dll
ST869VRJ,Wow6432Node\Classes\CLSID\{8369AB20-56C9-11D0-94E8-00AA0059CE02}\InProcServer32,REG_SZ,,NT AUTHORITY\SYSTEM,HKEY_LOCAL_MACHINE\Software\Wow6432Node\Classes\CLSID\{8369AB20-56C9-11D0-94E8-00AA0059CE02}\InProcServer32\,C:\Windows\SysWOW64\occache.dll
ST869VRJ,Wow6432Node\Classes\CLSID\{05589FAF-C356-11CE-BF01-00AA0055595A}\InProcServer32,REG_SZ,,NT AUTHORITY\SYSTEM,HKEY_LOCAL_MACHINE\Software\Wow6432Node\Classes\CLSID\{05589FAF-C356-11CE-BF01-00AA0055595A}\InProcServer32\,C:\Windows\SysWOW64\quartz.dll
ST869VRJ,Classes\CLSID\{68DB2410-63D2-4D4A-9449-FBD53FA4E7A3}\InProcServer32,REG_EXPAND_SZ,,NT AUTHORITY\SYSTEM,HKEY_LOCAL_MACHINE\Software\Classes\CLSID\{68DB2410-63D2-4D4A-9449-FBD53FA4E7A3}\InProcServer32\,%SystemRoot%\System32\oobe\msoobeplugins.dll
ST869VRJ,Classes\CLSID\{176d6597-26d3-11d1-b350-080036a75b03}\InProcServer32,REG_SZ,,NT AUTHORITY\SYSTEM,HKEY_LOCAL_MACHINE\Software\Classes\CLSID\{176d6597-26d3-11d1-b350-080036a75b03}\InProcServer32\,C:\Windows\System32\colorui.dll
ST869VRJ,Wow6432Node\Classes\CLSID\{681FD532-7EC2-4548-9ECE-44AABCFBD254}\InProcServer32,REG_SZ,,NT AUTHORITY\SYSTEM,HKEY_LOCAL_MACHINE\Software\Wow6432Node\Classes\CLSID\{681FD532-7EC2-4548-9ECE-44AABCFBD254}\InProcServer32\,C:\Windows\SysWOW64\FunDisc.dll
ST869VRJ,Classes\CLSID\{47206204-5ECA-11D2-960F-00C04F8EE628}\InProcServer32,REG_EXPAND_SZ,,NT AUTHORITY\SYSTEM,HKEY_LOCAL_MACHINE\Software\Classes\CLSID\{47206204-5ECA-11D2-960F-00C04F8EE628}\InProcServer32\,%SystemRoot%\System32\Speech\Common\sapi.dll
ST869VRJ,Classes\CLSID\{cc5bbec3-db4a-4bed-828d-08d78ee3e1ed}\InProcServer32,REG_SZ,,NT AUTHORITY\SYSTEM,HKEY_LOCAL_MACHINE\Software\Classes\CLSID\{cc5bbec3-db4a-4bed-828d-08d78ee3e1ed}\InProcServer32\,C:\Windows\System32\jscript.dll
ST869VRJ,Classes\CLSID\{1643E180-90F5-11CE-97D5-00AA0055595A}\InProcServer32,REG_SZ,,NT AUTHORITY\SYSTEM,HKEY_LOCAL_MACHINE\Software\Classes\CLSID\{1643E180-90F5-11CE-97D5-00AA0055595A}\InProcServer32\,C:\Windows\System32\quartz.dll
ST869VRJ,Classes\CLSID\{B52DC143-218C-4069-B443-9778DDBC95AA}\InProcServer32,REG_EXPAND_SZ,,NT AUTHORITY\SYSTEM,HKEY_LOCAL_MACHINE\Software\Classes\CLSID\{B52DC143-218C-4069-B443-9778DDBC95AA}\InProcServer32\,%SystemRoot%\System32\MSWB7.dll
ST869VRJ,Classes\CLSID\{2CF7C0ED-0BC8-4CA5-AB2E-798E15D6EDDB}\InProcServer32,REG_SZ,,BUILTIN\Administrators,HKEY_LOCAL_MACHINE\Software\Classes\CLSID\{2CF7C0ED-0BC8-4CA5-AB2E-798E15D6EDDB}\InProcServer32\,c:\PROGRA~1\COMMON~1\mcafee\platform\mcuicfg.dll
ST869VRJ,Classes\CLSID\{3C4059B0-FB29-4EBA-9947-289E0D824E64}\InProcServer32,REG_EXPAND_SZ,,NT AUTHORITY\SYSTEM,HKEY_LOCAL_MACHINE\Software\Classes\CLSID\{3C4059B0-FB29-4EBA-9947-289E0D824E64}\InProcServer32\,%SystemRoot%\System32\twinui.dll
ST869VRJ,Microsoft\Windows NT\CurrentVersion\Image File Execution Options\wscript.exe\,REG_DWORD,DisableExceptionChainValidation,NT AUTHORITY\SYSTEM,HKEY_LOCAL_MACHINE\Software\Microsoft\Windows NT\CurrentVersion\Image File Execution Options\wscript.exe\DisableExceptionChainValidation,3
ST869VRJ,Classes\CLSID\{13482EC3-06A3-4bb3-84A9-193302B8DD54}\InProcServer32,REG_SZ,,NT AUTHORITY\SYSTEM,HKEY_LOCAL_MACHINE\Software\Classes\CLSID\{13482EC3-06A3-4bb3-84A9-193302B8DD54}\InProcServer32\,C:\Windows\System32\catsrvut.dll
ST869VRJ,Classes\CLSID\{96705EE3-F7AB-3E9A-9FB2-AD1D536E901A}\InProcServer32,REG_SZ,,NT AUTHORITY\SYSTEM,HKEY_LOCAL_MACHINE\Software\Classes\CLSID\{96705EE3-F7AB-3E9A-9FB2-AD1D536E901A}\InProcServer32\,C:\Windows\System32\mscoree.dll
ST869VRJ,Classes\CLSID\{3F6953F0-5359-47FC-BD99-9F2CB95A62FD}\InProcServer32,REG_EXPAND_SZ,,NT AUTHORITY\SYSTEM,HKEY_LOCAL_MACHINE\Software\Classes\CLSID\{3F6953F0-5359-47FC-BD99-9F2CB95A62FD}\InProcServer32\,%SystemRoot%\system32\shell32.dll
ST869VRJ,Classes\CLSID\{0c194cb2-2959-4d14-8964-37fd3e48c32d}\InProcServer32,REG_EXPAND_SZ,,NT AUTHORITY\SYSTEM,HKEY_LOCAL_MACHINE\Software\Classes\CLSID\{0c194cb2-2959-4d14-8964-37fd3e48c32d}\InProcServer32\,%SystemRoot%\system32\shell32.dll
ST869VRJ,Classes\CLSID\{D51BD5A5-7548-11CF-A520-0080C77EF58A}\InProcServer32,REG_SZ,,NT AUTHORITY\SYSTEM,HKEY_LOCAL_MACHINE\Software\Classes\CLSID\{D51BD5A5-7548-11CF-A520-0080C77EF58A}\InProcServer32\,C:\Windows\System32\quartz.dll
ST869VRJ,Classes\CLSID\{D8F0F5E7-11C5-4E95-BBFF-0F110C0221C4}\InProcServer32,REG_EXPAND_SZ,,NT AUTHORITY\SYSTEM,HKEY_LOCAL_MACHINE\Software\Classes\CLSID\{D8F0F5E7-11C5-4E95-BBFF-0F110C0221C4}\InProcServer32\,%SystemRoot%\System32\DiagCpl.dll
ST869VRJ,Classes\CLSID\{50613c35-8120-4721-849e-2df54d82cc33}\InProcServer32,REG_SZ,,NT AUTHORITY\SYSTEM,HKEY_LOCAL_MACHINE\Software\Classes\CLSID\{50613c35-8120-4721-849e-2df54d82cc33}\InProcServer32\,C:\Windows\System32\IME\IMEJP\imjplmp.dll
ST869VRJ,Classes\CLSID\{7f065fc8-efc7-4cab-82e0-694a14e910f2}\InProcServer32,REG_SZ,,NT AUTHORITY\SYSTEM,HKEY_LOCAL_MACHINE\Software\Classes\CLSID\{7f065fc8-efc7-4cab-82e0-694a14e910f2}\InProcServer32\,C:\Windows\System32\Windows.UI.Immersive.dll
ST869VRJ,Classes\CLSID\{4C6470A6-3F91-4f41-850B-DB9BCD074537}\InProcServer32,REG_SZ,,NT AUTHORITY\SYSTEM,HKEY_LOCAL_MACHINE\Software\Classes\CLSID\{4C6470A6-3F91-4f41-850B-DB9BCD074537}\InProcServer32\,C:\Windows\System32\msfeedsbs.dll
ST869VRJ,Classes\CLSID\{68DC71DC-2327-4040-8F03-50D6A9805049}\InProcServer32,REG_EXPAND_SZ,,NT AUTHORITY\SYSTEM,HKEY_LOCAL_MACHINE\Software\Classes\CLSID\{68DC71DC-2327-4040-8F03-50D6A9805049}\InProcServer32\,%SystemRoot%\System32\NaturalLanguage6.dll
ST869VRJ,Classes\CLSID\{00020423-0000-0000-C000-000000000046}\InProcServer32,REG_SZ,,NT AUTHORITY\SYSTEM,HKEY_LOCAL_MACHINE\Software\Classes\CLSID\{00020423-0000-0000-C000-000000000046}\InProcServer32\,C:\Windows\System32\oleaut32.dll
ST869VRJ,Classes\CLSID\{3FDCEEC6-B14B-37E2-BB69-ABC7CA0DA22F}\InProcServer32,REG_SZ,,NT AUTHORITY\SYSTEM,HKEY_LOCAL_MACHINE\Software\Classes\CLSID\{3FDCEEC6-B14B-37E2-BB69-ABC7CA0DA22F}\InProcServer32\,C:\Windows\System32\mscoree.dll
ST869VRJ,Classes\CLSID\{A759F428-E51D-4CDF-8E4C-A52B7F9927D0}\InProcServer32,REG_SZ,,BUILTIN\Administrators,HKEY_LOCAL_MACHINE\Software\Classes\CLSID\{A759F428-E51D-4CDF-8E4C-A52B7F9927D0}\InProcServer32\,C:\Program Files\Common Files\McAfee\CSP\3.0.127.0\McCSPClientAPI.dll
ST869VRJ,Classes\CLSID\{9456A480-E88B-43EA-9E73-0B2D9B71B1CA}\InProcServer32,REG_EXPAND_SZ,,NT AUTHORITY\SYSTEM,HKEY_LOCAL_MACHINE\Software\Classes\CLSID\{9456A480-E88B-43EA-9E73-0B2D9B71B1CA}\InProcServer32\,%SystemRoot%\system32\windowscodecs.dll
ST869VRJ,Wow6432Node\Classes\CLSID\{34c10250-4e26-4950-924d-c2d3651ca94f}\InProcServer32,REG_SZ,,NT AUTHORITY\SYSTEM,HKEY_LOCAL_MACHINE\Software\Wow6432Node\Classes\CLSID\{34c10250-4e26-4950-924d-c2d3651ca94f}\InProcServer32\,C:\Windows\SysWOW64\Windows.Networking.Sockets.PushEnabledApplication.dll
ST869VRJ,Classes\CLSID\{7071EC61-663B-4bc1-A1FA-B97F3B917C55}\InProcServer32,REG_EXPAND_SZ,,NT AUTHORITY\SYSTEM,HKEY_LOCAL_MACHINE\Software\Classes\CLSID\{7071EC61-663B-4bc1-A1FA-B97F3B917C55}\InProcServer32\,%SystemRoot%\system32\connect.dll
ST869VRJ,Classes\CLSID\{55b70dec-4b3b-4e26-ae9c-9e8d131843a1}\InProcServer32,REG_SZ,,NT AUTHORITY\SYSTEM,HKEY_LOCAL_MACHINE\Software\Classes\CLSID\{55b70dec-4b3b-4e26-ae9c-9e8d131843a1}\InProcServer32\,C:\Windows\System32\msfeedsbs.dll
ST869VRJ,Classes\CLSID\{8670C736-F614-427b-8ADA-BBADC587194B}\InProcServer32,REG_SZ,,NT AUTHORITY\SYSTEM,HKEY_LOCAL_MACHINE\Software\Classes\CLSID\{8670C736-F614-427b-8ADA-BBADC587194B}\InProcServer32\,C:\Windows\System32\quartz.dll
ST869VRJ,Classes\CLSID\{A3ECBC41-581A-4476-B693-A63340462D8B}\InProcServer32,REG_SZ,,NT AUTHORITY\SYSTEM,HKEY_LOCAL_MACHINE\Software\Classes\CLSID\{A3ECBC41-581A-4476-B693-A63340462D8B}\InProcServer32\,C:\Windows\System32\quartz.dll
ST869VRJ,Classes\CLSID\{f59aa553-8309-46ca-9736-1ac3c62d6031}\InProcServer32,REG_SZ,,NT AUTHORITY\SYSTEM,HKEY_LOCAL_MACHINE\Software\Classes\CLSID\{f59aa553-8309-46ca-9736-1ac3c62d6031}\InProcServer32\,C:\Windows\System32\DeviceDisplayStatusManager.dll
ST869VRJ,Classes\CLSID\{49fc0b81-206c-407f-9f5b-106e5a3ee2d7}\InProcServer32,REG_EXPAND_SZ,,NT AUTHORITY\SYSTEM,HKEY_LOCAL_MACHINE\Software\Classes\CLSID\{49fc0b81-206c-407f-9f5b-106e5a3ee2d7}\InProcServer32\,%SystemRoot%\system32\IME\IMESC\IMSCCFG.DLL
ST869VRJ,Microsoft\Windows NT\CurrentVersion\Image File Execution Options\DllNXOptions\,REG_DWORD,NAVOPTRF.dll,NT AUTHORITY\SYSTEM,HKEY_LOCAL_MACHINE\Software\Microsoft\Windows NT\CurrentVersion\Image File Execution Options\DllNXOptions\NAVOPTRF.dll,1
ST869VRJ,Classes\CLSID\{F063A606-6748-4b89-82A0-3D19D94CE8D3}\InProcServer32,REG_SZ,,NT AUTHORITY\SYSTEM,HKEY_LOCAL_MACHINE\Software\Classes\CLSID\{F063A606-6748-4b89-82A0-3D19D94CE8D3}\InProcServer32\,C:\Windows\System32\VaultRoaming.dll
ST869VRJ,Classes\CLSID\{5408837F-F829-4B66-BE90-6965B71093E0}\InProcServer32,REG_SZ,,BUILTIN\Administrators,HKEY_LOCAL_MACHINE\Software\Classes\CLSID\{5408837F-F829-4B66-BE90-6965B71093E0}\InProcServer32\,c:\PROGRA~1\COMMON~1\mcafee\MODULE~1\MCDSPB~1.DLL
ST869VRJ,Classes\CLSID\{C41D0B30-A518-3093-A18F-364AF9E71EB7}\InProcServer32,REG_SZ,,NT AUTHORITY\SYSTEM,HKEY_LOCAL_MACHINE\Software\Classes\CLSID\{C41D0B30-A518-3093-A18F-364AF9E71EB7}\InProcServer32\,C:\Windows\System32\mscoree.dll
ST869VRJ,Classes\CLSID\{6e33091c-d2f8-4740-b55e-2e11d1477a2c}\InProcServer32,REG_EXPAND_SZ,,NT AUTHORITY\SYSTEM,HKEY_LOCAL_MACHINE\Software\Classes\CLSID\{6e33091c-d2f8-4740-b55e-2e11d1477a2c}\InProcServer32\,%SystemRoot%\system32\shimgvw.dll
ST869VRJ,Classes\CLSID\{7E4A23E2-B969-4761-BE35-1A8CED58E323}\InProcServer32,REG_EXPAND_SZ,,NT AUTHORITY\SYSTEM,HKEY_LOCAL_MACHINE\Software\Classes\CLSID\{7E4A23E2-B969-4761-BE35-1A8CED58E323}\InProcServer32\,%SystemRoot%\System32\XpsServices.dll
ST869VRJ,Classes\CLSID\{C03E8571-781E-49a1-8190-CE902D0B2CE7}\InProcServer32,REG_EXPAND_SZ,,NT AUTHORITY\SYSTEM,HKEY_LOCAL_MACHINE\Software\Classes\CLSID\{C03E8571-781E-49a1-8190-CE902D0B2CE7}\InProcServer32\,%SystemRoot%\system32\rasgcw.dll
ST869VRJ,Classes\CLSID\{90b9bce2-b6db-4fd3-8451-35917ea1081b}\InProcServer32,REG_EXPAND_SZ,,NT AUTHORITY\SYSTEM,HKEY_LOCAL_MACHINE\Software\Classes\CLSID\{90b9bce2-b6db-4fd3-8451-35917ea1081b}\InProcServer32\,%SystemRoot%\system32\explorerframe.dll
ST869VRJ,Classes\CLSID\{3050f4e1-98b5-11cf-bb82-00aa00bdce0b}\InProcServer32,REG_SZ,,NT AUTHORITY\SYSTEM,HKEY_LOCAL_MACHINE\Software\Classes\CLSID\{3050f4e1-98b5-11cf-bb82-00aa00bdce0b}\InProcServer32\,C:\Windows\System32\mshtmled.dll
ST869VRJ,Classes\CLSID\{b91a4db4-3630-11dc-9eaa-00161718cf63}\InProcServer32,REG_EXPAND_SZ,,NT AUTHORITY\SYSTEM,HKEY_LOCAL_MACHINE\Software\Classes\CLSID\{b91a4db4-3630-11dc-9eaa-00161718cf63}\InProcServer32\,%SystemRoot%\system32\shell32.dll
ST869VRJ,Classes\CLSID\{C28D8A9A-B234-4B23-8E31-1F4D1B9450CE}\InProcServer32,REG_SZ,,BUILTIN\Administrators,HKEY_LOCAL_MACHINE\Software\Classes\CLSID\{C28D8A9A-B234-4B23-8E31-1F4D1B9450CE}\InProcServer32\,C:\Program Files\Common Files\McAfee\MHN\HomeNetSvc.dll
ST869VRJ,Classes\CLSID\{858DACA2-78B4-412F-9A4E-315BBB4E1F21}\InProcServer32,REG_EXPAND_SZ,,NT AUTHORITY\SYSTEM,HKEY_LOCAL_MACHINE\Software\Classes\CLSID\{858DACA2-78B4-412F-9A4E-315BBB4E1F21}\InProcServer32\,%SystemRoot%\system32\shell32.dll
ST869VRJ,Classes\CLSID\{1649d1cf-deaf-4a68-abe8-5c9f68572fd1}\InProcServer32,REG_EXPAND_SZ,,NT AUTHORITY\SYSTEM,HKEY_LOCAL_MACHINE\Software\Classes\CLSID\{1649d1cf-deaf-4a68-abe8-5c9f68572fd1}\InProcServer32\,%SystemRoot%\system32\shell32.dll
ST869VRJ,Classes\CLSID\{34e5efee-eb08-4714-878a-11bbcbfc592b}\InProcServer32,REG_SZ,,NT AUTHORITY\SYSTEM,HKEY_LOCAL_MACHINE\Software\Classes\CLSID\{34e5efee-eb08-4714-878a-11bbcbfc592b}\InProcServer32\,C:\Windows\System32\IME\IMEJP\imjpcmld.dll
ST869VRJ,Classes\CLSID\{AA2E2C5B-0B0C-4ECC-B32B-3935269E0588}\InProcServer32,REG_EXPAND_SZ,,NT AUTHORITY\SYSTEM,HKEY_LOCAL_MACHINE\Software\Classes\CLSID\{AA2E2C5B-0B0C-4ECC-B32B-3935269E0588}\InProcServer32\,%SystemRoot%\system32\hgcpl.dll
ST869VRJ,Classes\CLSID\{212ADF89-1F86-49D0-914A-DF6C5613C81E}\InProcServer32,REG_EXPAND_SZ,,NT AUTHORITY\SYSTEM,HKEY_LOCAL_MACHINE\Software\Classes\CLSID\{212ADF89-1F86-49D0-914A-DF6C5613C81E}\InProcServer32\,%SystemRoot%\System32\NaturalLanguage6.dll
ST869VRJ,Classes\CLSID\{208D2C60-3AEA-1069-A2D7-08002B30309D}\InProcServer32,REG_EXPAND_SZ,,NT AUTHORITY\SYSTEM,HKEY_LOCAL_MACHINE\Software\Classes\CLSID\{208D2C60-3AEA-1069-A2D7-08002B30309D}\InProcServer32\,%SystemRoot%\system32\shell32.dll
ST869VRJ,CurrentControlSet\Services\sfloppy\,REG_EXPAND_SZ,ImagePath,NT AUTHORITY\SYSTEM,HKEY_LOCAL_MACHINE\SYSTEM\CurrentControlSet\Services\sfloppy\ImagePath,\SystemRoot\System32\drivers\sfloppy.sys
ST869VRJ,Classes\CLSID\{374050DD-6190-3257-8812-8230BF095147}\InProcServer32,REG_SZ,,NT AUTHORITY\SYSTEM,HKEY_LOCAL_MACHINE\Software\Classes\CLSID\{374050DD-6190-3257-8812-8230BF095147}\InProcServer32\,C:\Windows\System32\mscoree.dll
ST869VRJ,Classes\CLSID\{4B2E958D-0393-11D1-B1AB-00AA00BA3258}\InProcServer32,REG_SZ,,NT AUTHORITY\SYSTEM,HKEY_LOCAL_MACHINE\Software\Classes\CLSID\{4B2E958D-0393-11D1-B1AB-00AA00BA3258}\InProcServer32\,C:\Windows\System32\comsvcs.dll
ST869VRJ,Wow6432Node\Classes\CLSID\{2DD80115-AD1E-41F6-A219-A4F4B583D1F9}\InProcServer32,REG_SZ,,NT AUTHORITY\SYSTEM,HKEY_LOCAL_MACHINE\Software\Wow6432Node\Classes\CLSID\{2DD80115-AD1E-41F6-A219-A4F4B583D1F9}\InProcServer32\,C:\Windows\SysWOW64\WcsPlugInService.dll
ST869VRJ,Wow6432Node\Classes\CLSID\{E2E5A310-ECED-444F-81D7-ACCA6AC8A1A8}\InProcServer32,REG_SZ,,NT AUTHORITY\SYSTEM,HKEY_LOCAL_MACHINE\Software\Wow6432Node\Classes\CLSID\{E2E5A310-ECED-444F-81D7-ACCA6AC8A1A8}\InProcServer32\,C:\Windows\syswow64\wbem\Win32_TPM.dll
ST869VRJ,Classes\CLSID\{c57a6066-66a3-4d91-9eb9-41532179f0a5}\InProcServer32,REG_EXPAND_SZ,,NT AUTHORITY\SYSTEM,HKEY_LOCAL_MACHINE\Software\Classes\CLSID\{c57a6066-66a3-4d91-9eb9-41532179f0a5}\InProcServer32\,%SystemRoot%\System32\shell32.dll
ST869VRJ,Classes\CLSID\{7F75058C-9A21-4F22-A7CA-110205479EF9}\InProcServer32,REG_EXPAND_SZ,,NT AUTHORITY\SYSTEM,HKEY_LOCAL_MACHINE\Software\Classes\CLSID\{7F75058C-9A21-4F22-A7CA-110205479EF9}\InProcServer32\,%SystemRoot%\System32\UserLanguagesCpl.dll
ST869VRJ,Classes\CLSID\{9e752621-4573-4308-81c6-9f210db29e85}\InProcServer32,REG_EXPAND_SZ,,NT AUTHORITY\SYSTEM,HKEY_LOCAL_MACHINE\Software\Classes\CLSID\{9e752621-4573-4308-81c6-9f210db29e85}\InProcServer32\,%SystemRoot%\system32\shell32.dll
ST869VRJ,Classes\CLSID\{495DC25F-9EDE-47B4-968D-445A91B5C73E}\InProcServer32,REG_SZ,,BUILTIN\Administrators,HKEY_LOCAL_MACHINE\Software\Classes\CLSID\{495DC25F-9EDE-47B4-968D-445A91B5C73E}\InProcServer32\,c:\PROGRA~1\COMMON~1\mcafee\platform\mcdspwrp.dll
ST869VRJ,Classes\CLSID\{48da6741-1bf0-4a44-8325-293086c79077}\InProcServer32,REG_EXPAND_SZ,,NT AUTHORITY\SYSTEM,HKEY_LOCAL_MACHINE\Software\Classes\CLSID\{48da6741-1bf0-4a44-8325-293086c79077}\InProcServer32\,%SystemRoot%\system32\iasdatastore.dll
ST869VRJ,Classes\CLSID\{7F4F2318-4AF6-432b-B957-B30D0779234E}\InProcServer32,REG_SZ,,NT AUTHORITY\SYSTEM,HKEY_LOCAL_MACHINE\Software\Classes\CLSID\{7F4F2318-4AF6-432b-B957-B30D0779234E}\InProcServer32\,C:\Windows\System32\shell32.dll
ST869VRJ,Classes\CLSID\{48C6E96F-A2F3-33E7-BA7F-C8F74866760B}\InProcServer32,REG_SZ,,NT AUTHORITY\SYSTEM,HKEY_LOCAL_MACHINE\Software\Classes\CLSID\{48C6E96F-A2F3-33E7-BA7F-C8F74866760B}\InProcServer32\,C:\Windows\System32\mscoree.dll
ST869VRJ,Classes\CLSID\{A7EE7F34-3BD1-427f-9231-F941E9B7E1FE}\InProcServer32,REG_SZ,,NT AUTHORITY\SYSTEM,HKEY_LOCAL_MACHINE\Software\Classes\CLSID\{A7EE7F34-3BD1-427f-9231-F941E9B7E1FE}\InProcServer32\,C:\Windows\System32\Dxtrans.dll
ST869VRJ,Classes\CLSID\{BD84B381-8CA2-1069-AB1D-08000948F534}\InProcServer32,REG_EXPAND_SZ,,NT AUTHORITY\SYSTEM,HKEY_LOCAL_MACHINE\Software\Classes\CLSID\{BD84B381-8CA2-1069-AB1D-08000948F534}\InProcServer32\,%SystemRoot%\system32\panmap.dll
ST869VRJ,Wow6432Node\Classes\CLSID\{45234E3E-61CC-4311-A3AB-248082554482}\InProcServer32,REG_SZ,,NT AUTHORITY\SYSTEM,HKEY_LOCAL_MACHINE\Software\Wow6432Node\Classes\CLSID\{45234E3E-61CC-4311-A3AB-248082554482}\InProcServer32\,C:\Windows\SysWOW64\termmgr.dll
ST869VRJ,Classes\CLSID\{1c5346b8-63e1-4c2b-b125-3c5db94e946c}\InProcServer32,REG_EXPAND_SZ,,NT AUTHORITY\SYSTEM,HKEY_LOCAL_MACHINE\Software\Classes\CLSID\{1c5346b8-63e1-4c2b-b125-3c5db94e946c}\InProcServer32\,%SystemRoot%\system32\IME\IMETC\applets\imtcskf.dll
ST869VRJ,Classes\CLSID\{C185ECE5-0720-472c-B407-9BB4E8DD5E72}\InProcServer32,REG_SZ,,NT AUTHORITY\SYSTEM,HKEY_LOCAL_MACHINE\Software\Classes\CLSID\{C185ECE5-0720-472c-B407-9BB4E8DD5E72}\InProcServer32\,C:\Windows\System32\Windows.UI.Immersive.dll
ST869VRJ,Classes\CLSID\{3CE74DE4-53D3-4D74-8B83-431B3828BA53}\InProcServer32,REG_EXPAND_SZ,,NT AUTHORITY\SYSTEM,HKEY_LOCAL_MACHINE\Software\Classes\CLSID\{3CE74DE4-53D3-4D74-8B83-431B3828BA53}\InProcServer32\,%SystemRoot%\System32\msctf.dll
ST869VRJ,Classes\CLSID\{B115690A-EA02-48D5-A231-E3578D2FDF80}\InProcServer32,REG_EXPAND_SZ,,NT AUTHORITY\SYSTEM,HKEY_LOCAL_MACHINE\Software\Classes\CLSID\{B115690A-EA02-48D5-A231-E3578D2FDF80}\InProcServer32\,%SystemRoot%\system32\IME\IMETC\IMTCTIP.DLL
ST869VRJ,Classes\CLSID\{EBB08C45-6C4A-4FDC-AE53-4EB8C4C7DB8E}\InProcServer32,REG_EXPAND_SZ,,NT AUTHORITY\SYSTEM,HKEY_LOCAL_MACHINE\Software\Classes\CLSID\{EBB08C45-6C4A-4FDC-AE53-4EB8C4C7DB8E}\InProcServer32\,%SystemRoot%\System32\msctf.dll
ST869VRJ,Classes\CLSID\{576C5669-E07F-4a1b-9A7A-8F85D944283B}\InProcServer32,REG_EXPAND_SZ,,NT AUTHORITY\SYSTEM,HKEY_LOCAL_MACHINE\Software\Classes\CLSID\{576C5669-E07F-4a1b-9A7A-8F85D944283B}\InProcServer32\,%SystemRoot%\system32\explorerframe.dll
ST869VRJ,Classes\CLSID\{6047F837-D527-467E-9DC1-6D51F92D9E45}\InProcServer32,REG_SZ,,NT AUTHORITY\SYSTEM,HKEY_LOCAL_MACHINE\Software\Classes\CLSID\{6047F837-D527-467E-9DC1-6D51F92D9E45}\InProcServer32\,C:\Program Files\Windows NT\Accessories\WordpadFilter.dll
ST869VRJ,Classes\CLSID\{DAFB2462-2A5B-3818-B17E-602984FE1BB0}\InProcServer32,REG_SZ,,NT AUTHORITY\SYSTEM,HKEY_LOCAL_MACHINE\Software\Classes\CLSID\{DAFB2462-2A5B-3818-B17E-602984FE1BB0}\InProcServer32\,C:\Windows\System32\mscoree.dll
ST869VRJ,Classes\CLSID\{ff9e6131-a8c1-4188-aa03-82e9f10a05a8}\InProcServer32,REG_EXPAND_SZ,,NT AUTHORITY\SYSTEM,HKEY_LOCAL_MACHINE\Software\Classes\CLSID\{ff9e6131-a8c1-4188-aa03-82e9f10a05a8}\InProcServer32\,%SystemRoot%\system32\shell32.dll
ST869VRJ,Classes\CLSID\{6746c347-576b-4f73-9012-cdfeea251bc4}\InProcServer32,REG_EXPAND_SZ,,NT AUTHORITY\SYSTEM,HKEY_LOCAL_MACHINE\Software\Classes\CLSID\{6746c347-576b-4f73-9012-cdfeea251bc4}\InProcServer32\,%SystemRoot%\system32\SearchFolder.dll
ST869VRJ,Classes\CLSID\{DBD71B6B-F717-4A61-A914-2337BC50B0D6}\InProcServer32,REG_EXPAND_SZ,,NT AUTHORITY\SYSTEM,HKEY_LOCAL_MACHINE\Software\Classes\CLSID\{DBD71B6B-F717-4A61-A914-2337BC50B0D6}\InProcServer32\,%SystemRoot%\system32\tscfgwmi.dll
ST869VRJ,CurrentControlSet\Services\Themes\Parameters\,REG_EXPAND_SZ,ServiceDll,NT AUTHORITY\SYSTEM,HKEY_LOCAL_MACHINE\SYSTEM\CurrentControlSet\Services\Themes\Parameters\ServiceDll,%SystemRoot%\system32\themeservice.dll
ST869VRJ,Classes\CLSID\{7478EF69-8C46-11d1-8D99-00A0C913CAD4}\InProcServer32,REG_EXPAND_SZ,,NT AUTHORITY\SYSTEM,HKEY_LOCAL_MACHINE\Software\Classes\CLSID\{7478EF69-8C46-11d1-8D99-00A0C913CAD4}\InProcServer32\,%SystemRoot%\System32\wdc.dll
ST869VRJ,Classes\CLSID\{06290BDB-48AA-11D2-8432-006008C3FBFC}\InProcServer32,REG_SZ,,NT AUTHORITY\SYSTEM,HKEY_LOCAL_MACHINE\Software\Classes\CLSID\{06290BDB-48AA-11D2-8432-006008C3FBFC}\InProcServer32\,C:\Windows\System32\scrobj.dll
ST869VRJ,Classes\CLSID\{D9F6EE60-58C9-458B-88E1-2F908FD7F87C}\InProcServer32,REG_EXPAND_SZ,,NT AUTHORITY\SYSTEM,HKEY_LOCAL_MACHINE\Software\Classes\CLSID\{D9F6EE60-58C9-458B-88E1-2F908FD7F87C}\InProcServer32\,%SystemRoot%\System32\Speech\Common\sapi.dll
ST869VRJ,CurrentControlSet\Services\Power\Parameters\,REG_EXPAND_SZ,ServiceDll,NT AUTHORITY\SYSTEM,HKEY_LOCAL_MACHINE\SYSTEM\CurrentControlSet\Services\Power\Parameters\ServiceDll,%SystemRoot%\system32\umpo.dll
ST869VRJ,Classes\CLSID\{4A6B8BAD-9872-4525-A812-71A52367DC17}\InProcServer32,REG_EXPAND_SZ,,NT AUTHORITY\SYSTEM,HKEY_LOCAL_MACHINE\Software\Classes\CLSID\{4A6B8BAD-9872-4525-A812-71A52367DC17}\InProcServer32\,%SystemRoot%\System32\rasgcw.dll
ST869VRJ,Classes\CLSID\{127b106b-b42e-4cd8-b08a-22b66a1c7877}\InProcServer32,REG_SZ,,NT AUTHORITY\SYSTEM,HKEY_LOCAL_MACHINE\Software\Classes\CLSID\{127b106b-b42e-4cd8-b08a-22b66a1c7877}\InProcServer32\,C:\Windows\System32\IME\SHARED\imesearchps.dll
ST869VRJ,Classes\CLSID\{8A899610-150A-40DB-B57A-940EDB3203CE}\InProcServer32,REG_EXPAND_SZ,,NT AUTHORITY\SYSTEM,HKEY_LOCAL_MACHINE\Software\Classes\CLSID\{8A899610-150A-40DB-B57A-940EDB3203CE}\InProcServer32\,%SystemRoot%\System32\NaturalLanguage6.dll
ST869VRJ,CurrentControlSet\Services\RasSstp\,REG_EXPAND_SZ,ImagePath,NT AUTHORITY\SYSTEM,HKEY_LOCAL_MACHINE\SYSTEM\CurrentControlSet\Services\RasSstp\ImagePath,\SystemRoot\system32\DRIVERS\rassstp.sys
ST869VRJ,Classes\CLSID\{e22ad333-b25f-460c-83d0-0581107395c9}\InProcServer32,REG_SZ,,NT AUTHORITY\SYSTEM,HKEY_LOCAL_MACHINE\Software\Classes\CLSID\{e22ad333-b25f-460c-83d0-0581107395c9}\InProcServer32\,C:\Windows\System32\uiautomationcore.dll
ST869VRJ,Microsoft\Windows NT\CurrentVersion\Image File Execution Options\DllNXOptions\,REG_DWORD,xlmlEN.dll,NT AUTHORITY\SYSTEM,HKEY_LOCAL_MACHINE\Software\Microsoft\Windows NT\CurrentVersion\Image File Execution Options\DllNXOptions\xlmlEN.dll,1
ST869VRJ,Classes\CLSID\{184132B8-32F8-4784-9131-DD7224B23438}\InProcServer32,REG_EXPAND_SZ,,NT AUTHORITY\SYSTEM,HKEY_LOCAL_MACHINE\Software\Classes\CLSID\{184132B8-32F8-4784-9131-DD7224B23438}\InProcServer32\,%SystemRoot%\system32\windowscodecs.dll
ST869VRJ,Classes\CLSID\{F82B4EF1-93A9-4DDE-8015-F7950A1A6E31}\InProcServer32,REG_EXPAND_SZ,,NT AUTHORITY\SYSTEM,HKEY_LOCAL_MACHINE\Software\Classes\CLSID\{F82B4EF1-93A9-4DDE-8015-F7950A1A6E31}\InProcServer32\,%SystemRoot%\system32\Syncreg.dll
ST869VRJ,Classes\CLSID\{5326dddc-ec38-428d-b219-ce6dadb35de3}\InProcServer32,REG_EXPAND_SZ,,NT AUTHORITY\SYSTEM,HKEY_LOCAL_MACHINE\Software\Classes\CLSID\{5326dddc-ec38-428d-b219-ce6dadb35de3}\InProcServer32\,%SystemRoot%\system32\van.dll
ST869VRJ,Classes\CLSID\{74807f67-0058-440d-8600-65541a7fbbea}\InProcServer32,REG_SZ,,NT AUTHORITY\SYSTEM,HKEY_LOCAL_MACHINE\Software\Classes\CLSID\{74807f67-0058-440d-8600-65541a7fbbea}\InProcServer32\,C:\Windows\System32\rshx32.dll
ST869VRJ,Classes\CLSID\{181D6C15-60A6-4BC7-A8E7-389D5BFE4841}\InProcServer32,REG_SZ,,NT AUTHORITY\SYSTEM,HKEY_LOCAL_MACHINE\Software\Classes\CLSID\{181D6C15-60A6-4BC7-A8E7-389D5BFE4841}\InProcServer32\,C:\Windows\System32\ieframe.dll
ST869VRJ,Classes\CLSID\{c4bbedb4-e9b9-4e41-8fe1-0786480a2173}\InProcServer32,REG_SZ,,NT AUTHORITY\SYSTEM,HKEY_LOCAL_MACHINE\Software\Classes\CLSID\{c4bbedb4-e9b9-4e41-8fe1-0786480a2173}\InProcServer32\,C:\Windows\System32\RasDiag.dll
ST869VRJ,Classes\CLSID\{8833BC41-DC6B-34B9-A799-682D2554F02F}\InProcServer32,REG_SZ,,NT AUTHORITY\SYSTEM,HKEY_LOCAL_MACHINE\Software\Classes\CLSID\{8833BC41-DC6B-34B9-A799-682D2554F02F}\InProcServer32\,C:\Windows\System32\mscoree.dll
ST869VRJ,Classes\CLSID\{E30629D1-27E5-11CE-875D-00608CB78066}\InProcServer32,REG_SZ,,NT AUTHORITY\SYSTEM,HKEY_LOCAL_MACHINE\Software\Classes\CLSID\{E30629D1-27E5-11CE-875D-00608CB78066}\InProcServer32\,C:\Windows\System32\quartz.dll
ST869VRJ,Classes\CLSID\{2C256447-3F0D-4CBB-9D12-575BB20CDA0A}\InProcServer32,REG_SZ,,NT AUTHORITY\SYSTEM,HKEY_LOCAL_MACHINE\Software\Classes\CLSID\{2C256447-3F0D-4CBB-9D12-575BB20CDA0A}\InProcServer32\,C:\Windows\System32\faultrep.dll
ST869VRJ,Classes\CLSID\{24D568C5-F3AE-4F91-9CD9-AA18876DA7C2}\InProcServer32,REG_EXPAND_SZ,,NT AUTHORITY\SYSTEM,HKEY_LOCAL_MACHINE\Software\Classes\CLSID\{24D568C5-F3AE-4F91-9CD9-AA18876DA7C2}\InProcServer32\,%SystemRoot%\System32\hgcpl.dll
ST869VRJ,Classes\CLSID\{8d1e5d4b-a99c-4408-b0f0-ccab9e5835a1}\InProcServer32,REG_EXPAND_SZ,,NT AUTHORITY\SYSTEM,HKEY_LOCAL_MACHINE\Software\Classes\CLSID\{8d1e5d4b-a99c-4408-b0f0-ccab9e5835a1}\InProcServer32\,%SystemRoot%\system32\shell32.dll
ST869VRJ,Microsoft\Internet Explorer\Extensions\{48A61126-9A19-4C50-A214-FF08CB94995C}\,REG_SZ,HotIcon,BUILTIN\Administrators,HKEY_LOCAL_MACHINE\SOFTWARE\Microsoft\Internet Explorer\Extensions\{48A61126-9A19-4C50-A214-FF08CB94995C}\HotIcon,C:\Program Files\McAfee\WebAdvisor\WebAdvisor.ico
ST869VRJ,Classes\CLSID\{C0BC4B4A-A406-4EFC-932F-B8546B8100CC}\InProcServer32,REG_EXPAND_SZ,,NT AUTHORITY\SYSTEM,HKEY_LOCAL_MACHINE\Software\Classes\CLSID\{C0BC4B4A-A406-4EFC-932F-B8546B8100CC}\InProcServer32\,%SystemRoot%\system32\upnp.dll
ST869VRJ,Classes\CLSID\{4C3EBFD5-FC72-33DC-BC37-9953EB25B8D7}\InProcServer32,REG_SZ,,NT AUTHORITY\SYSTEM,HKEY_LOCAL_MACHINE\Software\Classes\CLSID\{4C3EBFD5-FC72-33DC-BC37-9953EB25B8D7}\InProcServer32\,C:\Windows\System32\mscoree.dll
ST869VRJ,Classes\CLSID\{6EB22881-8A19-11D0-81B6-00A0C9231C29}\InProcServer32,REG_SZ,,NT AUTHORITY\SYSTEM,HKEY_LOCAL_MACHINE\Software\Classes\CLSID\{6EB22881-8A19-11D0-81B6-00A0C9231C29}\InProcServer32\,C:\Windows\System32\Com\comadmin.dll
ST869VRJ,Classes\CLSID\{4DD441AD-526D-4A77-9F1B-9841ED802FB0}\InProcServer32,REG_EXPAND_SZ,,NT AUTHORITY\SYSTEM,HKEY_LOCAL_MACHINE\Software\Classes\CLSID\{4DD441AD-526D-4A77-9F1B-9841ED802FB0}\InProcServer32\,%SystemRoot%\System32\msxml3.dll
ST869VRJ,Classes\CLSID\{1B979846-AAEB-314B-8E63-D44EF1CB9EFC}\InProcServer32,REG_SZ,,NT AUTHORITY\SYSTEM,HKEY_LOCAL_MACHINE\Software\Classes\CLSID\{1B979846-AAEB-314B-8E63-D44EF1CB9EFC}\InProcServer32\,C:\Windows\System32\mscoree.dll
ST869VRJ,Classes\CLSID\{E2085F28-FEB7-404A-B8E7-E659BDEAAA02}\InProcServer32,REG_EXPAND_SZ,,NT AUTHORITY\SYSTEM,HKEY_LOCAL_MACHINE\Software\Classes\CLSID\{E2085F28-FEB7-404A-B8E7-E659BDEAAA02}\InProcServer32\,%SystemRoot%\system32\upnp.dll
ST869VRJ,Classes\CLSID\{20b1cb23-6968-4eb9-b7d4-a66d00d07cee}\InProcServer32,REG_EXPAND_SZ,,NT AUTHORITY\SYSTEM,HKEY_LOCAL_MACHINE\Software\Classes\CLSID\{20b1cb23-6968-4eb9-b7d4-a66d00d07cee}\InProcServer32\,%SystemRoot%\system32\shell32.dll
ST869VRJ,Classes\CLSID\{D4EFF9CD-16DE-446e-83C5-9537543CF4A1}\InProcServer32,REG_EXPAND_SZ,,NT AUTHORITY\SYSTEM,HKEY_LOCAL_MACHINE\Software\Classes\CLSID\{D4EFF9CD-16DE-446e-83C5-9537543CF4A1}\InProcServer32\,%SystemRoot%\System32\sud.dll
ST869VRJ,Classes\CLSID\{0010668C-0801-4DA6-A4A4-826522B6D28F}\InProcServer32,REG_EXPAND_SZ,,NT AUTHORITY\SYSTEM,HKEY_LOCAL_MACHINE\Software\Classes\CLSID\{0010668C-0801-4DA6-A4A4-826522B6D28F}\InProcServer32\,%SystemRoot%\system32\windowscodecs.dll
ST869VRJ,Classes\CLSID\{7007ACC6-3202-11D1-AAD2-00805FC1270E}\InProcServer32,REG_EXPAND_SZ,,NT AUTHORITY\SYSTEM,HKEY_LOCAL_MACHINE\Software\Classes\CLSID\{7007ACC6-3202-11D1-AAD2-00805FC1270E}\InProcServer32\,%SystemRoot%\System32\netshell.dll
ST869VRJ,Classes\CLSID\{B1EBFC28-C9BD-47A2-8D33-B948769777A7}\InProcServer32,REG_EXPAND_SZ,,NT AUTHORITY\SYSTEM,HKEY_LOCAL_MACHINE\Software\Classes\CLSID\{B1EBFC28-C9BD-47A2-8D33-B948769777A7}\InProcServer32\,%SystemRoot%\system32\windowscodecs.dll
ST869VRJ,Classes\CLSID\{4e3c6645-b839-4a06-a27b-0190f9e6a0af}\InProcServer32,REG_EXPAND_SZ,,NT AUTHORITY\SYSTEM,HKEY_LOCAL_MACHINE\Software\Classes\CLSID\{4e3c6645-b839-4a06-a27b-0190f9e6a0af}\InProcServer32\,%SystemRoot%\System32\twinui.appcore.dll
ST869VRJ,Classes\CLSID\{B64EBEEB-A8B5-492F-B720-4E7E7005A717}\InProcServer32,REG_SZ,,BUILTIN\Administrators,HKEY_LOCAL_MACHINE\Software\Classes\CLSID\{B64EBEEB-A8B5-492F-B720-4E7E7005A717}\InProcServer32\,c:\PROGRA~1\mcafee\vul\mcvuldbu.dll
ST869VRJ,Classes\CLSID\{E2765AC3-564C-40F9-AC12-CD393FBAAB0F}\InProcServer32,REG_EXPAND_SZ,,NT AUTHORITY\SYSTEM,HKEY_LOCAL_MACHINE\Software\Classes\CLSID\{E2765AC3-564C-40F9-AC12-CD393FBAAB0F}\InProcServer32\,%SystemRoot%\system32\ntshrui.dll
ST869VRJ,Classes\CLSID\{652527C4-4A72-4bd3-BFAB-4B06AB172D7C}\InProcServer32,REG_EXPAND_SZ,,NT AUTHORITY\SYSTEM,HKEY_LOCAL_MACHINE\Software\Classes\CLSID\{652527C4-4A72-4bd3-BFAB-4B06AB172D7C}\InProcServer32\,%SystemRoot%\system32\explorerframe.dll
ST869VRJ,Classes\CLSID\{94596c7e-3744-41ce-893e-bbf09122f76a}\InProcServer32,REG_EXPAND_SZ,,NT AUTHORITY\SYSTEM,HKEY_LOCAL_MACHINE\Software\Classes\CLSID\{94596c7e-3744-41ce-893e-bbf09122f76a}\InProcServer32\,%SystemRoot%\system32\SmartcardCredentialProvider.dll
ST869VRJ,Classes\CLSID\{B9BC2A50-43C3-41AA-A092-5DB14E184BAE}\InProcServer32,REG_SZ,,NT AUTHORITY\SYSTEM,HKEY_LOCAL_MACHINE\Software\Classes\CLSID\{B9BC2A50-43C3-41AA-A092-5DB14E184BAE}\InProcServer32\,C:\Windows\System32\InputSwitch.dll
ST869VRJ,Classes\CLSID\{C90FB8CA-3295-4462-A721-2935E83694BA}\InProcServer32,REG_EXPAND_SZ,,NT AUTHORITY\SYSTEM,HKEY_LOCAL_MACHINE\Software\Classes\CLSID\{C90FB8CA-3295-4462-A721-2935E83694BA}\InProcServer32\,%SystemRoot%\system32\Windows.UI.Search.dll
ST869VRJ,Classes\CLSID\{75C9378A-7E89-11d2-B116-00805FC73204}\InProcServer32,REG_SZ,,NT AUTHORITY\SYSTEM,HKEY_LOCAL_MACHINE\Software\Classes\CLSID\{75C9378A-7E89-11d2-B116-00805FC73204}\InProcServer32\,C:\Windows\System32\catsrvut.dll
ST869VRJ,Classes\CLSID\{34e6abfe-e9f4-4ddf-895a-7350e198f26e}\InProcServer32,REG_SZ,,NT AUTHORITY\SYSTEM,HKEY_LOCAL_MACHINE\Software\Classes\CLSID\{34e6abfe-e9f4-4ddf-895a-7350e198f26e}\InProcServer32\,C:\Windows\System32\msfeeds.dll
ST869VRJ,Classes\CLSID\{BB06C0E4-D293-4f75-8A90-CB05B6477EEE}\InProcServer32,REG_EXPAND_SZ,,NT AUTHORITY\SYSTEM,HKEY_LOCAL_MACHINE\Software\Classes\CLSID\{BB06C0E4-D293-4f75-8A90-CB05B6477EEE}\InProcServer32\,%SystemRoot%\System32\shdocvw.dll
ST869VRJ,Classes\CLSID\{3050f664-98b5-11cf-bb82-00aa00bdce0b}\InProcServer32,REG_SZ,,NT AUTHORITY\SYSTEM,HKEY_LOCAL_MACHINE\Software\Classes\CLSID\{3050f664-98b5-11cf-bb82-00aa00bdce0b}\InProcServer32\,C:\Windows\System32\iepeers.dll
ST869VRJ,Classes\CLSID\{60134A79-1A65-41b5-AC93-8443DB17D3A2}\InProcServer32,REG_EXPAND_SZ,,NT AUTHORITY\SYSTEM,HKEY_LOCAL_MACHINE\Software\Classes\CLSID\{60134A79-1A65-41b5-AC93-8443DB17D3A2}\InProcServer32\,%SystemRoot%\system32\authui.dll
ST869VRJ,Wow6432Node\Classes\CLSID\{101193C0-0BFE-11D0-AF91-00AA00B67A42}\InProcServer32,REG_SZ,,NT AUTHORITY\SYSTEM,HKEY_LOCAL_MACHINE\Software\Wow6432Node\Classes\CLSID\{101193C0-0BFE-11D0-AF91-00AA00B67A42}\InProcServer32\,C:\Windows\SysWOW64\qdv.dll
ST869VRJ,Classes\CLSID\{CE510457-55EC-4f86-91BE-323BC91AC34F}\InProcServer32,REG_EXPAND_SZ,,NT AUTHORITY\SYSTEM,HKEY_LOCAL_MACHINE\Software\Classes\CLSID\{CE510457-55EC-4f86-91BE-323BC91AC34F}\InProcServer32\,%SystemRoot%\system32\usercpl.dll
ST869VRJ,Classes\CLSID\{1531d583-8375-4d3f-b5fb-d23bbd169f22}\InProcServer32,REG_EXPAND_SZ,,NT AUTHORITY\SYSTEM,HKEY_LOCAL_MACHINE\Software\Classes\CLSID\{1531d583-8375-4d3f-b5fb-d23bbd169f22}\InProcServer32\,%SystemRoot%\system32\shell32.dll
ST869VRJ,Classes\CLSID\{83472593-4fe6-4f44-a14c-fc8d4b4ff3f5}\InProcServer32,REG_EXPAND_SZ,,NT AUTHORITY\SYSTEM,HKEY_LOCAL_MACHINE\Software\Classes\CLSID\{83472593-4fe6-4f44-a14c-fc8d4b4ff3f5}\InProcServer32\,%SystemRoot%\system32\shell32.dll
ST869VRJ,Classes\CLSID\{BCED617B-EC03-420b-8508-977DC7A686BD}\InProcServer32,REG_SZ,,NT AUTHORITY\SYSTEM,HKEY_LOCAL_MACHINE\Software\Classes\CLSID\{BCED617B-EC03-420b-8508-977DC7A686BD}\InProcServer32\,C:\Windows\System32\WSMAUTO.DLL
ST869VRJ,Classes\CLSID\{4db26476-6787-4046-b836-e8412a9e8a27}\InProcServer32,REG_SZ,,NT AUTHORITY\SYSTEM,HKEY_LOCAL_MACHINE\Software\Classes\CLSID\{4db26476-6787-4046-b836-e8412a9e8a27}\InProcServer32\,C:\Windows\System32\thumbcache.dll
ST869VRJ,Classes\CLSID\{BD7EC3D0-8A8F-4ab8-9070-07997206D505}\InProcServer32,REG_SZ,,BUILTIN\Administrators,HKEY_LOCAL_MACHINE\Software\Classes\CLSID\{BD7EC3D0-8A8F-4ab8-9070-07997206D505}\InProcServer32\,c:\PROGRA~1\mcafee\mpf\mpfpp.dll
ST869VRJ,Classes\CLSID\{934D4698-6A59-48f8-9F29-9FB30670320E}\InProcServer32,REG_EXPAND_SZ,,NT AUTHORITY\SYSTEM,HKEY_LOCAL_MACHINE\Software\Classes\CLSID\{934D4698-6A59-48f8-9F29-9FB30670320E}\InProcServer32\,%SystemRoot%\System32\StructuredQuery.dll
ST869VRJ,Classes\CLSID\{AD6E7ABF-E06F-4ff6-B734-D04F22DAE042}\InProcServer32,REG_SZ,,BUILTIN\Administrators,HKEY_LOCAL_MACHINE\Software\Classes\CLSID\{AD6E7ABF-E06F-4ff6-B734-D04F22DAE042}\InProcServer32\,c:\PROGRA~1\mcafee\msc\mcmscshm.dll
ST869VRJ,Classes\CLSID\{32665929-D77E-4ab5-8C08-FBF409B8A233}\InProcServer32,REG_EXPAND_SZ,,NT AUTHORITY\SYSTEM,HKEY_LOCAL_MACHINE\Software\Classes\CLSID\{32665929-D77E-4ab5-8C08-FBF409B8A233}\InProcServer32\,%SystemRoot%\system32\UIRibbon.dll
ST869VRJ,Classes\CLSID\{3080F90E-D7AD-11D9-BD98-0000947B0257}\InProcServer32,REG_EXPAND_SZ,,NT AUTHORITY\SYSTEM,HKEY_LOCAL_MACHINE\Software\Classes\CLSID\{3080F90E-D7AD-11D9-BD98-0000947B0257}\InProcServer32\,%SystemRoot%\System32\shell32.dll
ST869VRJ,Classes\CLSID\{C0B19DEF-9E2A-48cd-B438-26663E22B025}\InProcServer32,REG_EXPAND_SZ,,NT AUTHORITY\SYSTEM,HKEY_LOCAL_MACHINE\Software\Classes\CLSID\{C0B19DEF-9E2A-48cd-B438-26663E22B025}\InProcServer32\,%SystemRoot%\system32\twinui.dll
ST869VRJ,Classes\CLSID\{7C48D08B-0DA5-4BA4-9C6E-4BB65DEB2005}\InProcServer32,REG_EXPAND_SZ,,NT AUTHORITY\SYSTEM,HKEY_LOCAL_MACHINE\Software\Classes\CLSID\{7C48D08B-0DA5-4BA4-9C6E-4BB65DEB2005}\InProcServer32\,%SystemRoot%\System32\twinui.dll
ST869VRJ,Classes\CLSID\{D969A300-E7FF-11d0-A93B-00A0C90F2719}\InProcServer32,REG_EXPAND_SZ,,NT AUTHORITY\SYSTEM,HKEY_LOCAL_MACHINE\Software\Classes\CLSID\{D969A300-E7FF-11d0-A93B-00A0C90F2719}\InProcServer32\,%SystemRoot%\system32\shell32.dll
ST869VRJ,CurrentControlSet\Services\FxPPM\,REG_EXPAND_SZ,ImagePath,NT AUTHORITY\SYSTEM,HKEY_LOCAL_MACHINE\SYSTEM\CurrentControlSet\Services\FxPPM\ImagePath,\SystemRoot\System32\drivers\fxppm.sys
ST869VRJ,Classes\CLSID\{49E62177-F1B8-4af7-AF05-1D8731E09A08}\InProcServer32,REG_SZ,,BUILTIN\Administrators,HKEY_LOCAL_MACHINE\Software\Classes\CLSID\{49E62177-F1B8-4af7-AF05-1D8731E09A08}\InProcServer32\,c:\PROGRA~1\mcafee\mps\mpsevh.dll
ST869VRJ,Classes\CLSID\{2968B3C3-CC07-40BE-B78F-094B7C310479}\InProcServer32,REG_EXPAND_SZ,,NT AUTHORITY\SYSTEM,HKEY_LOCAL_MACHINE\Software\Classes\CLSID\{2968B3C3-CC07-40BE-B78F-094B7C310479}\InProcServer32\,%SystemRoot%\system32\Vault.dll
ST869VRJ,Classes\CLSID\{1F046ABF-3202-4DC1-8CB5-3C67617CE1FA}\InProcServer32,REG_EXPAND_SZ,,NT AUTHORITY\SYSTEM,HKEY_LOCAL_MACHINE\Software\Classes\CLSID\{1F046ABF-3202-4DC1-8CB5-3C67617CE1FA}\InProcServer32\,%SystemRoot%\system32\dwmapi.dll
ST869VRJ,Classes\CLSID\{88c524ca-551b-4c01-9a42-cdb16b745291}\InProcServer32,REG_SZ,,NT AUTHORITY\SYSTEM,HKEY_LOCAL_MACHINE\Software\Classes\CLSID\{88c524ca-551b-4c01-9a42-cdb16b745291}\InProcServer32\,C:\Windows\System32\IME\IMEJP\imjpapi.dll
ST869VRJ,Classes\CLSID\{D51BD5A2-7548-11CF-A520-0080C77EF58A}\InProcServer32,REG_SZ,,NT AUTHORITY\SYSTEM,HKEY_LOCAL_MACHINE\Software\Classes\CLSID\{D51BD5A2-7548-11CF-A520-0080C77EF58A}\InProcServer32\,C:\Windows\System32\quartz.dll
ST869VRJ,Classes\CLSID\{5D429AF6-D20F-4363-B378-C4AA2FA685EE}\InProcServer32,REG_EXPAND_SZ,,NT AUTHORITY\SYSTEM,HKEY_LOCAL_MACHINE\Software\Classes\CLSID\{5D429AF6-D20F-4363-B378-C4AA2FA685EE}\InProcServer32\,%SystemRoot%\System32\oobe\msoobedui.dll
ST869VRJ,Classes\CLSID\{8596E5F0-0DA5-11D0-BD21-00A0C911CE86}\InProcServer32,REG_SZ,,NT AUTHORITY\SYSTEM,HKEY_LOCAL_MACHINE\Software\Classes\CLSID\{8596E5F0-0DA5-11D0-BD21-00A0C911CE86}\InProcServer32\,C:\Windows\System32\qcap.dll
ST869VRJ,CurrentControlSet\Services\UALSVC\Parameters\,REG_EXPAND_SZ,ServiceDll,NT AUTHORITY\SYSTEM,HKEY_LOCAL_MACHINE\SYSTEM\CurrentControlSet\Services\UALSVC\Parameters\ServiceDll,%SystemRoot%\System32\ualsvc.dll
ST869VRJ,Classes\CLSID\{2A7B042D-578A-4366-9A3D-154C0498458E}\InProcServer32,REG_SZ,,NT AUTHORITY\SYSTEM,HKEY_LOCAL_MACHINE\Software\Classes\CLSID\{2A7B042D-578A-4366-9A3D-154C0498458E}\InProcServer32\,C:\Windows\System32\mscoree.dll
ST869VRJ,Classes\CLSID\{727af81a-cacf-4e37-9df7-a22ed974f298}\InProcServer32,REG_EXPAND_SZ,,NT AUTHORITY\SYSTEM,HKEY_LOCAL_MACHINE\Software\Classes\CLSID\{727af81a-cacf-4e37-9df7-a22ed974f298}\InProcServer32\,%SystemRoot%\System32\twinui.appcore.dll
ST869VRJ,Classes\CLSID\{595397F6-2873-449C-954B-B2E23F89D9D7}\InProcServer32,REG_SZ,,NT AUTHORITY\SYSTEM,HKEY_LOCAL_MACHINE\Software\Classes\CLSID\{595397F6-2873-449C-954B-B2E23F89D9D7}\InProcServer32\,C:\Windows\System32\twinapi.dll
ST869VRJ,Classes\CLSID\{5C917E9C-0B2F-40D6-928B-5C43FDB16DF4}\InProcServer32,REG_EXPAND_SZ,,NT AUTHORITY\SYSTEM,HKEY_LOCAL_MACHINE\Software\Classes\CLSID\{5C917E9C-0B2F-40D6-928B-5C43FDB16DF4}\InProcServer32\,%SystemRoot%\System32\wsclient.dll
ST869VRJ,CurrentControlSet\Services\hyperkbd\,REG_EXPAND_SZ,ImagePath,NT AUTHORITY\SYSTEM,HKEY_LOCAL_MACHINE\SYSTEM\CurrentControlSet\Services\hyperkbd\ImagePath,\SystemRoot\System32\drivers\hyperkbd.sys
ST869VRJ,Classes\CLSID\{91EF7526-96DB-489D-8F61-53E2B4DC4039}\InProcServer32,REG_SZ,,NT AUTHORITY\SYSTEM,HKEY_LOCAL_MACHINE\Software\Classes\CLSID\{91EF7526-96DB-489D-8F61-53E2B4DC4039}\InProcServer32\,C:\Windows\System32\easconsent.dll
ST869VRJ,Classes\CLSID\{D212B88E-8365-4CA9-BC4E-CFA4251F6B5F}\InProcServer32,REG_SZ,,NT AUTHORITY\SYSTEM,HKEY_LOCAL_MACHINE\Software\Classes\CLSID\{D212B88E-8365-4CA9-BC4E-CFA4251F6B5F}\InProcServer32\,C:\Windows\System32\ndiscapCfg.dll
ST869VRJ,Classes\CLSID\{E4288337-873B-11D1-BAA0-00AA00BBB8C0}\InProcServer32,REG_EXPAND_SZ,,NT AUTHORITY\SYSTEM,HKEY_LOCAL_MACHINE\Software\Classes\CLSID\{E4288337-873B-11D1-BAA0-00AA00BBB8C0}\InProcServer32\,C:\Windows\System32\InputMethod\CHS\ChsIFEComp.dll
ST869VRJ,CurrentControlSet\Services\RSoPProv\,REG_EXPAND_SZ,ImagePath,NT AUTHORITY\SYSTEM,HKEY_LOCAL_MACHINE\SYSTEM\CurrentControlSet\Services\RSoPProv\ImagePath,%SystemRoot%\system32\RSoPProv.exe
ST869VRJ,Wow6432Node\Classes\CLSID\{0c449b17-06f4-4f1f-a1bf-8cd17fe5d45b}\InProcServer32,REG_SZ,,NT AUTHORITY\SYSTEM,HKEY_LOCAL_MACHINE\Software\Wow6432Node\Classes\CLSID\{0c449b17-06f4-4f1f-a1bf-8cd17fe5d45b}\InProcServer32\,C:\Windows\SysWOW64\IME\IMEJP\imjppred.dll
ST869VRJ,Classes\CLSID\{ecabafcb-7f19-11d2-978e-0000f8757e2a}\InProcServer32,REG_SZ,,NT AUTHORITY\SYSTEM,HKEY_LOCAL_MACHINE\Software\Classes\CLSID\{ecabafcb-7f19-11d2-978e-0000f8757e2a}\InProcServer32\,C:\Windows\System32\comsvcs.dll
ST869VRJ,Wow6432Node\Classes\CLSID\{0000002F-0000-0000-C000-000000000046}\InProcServer32,REG_SZ,,NT AUTHORITY\SYSTEM,HKEY_LOCAL_MACHINE\Software\Wow6432Node\Classes\CLSID\{0000002F-0000-0000-C000-000000000046}\InProcServer32\,C:\Windows\SysWOW64\oleaut32.dll
ST869VRJ,Classes\CLSID\{35A069A1-A029-46AF-B531-454C0F66D61F}\InProcServer32,REG_EXPAND_SZ,,NT AUTHORITY\SYSTEM,HKEY_LOCAL_MACHINE\Software\Classes\CLSID\{35A069A1-A029-46AF-B531-454C0F66D61F}\InProcServer32\,%SystemRoot%\system32\NetworkStatus.dll
ST869VRJ,Classes\CLSID\{F3C633A2-46C8-498E-8FBB-CC6F721BBCDE}\InProcServer32,REG_EXPAND_SZ,,NT AUTHORITY\SYSTEM,HKEY_LOCAL_MACHINE\Software\Classes\CLSID\{F3C633A2-46C8-498E-8FBB-CC6F721BBCDE}\InProcServer32\,%SystemRoot%\system32\windowscodecs.dll
ST869VRJ,Wow6432Node\Classes\CLSID\{4ea9a1b7-e521-4813-a9f8-ba6484902cb5}\InProcServer32,REG_SZ,,NT AUTHORITY\SYSTEM,HKEY_LOCAL_MACHINE\Software\Wow6432Node\Classes\CLSID\{4ea9a1b7-e521-4813-a9f8-ba6484902cb5}\InProcServer32\,C:\Windows\SysWOW64\Smbhelperclass.dll
ST869VRJ,Classes\CLSID\{ad974ae2-e292-4083-a280-0342d68daf55}\InProcServer32,REG_EXPAND_SZ,,NT AUTHORITY\SYSTEM,HKEY_LOCAL_MACHINE\Software\Classes\CLSID\{ad974ae2-e292-4083-a280-0342d68daf55}\InProcServer32\,%SystemRoot%\system32\shell32.dll
ST869VRJ,Classes\CLSID\{03837547-098B-11D8-9414-505054503030}\InProcServer32,REG_EXPAND_SZ,,NT AUTHORITY\SYSTEM,HKEY_LOCAL_MACHINE\Software\Classes\CLSID\{03837547-098B-11D8-9414-505054503030}\InProcServer32\,%SystemRoot%\System32\pla.dll
ST869VRJ,Classes\CLSID\{6756A641-DE71-11d0-831B-00AA005B4383}\InProcServer32,REG_EXPAND_SZ,,NT AUTHORITY\SYSTEM,HKEY_LOCAL_MACHINE\Software\Classes\CLSID\{6756A641-DE71-11d0-831B-00AA005B4383}\InProcServer32\,%SystemRoot%\system32\shell32.dll
ST869VRJ,Classes\CLSID\{896664F7-12E1-490f-8782-C0835AFD98FC}\InProcServer32,REG_EXPAND_SZ,,NT AUTHORITY\SYSTEM,HKEY_LOCAL_MACHINE\Software\Classes\CLSID\{896664F7-12E1-490f-8782-C0835AFD98FC}\InProcServer32\,%SystemRoot%\System32\shell32.dll
ST869VRJ,Classes\CLSID\{3D112E22-62B2-11D1-9FEF-00600832DB4A}\InProcServer32,REG_EXPAND_SZ,,NT AUTHORITY\SYSTEM,HKEY_LOCAL_MACHINE\Software\Classes\CLSID\{3D112E22-62B2-11D1-9FEF-00600832DB4A}\InProcServer32\,%SystemRoot%\system32\cic.dll
ST869VRJ,Classes\CLSID\{a3037d66-c043-4f54-91a0-2cdb642e7718}\InProcServer32,REG_SZ,,NT AUTHORITY\SYSTEM,HKEY_LOCAL_MACHINE\Software\Classes\CLSID\{a3037d66-c043-4f54-91a0-2cdb642e7718}\InProcServer32\,C:\Windows\System32\IME\shared\imetip.dll
ST869VRJ,Classes\CLSID\{5FA29220-36A1-40f9-89C6-F4B384B7642E}\InProcServer32,REG_SZ,,NT AUTHORITY\SYSTEM,HKEY_LOCAL_MACHINE\Software\Classes\CLSID\{5FA29220-36A1-40f9-89C6-F4B384B7642E}\InProcServer32\,C:\Windows\System32\inetcomm.dll
ST869VRJ,Classes\CLSID\{A4B544A1-438D-4B41-9325-869523E2D6C7}\InProcServer32,REG_EXPAND_SZ,,NT AUTHORITY\SYSTEM,HKEY_LOCAL_MACHINE\Software\Classes\CLSID\{A4B544A1-438D-4B41-9325-869523E2D6C7}\InProcServer32\,%SystemRoot%\System32\msctf.dll
ST869VRJ,Classes\CLSID\{2763BE6B-F8CF-39D9-A2E8-9E9815C0815E}\InProcServer32,REG_SZ,,NT AUTHORITY\SYSTEM,HKEY_LOCAL_MACHINE\Software\Classes\CLSID\{2763BE6B-F8CF-39D9-A2E8-9E9815C0815E}\InProcServer32\,C:\Windows\System32\mscoree.dll
ST869VRJ,Classes\CLSID\{692A9F02-84DE-468b-A549-B30AEC43FFF2}\InProcServer32,REG_EXPAND_SZ,,NT AUTHORITY\SYSTEM,HKEY_LOCAL_MACHINE\Software\Classes\CLSID\{692A9F02-84DE-468b-A549-B30AEC43FFF2}\InProcServer32\,%SystemRoot%\system32\twinui.dll
ST869VRJ,Classes\CLSID\{0F7650EE-9AFA-47B4-9BE7-F74D9D3C41D7}\InProcServer32,REG_EXPAND_SZ,,NT AUTHORITY\SYSTEM,HKEY_LOCAL_MACHINE\Software\Classes\CLSID\{0F7650EE-9AFA-47B4-9BE7-F74D9D3C41D7}\InProcServer32\,%SystemRoot%\System32\twinui.appcore.dll
ST869VRJ,Classes\CLSID\{E23CE3EB-5608-4E83-BCEF-27B1987E51D7}\InProcServer32,REG_EXPAND_SZ,,NT AUTHORITY\SYSTEM,HKEY_LOCAL_MACHINE\Software\Classes\CLSID\{E23CE3EB-5608-4E83-BCEF-27B1987E51D7}\InProcServer32\,%SystemRoot%\system32\windowscodecs.dll
ST869VRJ,Classes\CLSID\{0000002F-0000-0000-C000-000000000046}\InProcServer32,REG_SZ,,NT AUTHORITY\SYSTEM,HKEY_LOCAL_MACHINE\Software\Classes\CLSID\{0000002F-0000-0000-C000-000000000046}\InProcServer32\,C:\Windows\System32\oleaut32.dll
ST869VRJ,Classes\CLSID\{76F363F2-7E9F-4ED7-A6A7-EE30351B6628}\InProcServer32,REG_SZ,,NT AUTHORITY\SYSTEM,HKEY_LOCAL_MACHINE\Software\Classes\CLSID\{76F363F2-7E9F-4ED7-A6A7-EE30351B6628}\InProcServer32\,C:\Windows\System32\Dxtmsft.dll
ST869VRJ,Classes\CLSID\{30C3B080-30FB-11d0-B724-00AA006C1A01}\InProcServer32,REG_SZ,,NT AUTHORITY\SYSTEM,HKEY_LOCAL_MACHINE\Software\Classes\CLSID\{30C3B080-30FB-11d0-B724-00AA006C1A01}\InProcServer32\,C:\Windows\System32\imgutil.dll
ST869VRJ,Classes\CLSID\{3050f3DA-98B5-11CF-BB82-00AA00BDCE0B}\InProcServer32,REG_SZ,,NT AUTHORITY\SYSTEM,HKEY_LOCAL_MACHINE\Software\Classes\CLSID\{3050f3DA-98B5-11CF-BB82-00AA00BDCE0B}\InProcServer32\,C:\Windows\System32\mshtml.dll
ST869VRJ,Classes\CLSID\{B80AB0A0-7416-11D2-9EEB-006008039E37}\InProcServer32,REG_SZ,,NT AUTHORITY\SYSTEM,HKEY_LOCAL_MACHINE\Software\Classes\CLSID\{B80AB0A0-7416-11D2-9EEB-006008039E37}\InProcServer32\,C:\Windows\System32\quartz.dll
ST869VRJ,Classes\CLSID\{3A66787A-8B15-4321-A09D-6E862D2DD2D4}\InProcServer32,REG_EXPAND_SZ,,NT AUTHORITY\SYSTEM,HKEY_LOCAL_MACHINE\Software\Classes\CLSID\{3A66787A-8B15-4321-A09D-6E862D2DD2D4}\InProcServer32\,%SystemRoot%\System32\twinui.dll
ST869VRJ,Classes\CLSID\{0CD397F8-20A2-46F0-BAE8-952DEEEDA2C5}\InProcServer32,REG_EXPAND_SZ,,NT AUTHORITY\SYSTEM,HKEY_LOCAL_MACHINE\Software\Classes\CLSID\{0CD397F8-20A2-46F0-BAE8-952DEEEDA2C5}\InProcServer32\,%SystemRoot%\system32\ConnectedAccountState.dll
ST869VRJ,Classes\CLSID\{0AEA3667-1039-43ff-8D21-B1A162090671}\InProcServer32,REG_SZ,,NT AUTHORITY\SYSTEM,HKEY_LOCAL_MACHINE\Software\Classes\CLSID\{0AEA3667-1039-43ff-8D21-B1A162090671}\InProcServer32\,C:\Windows\System32\AppIdPolicyEngineApi.dll
ST869VRJ,Wow6432Node\Classes\CLSID\{18BA7139-D98B-43C2-94DA-2604E34E175D}\InProcServer32,REG_SZ,,NT AUTHORITY\SYSTEM,HKEY_LOCAL_MACHINE\Software\Wow6432Node\Classes\CLSID\{18BA7139-D98B-43C2-94DA-2604E34E175D}\InProcServer32\,C:\Windows\Microsoft.NET\Framework\v1.0.3705\mscormmc.dll
ST869VRJ,Classes\CLSID\{58476F97-6464-4e49-9BCB-DD88816A60A3}\InProcServer32,REG_SZ,,NT AUTHORITY\SYSTEM,HKEY_LOCAL_MACHINE\Software\Classes\CLSID\{58476F97-6464-4e49-9BCB-DD88816A60A3}\InProcServer32\,C:\Windows\System32\catsrvut.dll
ST869VRJ,Classes\CLSID\{17a898fb-3fc5-455c-87a9-db06f9d0a557}\InProcServer32,REG_EXPAND_SZ,,NT AUTHORITY\SYSTEM,HKEY_LOCAL_MACHINE\Software\Classes\CLSID\{17a898fb-3fc5-455c-87a9-db06f9d0a557}\InProcServer32\,%SystemRoot%\system32\IME\IMESC\IMSCCORE.DLL
ST869VRJ,Classes\CLSID\{B43C4EEC-8C32-4791-9102-508ADA5EE8E7}\InProcServer32,REG_SZ,,NT AUTHORITY\SYSTEM,HKEY_LOCAL_MACHINE\Software\Classes\CLSID\{B43C4EEC-8C32-4791-9102-508ADA5EE8E7}\InProcServer32\,C:\Windows\System32\encapi.dll
ST869VRJ,Classes\CLSID\{9606A63A-890F-4518-B8C7-C4CA76373666}\InProcServer32,REG_EXPAND_SZ,,NT AUTHORITY\SYSTEM,HKEY_LOCAL_MACHINE\Software\Classes\CLSID\{9606A63A-890F-4518-B8C7-C4CA76373666}\InProcServer32\,%SystemRoot%\system32\IME\IMESC\IMSCCORE.DLL
ST869VRJ,Classes\CLSID\{1AA7F83B-C7F5-11D0-A376-00C04FC9DA04}\InProcServer32,REG_EXPAND_SZ,,NT AUTHORITY\SYSTEM,HKEY_LOCAL_MACHINE\Software\Classes\CLSID\{1AA7F83B-C7F5-11D0-A376-00C04FC9DA04}\InProcServer32\,%SystemRoot%\System32\mprsnap.dll
ST869VRJ,Classes\CLSID\{bce9c4d2-0bd2-4ff7-8f94-d69225bb2c7f}\InProcServer32,REG_EXPAND_SZ,,NT AUTHORITY\SYSTEM,HKEY_LOCAL_MACHINE\Software\Classes\CLSID\{bce9c4d2-0bd2-4ff7-8f94-d69225bb2c7f}\InProcServer32\,%SystemRoot%\System32\wpnapps.dll
ST869VRJ,Classes\CLSID\{7ECBF017-BDC3-46D1-B9DA-95FA555D9ECF}\InProcServer32,REG_EXPAND_SZ,,NT AUTHORITY\SYSTEM,HKEY_LOCAL_MACHINE\Software\Classes\CLSID\{7ECBF017-BDC3-46D1-B9DA-95FA555D9ECF}\InProcServer32\,%SystemRoot%\System32\SearchFolder.dll
ST869VRJ,Wow6432Node\Classes\CLSID\{8cec58e7-07a1-11d9-b15e-000d56bfe6ee}\InProcServer32,REG_SZ,,NT AUTHORITY\SYSTEM,HKEY_LOCAL_MACHINE\Software\Wow6432Node\Classes\CLSID\{8cec58e7-07a1-11d9-b15e-000d56bfe6ee}\InProcServer32\,C:\Windows\SysWOW64\HelpPaneProxy.dll
ST869VRJ,Classes\CLSID\{682D63B8-1692-31BE-88CD-5CB1F79EDB7B}\InProcServer32,REG_SZ,,NT AUTHORITY\SYSTEM,HKEY_LOCAL_MACHINE\Software\Classes\CLSID\{682D63B8-1692-31BE-88CD-5CB1F79EDB7B}\InProcServer32\,C:\Windows\System32\mscoree.dll
ST869VRJ,Classes\CLSID\{5fd4d76a-03e2-46d5-971e-9fe5b209f08e}\InProcServer32,REG_SZ,,NT AUTHORITY\SYSTEM,HKEY_LOCAL_MACHINE\Software\Classes\CLSID\{5fd4d76a-03e2-46d5-971e-9fe5b209f08e}\InProcServer32\,C:\Windows\System32\scwengb.dll
ST869VRJ,Classes\CLSID\{64226369-CCEB-477D-88D5-7A9CB465BEAC}\InProcServer32,REG_EXPAND_SZ,,NT AUTHORITY\SYSTEM,HKEY_LOCAL_MACHINE\Software\Classes\CLSID\{64226369-CCEB-477D-88D5-7A9CB465BEAC}\InProcServer32\,%SystemRoot%\system32\IdCtrls.dll
ST869VRJ,Classes\CLSID\{0A556D98-CFEE-4D84-82A7-00377F939198}\InProcServer32,REG_EXPAND_SZ,,NT AUTHORITY\SYSTEM,HKEY_LOCAL_MACHINE\Software\Classes\CLSID\{0A556D98-CFEE-4D84-82A7-00377F939198}\InProcServer32\,%SystemRoot%\system32\shell32.dll
ST869VRJ,Classes\CLSID\{1685D4AB-A51B-4af1-A4E5-CEE87002431D}\InProcServer32,REG_EXPAND_SZ,,NT AUTHORITY\SYSTEM,HKEY_LOCAL_MACHINE\Software\Classes\CLSID\{1685D4AB-A51B-4af1-A4E5-CEE87002431D}\InProcServer32\,%SystemRoot%\system32\SearchFolder.dll
ST869VRJ,Classes\CLSID\{31D353B3-0A0A-3986-9B20-3EC4EE90B389}\InProcServer32,REG_SZ,,NT AUTHORITY\SYSTEM,HKEY_LOCAL_MACHINE\Software\Classes\CLSID\{31D353B3-0A0A-3986-9B20-3EC4EE90B389}\InProcServer32\,C:\Windows\System32\mscoree.dll
ST869VRJ,Classes\CLSID\{1F872270-D68C-4C28-85D9-70CD5FC47A70}\InProcServer32,REG_EXPAND_SZ,,NT AUTHORITY\SYSTEM,HKEY_LOCAL_MACHINE\Software\Classes\CLSID\{1F872270-D68C-4C28-85D9-70CD5FC47A70}\InProcServer32\,%SystemRoot%\system32\shell32.dll
ST869VRJ,CurrentControlSet\Services\ScDeviceEnum\Parameters\,REG_EXPAND_SZ,ServiceDll,NT AUTHORITY\SYSTEM,HKEY_LOCAL_MACHINE\SYSTEM\CurrentControlSet\Services\ScDeviceEnum\Parameters\ServiceDll,%SystemRoot%\System32\ScDeviceEnum.dll
ST869VRJ,Classes\CLSID\{E19FF627-4C38-406D-9B4A-7973E0F539BA}\InProcServer32,REG_EXPAND_SZ,,NT AUTHORITY\SYSTEM,HKEY_LOCAL_MACHINE\Software\Classes\CLSID\{E19FF627-4C38-406D-9B4A-7973E0F539BA}\InProcServer32\,%SystemRoot%\System32\twinui.dll
ST869VRJ,Classes\CLSID\{DB49BBEB-C744-49F8-81AC-AF97669D4CB0}\InProcServer32,REG_SZ,,NT AUTHORITY\SYSTEM,HKEY_LOCAL_MACHINE\Software\Classes\CLSID\{DB49BBEB-C744-49F8-81AC-AF97669D4CB0}\InProcServer32\,C:\Windows\System32\puiobj.dll
ST869VRJ,Classes\CLSID\{A1607060-5D4C-467a-B711-2B59A6F25957}\InProcServer32,REG_EXPAND_SZ,,NT AUTHORITY\SYSTEM,HKEY_LOCAL_MACHINE\Software\Classes\CLSID\{A1607060-5D4C-467a-B711-2B59A6F25957}\InProcServer32\,%SystemRoot%\System32\AltTab.dll
ST869VRJ,Wow6432Node\Classes\CLSID\{88d96a05-f192-11d4-a65f-0040963251e5}\InProcServer32,REG_EXPAND_SZ,,NT AUTHORITY\SYSTEM,HKEY_LOCAL_MACHINE\Software\Wow6432Node\Classes\CLSID\{88d96a05-f192-11d4-a65f-0040963251e5}\InProcServer32\,C:\Windows\SysWOW64\msxml6.dll
ST869VRJ,Classes\CLSID\{B33F0D7A-1571-4022-B710-D26E9B87DEB8}\InProcServer32,REG_EXPAND_SZ,,NT AUTHORITY\SYSTEM,HKEY_LOCAL_MACHINE\Software\Classes\CLSID\{B33F0D7A-1571-4022-B710-D26E9B87DEB8}\InProcServer32\,%SystemRoot%\system32\shell32.dll
ST869VRJ,Classes\CLSID\{F72A76E0-EB0A-11D0-ACE4-0000C0CC16BA}\InProcServer32,REG_SZ,,NT AUTHORITY\SYSTEM,HKEY_LOCAL_MACHINE\Software\Classes\CLSID\{F72A76E0-EB0A-11D0-ACE4-0000C0CC16BA}\InProcServer32\,C:\Windows\System32\kswdmcap.ax
ST869VRJ,CurrentControlSet\Services\wudfsvc\Parameters\,REG_EXPAND_SZ,ServiceDll,NT AUTHORITY\SYSTEM,HKEY_LOCAL_MACHINE\SYSTEM\CurrentControlSet\Services\wudfsvc\Parameters\ServiceDll,%SystemRoot%\System32\WUDFSvc.dll
ST869VRJ,Classes\CLSID\{3F8424D7-0D88-4758-8720-62F8D66A1402}\InProcServer32,REG_EXPAND_SZ,,NT AUTHORITY\SYSTEM,HKEY_LOCAL_MACHINE\Software\Classes\CLSID\{3F8424D7-0D88-4758-8720-62F8D66A1402}\InProcServer32\,%SystemRoot%\system32\twinui.dll
ST869VRJ,Classes\CLSID\{7013943A-E2EC-11D2-A086-00C04F8EF9B5}\InProcServer32,REG_EXPAND_SZ,,NT AUTHORITY\SYSTEM,HKEY_LOCAL_MACHINE\Software\Classes\CLSID\{7013943A-E2EC-11D2-A086-00C04F8EF9B5}\InProcServer32\,%SystemRoot%\System32\Speech\Common\sapi.dll
ST869VRJ,Classes\CLSID\{0C41D1E6-9D16-41ED-9CDD-D0665039857B}\InProcServer32,REG_SZ,,NT AUTHORITY\SYSTEM,HKEY_LOCAL_MACHINE\Software\Classes\CLSID\{0C41D1E6-9D16-41ED-9CDD-D0665039857B}\InProcServer32\,C:\Windows\System32\tcpipcfg.dll
ST869VRJ,Classes\CLSID\{20E8B2FE-7568-46AE-A0DB-76B7F469B92D}\InProcServer32,REG_EXPAND_SZ,,NT AUTHORITY\SYSTEM,HKEY_LOCAL_MACHINE\Software\Classes\CLSID\{20E8B2FE-7568-46AE-A0DB-76B7F469B92D}\InProcServer32\,%SystemRoot%\system32\explorerframe.dll
ST869VRJ,Classes\CLSID\{4E40F770-369C-11d0-8922-00A024AB2DBB}\InProcServer32,REG_EXPAND_SZ,,NT AUTHORITY\SYSTEM,HKEY_LOCAL_MACHINE\Software\Classes\CLSID\{4E40F770-369C-11d0-8922-00A024AB2DBB}\InProcServer32\,%SystemRoot%\system32\dssec.dll
ST869VRJ,Classes\CLSID\{AF75D6AD-E307-4052-8CB1-BF2052E734F0}\InProcServer32,REG_SZ,,NT AUTHORITY\SYSTEM,HKEY_LOCAL_MACHINE\Software\Classes\CLSID\{AF75D6AD-E307-4052-8CB1-BF2052E734F0}\InProcServer32\,C:\Windows\System32\msxml6.dll
ST869VRJ,Classes\CLSID\{A894CA92-2E31-4AF2-BC7E-41079A8E5BE9}\InProcServer32,REG_EXPAND_SZ,,NT AUTHORITY\SYSTEM,HKEY_LOCAL_MACHINE\Software\Classes\CLSID\{A894CA92-2E31-4AF2-BC7E-41079A8E5BE9}\InProcServer32\,%SystemRoot%\System32\twinui.appcore.dll
ST869VRJ,Classes\CLSID\{17cd9488-1228-4b2f-88ce-4298e93e0966}\InProcServer32,REG_EXPAND_SZ,,NT AUTHORITY\SYSTEM,HKEY_LOCAL_MACHINE\Software\Classes\CLSID\{17cd9488-1228-4b2f-88ce-4298e93e0966}\InProcServer32\,%SystemRoot%\System32\shdocvw.dll
ST869VRJ,Classes\CLSID\{000C1090-0000-0000-C000-000000000046}\InProcServer32,REG_SZ,,NT AUTHORITY\SYSTEM,HKEY_LOCAL_MACHINE\Software\Classes\CLSID\{000C1090-0000-0000-C000-000000000046}\InProcServer32\,C:\Windows\System32\msi.dll
ST869VRJ,Classes\CLSID\{3A04D93B-1EDD-4f3f-A375-A03EC19572C4}\InProcServer32,REG_SZ,,NT AUTHORITY\SYSTEM,HKEY_LOCAL_MACHINE\Software\Classes\CLSID\{3A04D93B-1EDD-4f3f-A375-A03EC19572C4}\InProcServer32\,C:\Windows\System32\Dxtmsft.dll
ST869VRJ,Classes\CLSID\{8211a058-8b6b-4c7c-bb2b-8d88a20288f8}\InProcServer32,REG_SZ,,NT AUTHORITY\SYSTEM,HKEY_LOCAL_MACHINE\Software\Classes\CLSID\{8211a058-8b6b-4c7c-bb2b-8d88a20288f8}\InProcServer32\,C:\Windows\System32\NdisImPlatform.dll
ST869VRJ,Classes\CLSID\{0FDE5092-AA2A-11D1-A7D4-0000F87571E3}\InProcServer32,REG_EXPAND_SZ,,NT AUTHORITY\SYSTEM,HKEY_LOCAL_MACHINE\Software\Classes\CLSID\{0FDE5092-AA2A-11D1-A7D4-0000F87571E3}\InProcServer32\,%SystemRoot%\System32\GPEdit.dll
ST869VRJ,Classes\CLSID\{45FD65ED-6BC2-47ae-B391-9E2B79F07C52}\InProcServer32,REG_EXPAND_SZ,,NT AUTHORITY\SYSTEM,HKEY_LOCAL_MACHINE\Software\Classes\CLSID\{45FD65ED-6BC2-47ae-B391-9E2B79F07C52}\InProcServer32\,%SystemRoot%\System32\systemcpl.dll
ST869VRJ,Classes\CLSID\{D049DC2B-82C3-3350-A1CC-BF69FEE3825E}\InProcServer32,REG_SZ,,NT AUTHORITY\SYSTEM,HKEY_LOCAL_MACHINE\Software\Classes\CLSID\{D049DC2B-82C3-3350-A1CC-BF69FEE3825E}\InProcServer32\,C:\Windows\System32\mscoree.dll
ST869VRJ,Classes\CLSID\{169A0691-8DF9-11d1-A1C4-00C04FD75D13}\InProcServer32,REG_EXPAND_SZ,,NT AUTHORITY\SYSTEM,HKEY_LOCAL_MACHINE\Software\Classes\CLSID\{169A0691-8DF9-11d1-A1C4-00C04FD75D13}\InProcServer32\,%SystemRoot%\system32\shell32.dll
ST869VRJ,Classes\CLSID\{2735412E-7F64-5B0F-8F00-5D77AFBE261E}\InProcServer32,REG_SZ,,NT AUTHORITY\SYSTEM,HKEY_LOCAL_MACHINE\Software\Classes\CLSID\{2735412E-7F64-5B0F-8F00-5D77AFBE261E}\InProcServer32\,C:\Windows\System32\imapi2.dll
ST869VRJ,Classes\CLSID\{7A80E4A8-8005-11D2-BCF8-00C04F72C717}\InProcServer32,REG_EXPAND_SZ,,NT AUTHORITY\SYSTEM,HKEY_LOCAL_MACHINE\Software\Classes\CLSID\{7A80E4A8-8005-11D2-BCF8-00C04F72C717}\InProcServer32\,%SystemRoot%\system32\mmcshext.dll
ST869VRJ,Classes\CLSID\{8C89071F-452E-4E95-9682-9D1024627172}\InProcServer32,REG_EXPAND_SZ,,NT AUTHORITY\SYSTEM,HKEY_LOCAL_MACHINE\Software\Classes\CLSID\{8C89071F-452E-4E95-9682-9D1024627172}\InProcServer32\,%SystemRoot%\system32\windowscodecs.dll
ST869VRJ,Classes\CLSID\{3D813DFE-6C91-4A4E-8F41-04346A841D9C}\InProcServer32,REG_EXPAND_SZ,,NT AUTHORITY\SYSTEM,HKEY_LOCAL_MACHINE\Software\Classes\CLSID\{3D813DFE-6C91-4A4E-8F41-04346A841D9C}\InProcServer32\,%SystemRoot%\System32\msxml3.dll
ST869VRJ,Classes\CLSID\{FD76C304-255F-4446-A895-6E1967EC4FDC}\InProcServer32,REG_EXPAND_SZ,,NT AUTHORITY\SYSTEM,HKEY_LOCAL_MACHINE\Software\Classes\CLSID\{FD76C304-255F-4446-A895-6E1967EC4FDC}\InProcServer32\,%SystemRoot%\system32\SrpUxNativeSnapIn.dll
ST869VRJ,Wow6432Node\Classes\CLSID\{96709adb-52b9-4735-8534-3a8b32631432}\InProcServer32,REG_SZ,,NT AUTHORITY\SYSTEM,HKEY_LOCAL_MACHINE\Software\Wow6432Node\Classes\CLSID\{96709adb-52b9-4735-8534-3a8b32631432}\InProcServer32\,C:\Windows\SysWOW64\CertEnroll.dll
ST869VRJ,Classes\CLSID\{34212D32-6E9E-11E2-BDA0-6B2B6288709B}\InProcServer32,REG_SZ,,NT AUTHORITY\SYSTEM,HKEY_LOCAL_MACHINE\Software\Classes\CLSID\{34212D32-6E9E-11E2-BDA0-6B2B6288709B}\InProcServer32\,C:\Windows\System32\OneDriveSettingSyncProvider.dll
ST869VRJ,Classes\CLSID\{1A8766A0-62CE-11CF-A5D6-28DB04C10000}\InProcServer32,REG_SZ,,NT AUTHORITY\SYSTEM,HKEY_LOCAL_MACHINE\Software\Classes\CLSID\{1A8766A0-62CE-11CF-A5D6-28DB04C10000}\InProcServer32\,C:\Windows\System32\ksproxy.ax
ST869VRJ,Classes\CLSID\{43324B33-A78F-480F-9111-9638AACCC832}\InProcServer32,REG_EXPAND_SZ,,NT AUTHORITY\SYSTEM,HKEY_LOCAL_MACHINE\Software\Classes\CLSID\{43324B33-A78F-480F-9111-9638AACCC832}\InProcServer32\,%SystemRoot%\system32\windowscodecs.dll
ST869VRJ,Classes\CLSID\{a00ee528-ebd9-48b8-944a-8942113d46ac}\InProcServer32,REG_EXPAND_SZ,,NT AUTHORITY\SYSTEM,HKEY_LOCAL_MACHINE\Software\Classes\CLSID\{a00ee528-ebd9-48b8-944a-8942113d46ac}\InProcServer32\,%SystemRoot%\system32\SearchFolder.dll
ST869VRJ,Classes\CLSID\{9FE6E853-B35F-4FE4-B006-33148455093E}\InProcServer32,REG_EXPAND_SZ,,NT AUTHORITY\SYSTEM,HKEY_LOCAL_MACHINE\Software\Classes\CLSID\{9FE6E853-B35F-4FE4-B006-33148455093E}\InProcServer32\,%SystemRoot%\System32\NaturalLanguage6.dll
ST869VRJ,Classes\CLSID\{650503CF-9108-4DDC-A2CE-6C2341E1C582}\InProcServer32,REG_SZ,,NT AUTHORITY\SYSTEM,HKEY_LOCAL_MACHINE\Software\Classes\CLSID\{650503CF-9108-4DDC-A2CE-6C2341E1C582}\InProcServer32\,C:\Windows\System32\wuapi.dll
ST869VRJ,Classes\CLSID\{341301BA-111C-408D-A8E3-14D1DDC62A6F}\InProcServer32,REG_EXPAND_SZ,,NT AUTHORITY\SYSTEM,HKEY_LOCAL_MACHINE\Software\Classes\CLSID\{341301BA-111C-408D-A8E3-14D1DDC62A6F}\InProcServer32\,%SystemRoot%\System32\AppxPackaging.dll
ST869VRJ,Classes\CLSID\{09A60795-31C0-3A79-9250-8D93C74FE540}\InProcServer32,REG_SZ,,NT AUTHORITY\SYSTEM,HKEY_LOCAL_MACHINE\Software\Classes\CLSID\{09A60795-31C0-3A79-9250-8D93C74FE540}\InProcServer32\,C:\Windows\System32\mscoree.dll
ST869VRJ,Wow6432Node\Classes\CLSID\{08229782-89C8-4028-BB74-75BB58EF1488}\InProcServer32,REG_SZ,,NT AUTHORITY\SYSTEM,HKEY_LOCAL_MACHINE\Software\Wow6432Node\Classes\CLSID\{08229782-89C8-4028-BB74-75BB58EF1488}\InProcServer32\,C:\Windows\SysWOW64\ipsmsnap.dll
ST869VRJ,Classes\CLSID\{E05592E4-C0B5-11D0-A439-00A0C9223196}\InProcServer32,REG_SZ,,NT AUTHORITY\SYSTEM,HKEY_LOCAL_MACHINE\Software\Classes\CLSID\{E05592E4-C0B5-11D0-A439-00A0C9223196}\InProcServer32\,C:\Windows\System32\ksproxy.ax
ST869VRJ,Classes\CLSID\{EBAA029C-01C0-32B6-AAE6-FE21ADFC3E5D}\InProcServer32,REG_SZ,,NT AUTHORITY\SYSTEM,HKEY_LOCAL_MACHINE\Software\Classes\CLSID\{EBAA029C-01C0-32B6-AAE6-FE21ADFC3E5D}\InProcServer32\,C:\Windows\System32\mscoree.dll
ST869VRJ,Classes\CLSID\{0002000F-0000-0000-C000-000000000046}\InProcServer32,REG_EXPAND_SZ,,NT AUTHORITY\SYSTEM,HKEY_LOCAL_MACHINE\Software\Classes\CLSID\{0002000F-0000-0000-C000-000000000046}\InProcServer32\,C:\Windows\System32\avifil32.dll
ST869VRJ,Classes\CLSID\{2206D773-CA1C-3258-9456-CEB7706C3710}\InProcServer32,REG_SZ,,NT AUTHORITY\SYSTEM,HKEY_LOCAL_MACHINE\Software\Classes\CLSID\{2206D773-CA1C-3258-9456-CEB7706C3710}\InProcServer32\,C:\Windows\System32\mscoree.dll
ST869VRJ,CurrentControlSet\Services\wtlmdrv\,REG_EXPAND_SZ,ImagePath,NT AUTHORITY\SYSTEM,HKEY_LOCAL_MACHINE\SYSTEM\CurrentControlSet\Services\wtlmdrv\ImagePath,\SystemRoot\System32\drivers\wtlmdrv.sys
ST869VRJ,Classes\CLSID\{B138E92F-F502-4adc-89D9-134C8E580409}\InProcServer32,REG_SZ,,NT AUTHORITY\SYSTEM,HKEY_LOCAL_MACHINE\Software\Classes\CLSID\{B138E92F-F502-4adc-89D9-134C8E580409}\InProcServer32\,C:\Windows\System32\termmgr.dll
ST869VRJ,Classes\CLSID\{5BB20805-B52F-4F73-8518-FD71C4F4E364}\InProcServer32,REG_SZ,,BUILTIN\Administrators,HKEY_LOCAL_MACHINE\Software\Classes\CLSID\{5BB20805-B52F-4F73-8518-FD71C4F4E364}\InProcServer32\,c:\PROGRA~1\mcafee\msc\mcsubmgr\17_2_1~1\mcsubmgr.dll
ST869VRJ,Classes\CLSID\{51372af3-cae7-11cf-be81-00aa00a2fa25}\InProcServer32,REG_SZ,,NT AUTHORITY\SYSTEM,HKEY_LOCAL_MACHINE\Software\Classes\CLSID\{51372af3-cae7-11cf-be81-00aa00a2fa25}\InProcServer32\,C:\Windows\System32\comsvcs.dll
ST869VRJ,Classes\CLSID\{8A99553A-7971-4445-93B5-AAA43D1433C5}\InProcServer32,REG_EXPAND_SZ,,NT AUTHORITY\SYSTEM,HKEY_LOCAL_MACHINE\Software\Classes\CLSID\{8A99553A-7971-4445-93B5-AAA43D1433C5}\InProcServer32\,%SystemRoot%\system32\sppcomapi.dll
ST869VRJ,Classes\CLSID\{4BE89AC3-603D-36B2-AB9B-9C38866F56D5}\InProcServer32,REG_SZ,,NT AUTHORITY\SYSTEM,HKEY_LOCAL_MACHINE\Software\Classes\CLSID\{4BE89AC3-603D-36B2-AB9B-9C38866F56D5}\InProcServer32\,C:\Windows\System32\mscoree.dll
ST869VRJ,Classes\CLSID\{60632754-c523-4b62-b45c-4172da012619}\InProcServer32,REG_EXPAND_SZ,,NT AUTHORITY\SYSTEM,HKEY_LOCAL_MACHINE\Software\Classes\CLSID\{60632754-c523-4b62-b45c-4172da012619}\InProcServer32\,%SystemRoot%\System32\shdocvw.dll
ST869VRJ,Classes\CLSID\{AFB40FFD-B609-40A3-9828-F88BBE11E4E3}\InProcServer32,REG_EXPAND_SZ,,NT AUTHORITY\SYSTEM,HKEY_LOCAL_MACHINE\Software\Classes\CLSID\{AFB40FFD-B609-40A3-9828-F88BBE11E4E3}\InProcServer32\,%SystemRoot%\System32\msxml3.dll
ST869VRJ,Classes\CLSID\{c5efd803-50f8-43cd-9ab8-aafc1394c9e0}\InProcServer32,REG_SZ,,NT AUTHORITY\SYSTEM,HKEY_LOCAL_MACHINE\Software\Classes\CLSID\{c5efd803-50f8-43cd-9ab8-aafc1394c9e0}\InProcServer32\,C:\Windows\System32\ieframe.dll
ST869VRJ,Classes\CLSID\{5F3A0F8D-5EF9-3AD5-94E0-53AFF8BCE960}\InProcServer32,REG_SZ,,NT AUTHORITY\SYSTEM,HKEY_LOCAL_MACHINE\Software\Classes\CLSID\{5F3A0F8D-5EF9-3AD5-94E0-53AFF8BCE960}\InProcServer32\,C:\Windows\System32\mscoree.dll
ST869VRJ,CurrentControlSet\Services\vmicheartbeat\Parameters\,REG_EXPAND_SZ,ServiceDll,NT AUTHORITY\SYSTEM,HKEY_LOCAL_MACHINE\SYSTEM\CurrentControlSet\Services\vmicheartbeat\Parameters\ServiceDll,%SystemRoot%\System32\ICSvc.dll
ST869VRJ,Classes\CLSID\{5A580C11-E5EB-11d1-A86E-0000F8084F96}\InProcServer32,REG_SZ,,NT AUTHORITY\SYSTEM,HKEY_LOCAL_MACHINE\Software\Classes\CLSID\{5A580C11-E5EB-11d1-A86E-0000F8084F96}\InProcServer32\,C:\Windows\System32\inetcomm.dll
ST869VRJ,Classes\CLSID\{E5B2CB7A-FD35-4D4B-A147-176FEB42244B}\InProcServer32,REG_EXPAND_SZ,,NT AUTHORITY\SYSTEM,HKEY_LOCAL_MACHINE\Software\Classes\CLSID\{E5B2CB7A-FD35-4D4B-A147-176FEB42244B}\InProcServer32\,%SystemRoot%\System32\NaturalLanguage6.dll
ST869VRJ,Classes\CLSID\{A470F8CF-A1E8-4f65-8335-227475AA5C46}\InProcServer32,REG_EXPAND_SZ,,NT AUTHORITY\SYSTEM,HKEY_LOCAL_MACHINE\Software\Classes\CLSID\{A470F8CF-A1E8-4f65-8335-227475AA5C46}\InProcServer32\,%SystemRoot%\system32\shell32.dll
ST869VRJ,Classes\CLSID\{6004c347-d3f3-472a-8f9e-319b5c583d55}\InProcServer32,REG_EXPAND_SZ,,NT AUTHORITY\SYSTEM,HKEY_LOCAL_MACHINE\Software\Classes\CLSID\{6004c347-d3f3-472a-8f9e-319b5c583d55}\InProcServer32\,%SystemRoot%\system32\shell32.dll
ST869VRJ,CurrentControlSet\Services\WmiAcpi\,REG_EXPAND_SZ,ImagePath,NT AUTHORITY\SYSTEM,HKEY_LOCAL_MACHINE\SYSTEM\CurrentControlSet\Services\WmiAcpi\ImagePath,\SystemRoot\System32\drivers\wmiacpi.sys
ST869VRJ,Classes\CLSID\{90f8c90b-04e0-4e92-a186-e6e9c125d664}\InProcServer32,REG_EXPAND_SZ,,NT AUTHORITY\SYSTEM,HKEY_LOCAL_MACHINE\Software\Classes\CLSID\{90f8c90b-04e0-4e92-a186-e6e9c125d664}\InProcServer32\,%SystemRoot%\System32\shell32.dll
ST869VRJ,Classes\CLSID\{C2FEEEAC-CFCD-11D1-8B05-00600806D9B6}\InProcServer32,REG_EXPAND_SZ,,NT AUTHORITY\SYSTEM,HKEY_LOCAL_MACHINE\Software\Classes\CLSID\{C2FEEEAC-CFCD-11D1-8B05-00600806D9B6}\InProcServer32\,%SystemRoot%\system32\wbem\wbemdisp.dll
ST869VRJ,CurrentControlSet\Services\ksthunk\,REG_EXPAND_SZ,ImagePath,NT AUTHORITY\SYSTEM,HKEY_LOCAL_MACHINE\SYSTEM\CurrentControlSet\Services\ksthunk\ImagePath,\SystemRoot\system32\drivers\ksthunk.sys
ST869VRJ,Classes\CLSID\{6BC096B7-0CE6-11D1-BAAE-00C04FC2E20D}\InProcServer32,REG_EXPAND_SZ,,NT AUTHORITY\SYSTEM,HKEY_LOCAL_MACHINE\Software\Classes\CLSID\{6BC096B7-0CE6-11D1-BAAE-00C04FC2E20D}\InProcServer32\,%SystemRoot%\system32\iasacct.dll
ST869VRJ,Classes\CLSID\{FCDECE00-A39D-11D0-ABE7-00AA0064D470}\InProcServer32,REG_SZ,,NT AUTHORITY\SYSTEM,HKEY_LOCAL_MACHINE\Software\Classes\CLSID\{FCDECE00-A39D-11D0-ABE7-00AA0064D470}\InProcServer32\,C:\Windows\System32\scripto.dll
ST869VRJ,Classes\CLSID\{D269BF5C-D9C1-11D3-B38F-00105A1F473A}\InProcServer32,REG_EXPAND_SZ,,NT AUTHORITY\SYSTEM,HKEY_LOCAL_MACHINE\Software\Classes\CLSID\{D269BF5C-D9C1-11D3-B38F-00105A1F473A}\InProcServer32\,%SystemRoot%\system32\wbem\wbemdisp.dll
ST869VRJ,CurrentControlSet\Services\PlugPlay\Parameters\,REG_EXPAND_SZ,ServiceDll,NT AUTHORITY\SYSTEM,HKEY_LOCAL_MACHINE\SYSTEM\CurrentControlSet\Services\PlugPlay\Parameters\ServiceDll,%SystemRoot%\system32\umpnpmgr.dll
ST869VRJ,Wow6432Node\Classes\CLSID\{00C429C0-0BA9-11d2-A484-00C04F8EFB69}\InProcServer32,REG_SZ,,NT AUTHORITY\SYSTEM,HKEY_LOCAL_MACHINE\Software\Wow6432Node\Classes\CLSID\{00C429C0-0BA9-11d2-A484-00C04F8EFB69}\InProcServer32\,C:\Windows\SysWOW64\Dxtmsft.dll
ST869VRJ,Classes\CLSID\{EEC6993A-B3FD-11D2-A916-00C04FB98638}\InProcServer32,REG_SZ,,NT AUTHORITY\SYSTEM,HKEY_LOCAL_MACHINE\Software\Classes\CLSID\{EEC6993A-B3FD-11D2-A916-00C04FB98638}\InProcServer32\,C:\Windows\System32\pid.dll
ST869VRJ,Classes\CLSID\{7007ACD4-3202-11D1-AAD2-00805FC1270E}\InProcServer32,REG_EXPAND_SZ,,NT AUTHORITY\SYSTEM,HKEY_LOCAL_MACHINE\Software\Classes\CLSID\{7007ACD4-3202-11D1-AAD2-00805FC1270E}\InProcServer32\,%SystemRoot%\System32\netshell.dll
ST869VRJ,Classes\CLSID\{b27b520e-46db-4720-b9c5-5f80acab23a4}\InProcServer32,REG_EXPAND_SZ,,NT AUTHORITY\SYSTEM,HKEY_LOCAL_MACHINE\Software\Classes\CLSID\{b27b520e-46db-4720-b9c5-5f80acab23a4}\InProcServer32\,%SystemRoot%\system32\hgcpl.dll
ST869VRJ,Classes\CLSID\{93D11DE9-5F6C-354A-A7C5-16CCCA64A9B8}\InProcServer32,REG_SZ,,NT AUTHORITY\SYSTEM,HKEY_LOCAL_MACHINE\Software\Classes\CLSID\{93D11DE9-5F6C-354A-A7C5-16CCCA64A9B8}\InProcServer32\,C:\Windows\System32\mscoree.dll
ST869VRJ,Classes\CLSID\{09474572-B2FB-11D1-A1A1-0000F875B132}\InProcServer32,REG_EXPAND_SZ,,NT AUTHORITY\SYSTEM,HKEY_LOCAL_MACHINE\Software\Classes\CLSID\{09474572-B2FB-11D1-A1A1-0000F875B132}\InProcServer32\,%SystemRoot%\system32\cic.dll
ST869VRJ,Classes\CLSID\{6B4ECC4F-16D1-4474-94AB-5A763F2A54AE}\InProcServer32,REG_SZ,,NT AUTHORITY\SYSTEM,HKEY_LOCAL_MACHINE\Software\Classes\CLSID\{6B4ECC4F-16D1-4474-94AB-5A763F2A54AE}\InProcServer32\,C:\Windows\System32\ieframe.dll
ST869VRJ,Classes\CLSID\{8570b44e-d109-42d3-be32-0f8d446669c5}\InProcServer32,REG_EXPAND_SZ,,NT AUTHORITY\SYSTEM,HKEY_LOCAL_MACHINE\Software\Classes\CLSID\{8570b44e-d109-42d3-be32-0f8d446669c5}\InProcServer32\,%SystemRoot%\system32\shell32.dll
ST869VRJ,Classes\CLSID\{27E986E1-BAEC-3D48-82E4-14169CA8CECF}\InProcServer32,REG_SZ,,NT AUTHORITY\SYSTEM,HKEY_LOCAL_MACHINE\Software\Classes\CLSID\{27E986E1-BAEC-3D48-82E4-14169CA8CECF}\InProcServer32\,C:\Windows\System32\mscoree.dll
ST869VRJ,Classes\CLSID\{FD8C8FCE-4F85-36B2-B8E8-F5A183654539}\InProcServer32,REG_SZ,,NT AUTHORITY\SYSTEM,HKEY_LOCAL_MACHINE\Software\Classes\CLSID\{FD8C8FCE-4F85-36B2-B8E8-F5A183654539}\InProcServer32\,C:\Windows\System32\mscoree.dll
ST869VRJ,Classes\CLSID\{D211A585-1DA6-42C2-86D2-082AC265776D}\InProcServer32,REG_SZ,,BUILTIN\Administrators,HKEY_LOCAL_MACHINE\Software\Classes\CLSID\{D211A585-1DA6-42C2-86D2-082AC265776D}\InProcServer32\,c:\PROGRA~1\mcafee\mat\MCMATA~1.DLL
ST869VRJ,Classes\CLSID\{E9148312-A9BF-3A45-BBCA-350967FD78F5}\InProcServer32,REG_SZ,,NT AUTHORITY\SYSTEM,HKEY_LOCAL_MACHINE\Software\Classes\CLSID\{E9148312-A9BF-3A45-BBCA-350967FD78F5}\InProcServer32\,C:\Windows\System32\mscoree.dll
ST869VRJ,Wow6432Node\Classes\CLSID\{08fedb70-9d27-4bcf-bbb0-99986ae2bcb5}\InProcServer32,REG_SZ,,NT AUTHORITY\SYSTEM,HKEY_LOCAL_MACHINE\Software\Wow6432Node\Classes\CLSID\{08fedb70-9d27-4bcf-bbb0-99986ae2bcb5}\InProcServer32\,C:\Windows\SysWOW64\IME\shared\imecfmps.dll
ST869VRJ,Classes\CLSID\{2652B813-2260-4EF3-A311-74A7AC6513D7}\InProcServer32,REG_EXPAND_SZ,,NT AUTHORITY\SYSTEM,HKEY_LOCAL_MACHINE\Software\Classes\CLSID\{2652B813-2260-4EF3-A311-74A7AC6513D7}\InProcServer32\,%SystemRoot%\System32\NaturalLanguage6.dll
ST869VRJ,Classes\CLSID\{9f75fdc4-0aba-4866-88a9-75ebb9e7d584}\InProcServer32,REG_SZ,,NT AUTHORITY\SYSTEM,HKEY_LOCAL_MACHINE\Software\Classes\CLSID\{9f75fdc4-0aba-4866-88a9-75ebb9e7d584}\InProcServer32\,C:\Windows\System32\IME\shared\imjkapi.dll
ST869VRJ,Classes\CLSID\{39BE9FE5-916F-4F01-86D8-46D1B843C8DD}\InProcServer32,REG_SZ,,BUILTIN\Administrators,HKEY_LOCAL_MACHINE\Software\Classes\CLSID\{39BE9FE5-916F-4F01-86D8-46D1B843C8DD}\InProcServer32\,c:\PROGRA~1\mcafee\msc\mcmscver.dll
ST869VRJ,Classes\CLSID\{6522CF99-94C7-4958-B18D-4F6159E6926B}\InProcServer32,REG_EXPAND_SZ,,NT AUTHORITY\SYSTEM,HKEY_LOCAL_MACHINE\Software\Classes\CLSID\{6522CF99-94C7-4958-B18D-4F6159E6926B}\InProcServer32\,%SystemRoot%\system32\shell32.dll
ST869VRJ,Classes\CLSID\{82c588e7-e54b-408c-9f8c-6af9adf6f1e9}\InProcServer32,REG_EXPAND_SZ,,NT AUTHORITY\SYSTEM,HKEY_LOCAL_MACHINE\Software\Classes\CLSID\{82c588e7-e54b-408c-9f8c-6af9adf6f1e9}\InProcServer32\,%SystemRoot%\system32\shell32.dll
ST869VRJ,CurrentControlSet\Services\intelppm\,REG_EXPAND_SZ,ImagePath,NT AUTHORITY\SYSTEM,HKEY_LOCAL_MACHINE\SYSTEM\CurrentControlSet\Services\intelppm\ImagePath,\SystemRoot\System32\drivers\intelppm.sys
ST869VRJ,Classes\CLSID\{05589FAF-C356-11CE-BF01-00AA0055595A}\InProcServer32,REG_SZ,,NT AUTHORITY\SYSTEM,HKEY_LOCAL_MACHINE\Software\Classes\CLSID\{05589FAF-C356-11CE-BF01-00AA0055595A}\InProcServer32\,C:\Windows\System32\quartz.dll
ST869VRJ,Microsoft\Windows NT\CurrentVersion\Image File Execution Options\ieinstal.exe\,REG_QWORD,MitigationOptions,NT AUTHORITY\SYSTEM,HKEY_LOCAL_MACHINE\Software\Microsoft\Windows NT\CurrentVersion\Image File Execution Options\ieinstal.exe\MitigationOptions,256
ST869VRJ,Classes\CLSID\{777BA851-2498-4875-933A-3067DE883070}\InProcServer32,REG_EXPAND_SZ,,NT AUTHORITY\SYSTEM,HKEY_LOCAL_MACHINE\Software\Classes\CLSID\{777BA851-2498-4875-933A-3067DE883070}\InProcServer32\,%SystemRoot%\system32\xwtpw32.dll
ST869VRJ,Classes\CLSID\{9209B7D1-6DA5-43E4-BCD1-F2BE497635E7}\InProcServer32,REG_EXPAND_SZ,,NT SERVICE\TrustedInstaller,HKEY_LOCAL_MACHINE\Software\Classes\CLSID\{9209B7D1-6DA5-43E4-BCD1-F2BE497635E7}\InProcServer32\,%SystemRoot%\system32\rdpendp.dll
ST869VRJ,Microsoft\Windows\CurrentVersion\Policies\Explorer\,REG_DWORD,ForceActiveDesktopOn,NT AUTHORITY\SYSTEM,HKEY_LOCAL_MACHINE\Software\Microsoft\Windows\CurrentVersion\Policies\Explorer\ForceActiveDesktopOn,0
ST869VRJ,CurrentControlSet\Services\umbus\,REG_EXPAND_SZ,ImagePath,NT AUTHORITY\SYSTEM,HKEY_LOCAL_MACHINE\SYSTEM\CurrentControlSet\Services\umbus\ImagePath,\SystemRoot\System32\drivers\umbus.sys
ST869VRJ,Classes\CLSID\{1719364F-1009-4F3F-A6F9-975CA0568D68}\InProcServer32,REG_EXPAND_SZ,,NT AUTHORITY\SYSTEM,HKEY_LOCAL_MACHINE\Software\Classes\CLSID\{1719364F-1009-4F3F-A6F9-975CA0568D68}\InProcServer32\,%SystemRoot%\System32\MSWB7.dll
ST869VRJ,Classes\CLSID\{BCEA735B-4DAC-4B71-9C47-1D560AFD2A9B}\InProcServer32,REG_SZ,,NT AUTHORITY\SYSTEM,HKEY_LOCAL_MACHINE\Software\Classes\CLSID\{BCEA735B-4DAC-4B71-9C47-1D560AFD2A9B}\InProcServer32\,C:\Windows\System32\DfsShlEx.dll
ST869VRJ,Classes\CLSID\{3B4BE995-61E3-430C-8977-0B21E4427BE7}\InProcServer32,REG_SZ,,NT AUTHORITY\SYSTEM,HKEY_LOCAL_MACHINE\Software\Classes\CLSID\{3B4BE995-61E3-430C-8977-0B21E4427BE7}\InProcServer32\,C:\Windows\System32\TSWorkspace.dll
ST869VRJ,CurrentControlSet\Services\Wcmsvc\Parameters\,REG_EXPAND_SZ,ServiceDll,NT AUTHORITY\SYSTEM,HKEY_LOCAL_MACHINE\SYSTEM\CurrentControlSet\Services\Wcmsvc\Parameters\ServiceDll,%SystemRoot%\System32\wcmsvc.dll
ST869VRJ,Classes\CLSID\{DD13DE77-D3BA-42D4-B5C6-7745FA4E2D4B}\InProcServer32,REG_SZ,,NT AUTHORITY\SYSTEM,HKEY_LOCAL_MACHINE\Software\Classes\CLSID\{DD13DE77-D3BA-42D4-B5C6-7745FA4E2D4B}\InProcServer32\,C:\Windows\System32\Dxtmsft.dll
ST869VRJ,Classes\CLSID\{D5AB5662-131D-453D-88C8-9BBA87502ADE}\InProcServer32,REG_SZ,,NT AUTHORITY\SYSTEM,HKEY_LOCAL_MACHINE\Software\Classes\CLSID\{D5AB5662-131D-453D-88C8-9BBA87502ADE}\InProcServer32\,C:\Windows\System32\mscoree.dll
ST869VRJ,CurrentControlSet\Services\UEFI\,REG_EXPAND_SZ,ImagePath,NT AUTHORITY\SYSTEM,HKEY_LOCAL_MACHINE\SYSTEM\CurrentControlSet\Services\UEFI\ImagePath,\SystemRoot\System32\drivers\UEFI.sys
ST869VRJ,Classes\CLSID\{05589F80-C356-11CE-BF01-00AA0055595A}\InProcServer32,REG_SZ,,NT AUTHORITY\SYSTEM,HKEY_LOCAL_MACHINE\Software\Classes\CLSID\{05589F80-C356-11CE-BF01-00AA0055595A}\InProcServer32\,C:\Windows\System32\kswdmcap.ax
ST869VRJ,Classes\CLSID\{35E946E4-7CDA-3824-8B24-D799A96309AD}\InProcServer32,REG_SZ,,NT AUTHORITY\SYSTEM,HKEY_LOCAL_MACHINE\Software\Classes\CLSID\{35E946E4-7CDA-3824-8B24-D799A96309AD}\InProcServer32\,C:\Windows\System32\mscoree.dll
ST869VRJ,Classes\CLSID\{3FAA93F3-79FB-4319-8387-B8FFE074FBDA}\InProcServer32,REG_EXPAND_SZ,,NT AUTHORITY\SYSTEM,HKEY_LOCAL_MACHINE\Software\Classes\CLSID\{3FAA93F3-79FB-4319-8387-B8FFE074FBDA}\InProcServer32\,%SystemRoot%\System32\NaturalLanguage6.dll
ST869VRJ,Classes\CLSID\{D7B70EE0-4340-11CF-B063-0020AFC2CD35}\InProcServer32,REG_EXPAND_SZ,,NT AUTHORITY\SYSTEM,HKEY_LOCAL_MACHINE\Software\Classes\CLSID\{D7B70EE0-4340-11CF-B063-0020AFC2CD35}\InProcServer32\,%SystemRoot%\system32\ddraw.dll
ST869VRJ,Classes\CLSID\{4C5EF749-A380-44FE-853D-FF928F2CD1AE}\InProcServer32,REG_EXPAND_SZ,,NT AUTHORITY\SYSTEM,HKEY_LOCAL_MACHINE\Software\Classes\CLSID\{4C5EF749-A380-44FE-853D-FF928F2CD1AE}\InProcServer32\,%SystemRoot%\System32\twinui.appcore.dll
ST869VRJ,CurrentControlSet\Services\UmPass\,REG_EXPAND_SZ,ImagePath,NT AUTHORITY\SYSTEM,HKEY_LOCAL_MACHINE\SYSTEM\CurrentControlSet\Services\UmPass\ImagePath,\SystemRoot\System32\drivers\umpass.sys
ST869VRJ,Classes\CLSID\{8c4fce56-fc9a-4fcb-bd35-2ccabfd93844}\InProcServer32,REG_EXPAND_SZ,,NT AUTHORITY\SYSTEM,HKEY_LOCAL_MACHINE\Software\Classes\CLSID\{8c4fce56-fc9a-4fcb-bd35-2ccabfd93844}\InProcServer32\,%SystemRoot%\system32\authui.dll
ST869VRJ,Classes\CLSID\{294935CE-F637-4E7C-A41B-AB255460B862}\InProcServer32,REG_EXPAND_SZ,,NT AUTHORITY\SYSTEM,HKEY_LOCAL_MACHINE\Software\Classes\CLSID\{294935CE-F637-4E7C-A41B-AB255460B862}\InProcServer32\,%SystemRoot%\System32\audioses.dll
ST869VRJ,Classes\CLSID\{9EFD4CF2-0BAA-350B-9D73-0974077B2F7B}\InProcServer32,REG_SZ,,NT AUTHORITY\SYSTEM,HKEY_LOCAL_MACHINE\Software\Classes\CLSID\{9EFD4CF2-0BAA-350B-9D73-0974077B2F7B}\InProcServer32\,C:\Windows\System32\mscoree.dll
ST869VRJ,Classes\CLSID\{FFCDB781-D71C-4D10-BD5F-0492EAFFD90A}\InProcServer32,REG_SZ,,NT AUTHORITY\SYSTEM,HKEY_LOCAL_MACHINE\Software\Classes\CLSID\{FFCDB781-D71C-4D10-BD5F-0492EAFFD90A}\InProcServer32\,C:\Windows\System32\faultrep.dll
ST869VRJ,CurrentControlSet\Services\swenum\,REG_EXPAND_SZ,ImagePath,NT AUTHORITY\SYSTEM,HKEY_LOCAL_MACHINE\SYSTEM\CurrentControlSet\Services\swenum\ImagePath,\SystemRoot\System32\drivers\swenum.sys
ST869VRJ,Classes\CLSID\{812F944A-C5C8-4CD9-B0A6-B3DA802F228D}\InProcServer32,REG_EXPAND_SZ,,NT AUTHORITY\SYSTEM,HKEY_LOCAL_MACHINE\Software\Classes\CLSID\{812F944A-C5C8-4CD9-B0A6-B3DA802F228D}\InProcServer32\,%SystemRoot%\System32\UIAnimation.dll
ST869VRJ,Classes\CLSID\{7DD30973-11DD-47B7-909A-69E5A36EC7C8}\InProcServer32,REG_SZ,,BUILTIN\Administrators,HKEY_LOCAL_MACHINE\Software\Classes\CLSID\{7DD30973-11DD-47B7-909A-69E5A36EC7C8}\InProcServer32\,c:\PROGRA~1\mcafee\vul\mcvulshm.dll
ST869VRJ,Classes\CLSID\{f235ce7d-b143-4d4f-ad93-64e48d53a5fb}\InProcServer32,REG_EXPAND_SZ,,NT AUTHORITY\SYSTEM,HKEY_LOCAL_MACHINE\Software\Classes\CLSID\{f235ce7d-b143-4d4f-ad93-64e48d53a5fb}\InProcServer32\,%SystemRoot%\system32\SearchFolder.dll
ST869VRJ,Wow6432Node\Classes\CLSID\{94C00EC1-6E51-447A-87FA-8DF83767C155}\InProcServer32,REG_SZ,,NT AUTHORITY\SYSTEM,HKEY_LOCAL_MACHINE\Software\Wow6432Node\Classes\CLSID\{94C00EC1-6E51-447A-87FA-8DF83767C155}\InProcServer32\,C:\Windows\SysWOW64\jscript9diag.dll
ST869VRJ,Wow6432Node\Classes\CLSID\{3C9EE142-8A59-4813-A633-206E0C95EA23}\InProcServer32,REG_SZ,,NT AUTHORITY\SYSTEM,HKEY_LOCAL_MACHINE\Software\Wow6432Node\Classes\CLSID\{3C9EE142-8A59-4813-A633-206E0C95EA23}\InProcServer32\,C:\Windows\SysWOW64\IME\SHARED\imebrokerps.dll
ST869VRJ,Classes\CLSID\{7007ACC5-3202-11D1-AAD2-00805FC1270E}\InProcServer32,REG_EXPAND_SZ,,NT AUTHORITY\SYSTEM,HKEY_LOCAL_MACHINE\Software\Classes\CLSID\{7007ACC5-3202-11D1-AAD2-00805FC1270E}\InProcServer32\,%SystemRoot%\System32\netshell.dll
ST869VRJ,Classes\CLSID\{E33596A6-9108-4C75-B1EE-2EB53D91B48C}\InProcServer32,REG_EXPAND_SZ,,NT AUTHORITY\SYSTEM,HKEY_LOCAL_MACHINE\Software\Classes\CLSID\{E33596A6-9108-4C75-B1EE-2EB53D91B48C}\InProcServer32\,%SystemRoot%\System32\MSWB7.dll
ST869VRJ,Classes\CLSID\{60400283-b242-4fa8-8c25-caf695b88209}\InProcServer32,REG_SZ,,NT AUTHORITY\SYSTEM,HKEY_LOCAL_MACHINE\Software\Classes\CLSID\{60400283-b242-4fa8-8c25-caf695b88209}\InProcServer32\,C:\Windows\System32\pnppolicy.dll
ST869VRJ,Wow6432Node\Classes\CLSID\{92BDB7E4-F28B-46A0-B551-45A52BDD5125}\InProcServer32,REG_SZ,,NT AUTHORITY\SYSTEM,HKEY_LOCAL_MACHINE\Software\Wow6432Node\Classes\CLSID\{92BDB7E4-F28B-46A0-B551-45A52BDD5125}\InProcServer32\,C:\Windows\SysWOW64\tschannel.dll
ST869VRJ,Classes\CLSID\{4ABF5A06-5568-4834-BEE3-327A6D95A685}\InProcServer32,REG_SZ,,NT AUTHORITY\SYSTEM,HKEY_LOCAL_MACHINE\Software\Classes\CLSID\{4ABF5A06-5568-4834-BEE3-327A6D95A685}\InProcServer32\,C:\Windows\System32\Dxtmsft.dll
ST869VRJ,Classes\CLSID\{4CDC41C7-C20F-4163-992D-10AC7FBF0BE3}\InProcServer32,REG_EXPAND_SZ,,NT AUTHORITY\SYSTEM,HKEY_LOCAL_MACHINE\Software\Classes\CLSID\{4CDC41C7-C20F-4163-992D-10AC7FBF0BE3}\InProcServer32\,%SystemRoot%\system32\authui.dll
ST869VRJ,Wow6432Node\Classes\CLSID\{D5DE8D20-5BB8-11D1-A1E3-00A0C90F2731}\InProcServer32,REG_SZ,,NT AUTHORITY\SYSTEM,HKEY_LOCAL_MACHINE\Software\Wow6432Node\Classes\CLSID\{D5DE8D20-5BB8-11D1-A1E3-00A0C90F2731}\InProcServer32\,C:\Windows\SysWOW64\msvbvm60.dll
ST869VRJ,Classes\CLSID\{6279b7cb-d768-4fbe-a6d5-add4f711e53b}\InProcServer32,REG_SZ,,NT AUTHORITY\SYSTEM,HKEY_LOCAL_MACHINE\Software\Classes\CLSID\{6279b7cb-d768-4fbe-a6d5-add4f711e53b}\InProcServer32\,C:\Windows\System32\IME\IMEJP\APPLETS\imjpkdic.dll
ST869VRJ,Classes\CLSID\{B345DB9D-2FBE-4267-ADA2-5EFBFBF9C42F}\InProcServer32,REG_SZ,,BUILTIN\Administrators,HKEY_LOCAL_MACHINE\Software\Classes\CLSID\{B345DB9D-2FBE-4267-ADA2-5EFBFBF9C42F}\InProcServer32\,C:\Program Files\Common Files\McAfee\PEF\CORE\PEFWebObjects.dll
ST869VRJ,Classes\CLSID\{562E13B7-17D5-4393-A51E-BF1EFCB2AB13}\InProcServer32,REG_SZ,,BUILTIN\Administrators,HKEY_LOCAL_MACHINE\Software\Classes\CLSID\{562E13B7-17D5-4393-A51E-BF1EFCB2AB13}\InProcServer32\,c:\PROGRA~1\mcafee\msc\rprtshm.dll
ST869VRJ,Classes\CLSID\{2670E39B-AD89-451F-8220-DD8FC72E74D6}\InProcServer32,REG_SZ,,BUILTIN\Administrators,HKEY_LOCAL_MACHINE\Software\Classes\CLSID\{2670E39B-AD89-451F-8220-DD8FC72E74D6}\InProcServer32\,c:\PROGRA~1\mcafee\msc\mclogshm.dll
ST869VRJ,Classes\CLSID\{71f96385-ddd6-48d3-a0c1-ae06e8b055fb}\InProcServer32,REG_EXPAND_SZ,,NT AUTHORITY\SYSTEM,HKEY_LOCAL_MACHINE\Software\Classes\CLSID\{71f96385-ddd6-48d3-a0c1-ae06e8b055fb}\InProcServer32\,%SystemRoot%\system32\shell32.dll
ST869VRJ,Classes\CLSID\{DCFD3EA8-D960-4719-8206-490AE315F94F}\InProcServer32,REG_SZ,,NT AUTHORITY\SYSTEM,HKEY_LOCAL_MACHINE\Software\Classes\CLSID\{DCFD3EA8-D960-4719-8206-490AE315F94F}\InProcServer32\,C:\Windows\System32\discan.dll
ST869VRJ,Classes\CLSID\{74BDD0B9-38D7-3FDA-A67E-D404EE684F24}\InProcServer32,REG_SZ,,NT AUTHORITY\SYSTEM,HKEY_LOCAL_MACHINE\Software\Classes\CLSID\{74BDD0B9-38D7-3FDA-A67E-D404EE684F24}\InProcServer32\,C:\Windows\System32\mscoree.dll
ST869VRJ,Classes\CLSID\{3f454f0e-42ae-4d7c-8ea3-328250d6e272}\InProcServer32,REG_EXPAND_SZ,,NT AUTHORITY\SYSTEM,HKEY_LOCAL_MACHINE\Software\Classes\CLSID\{3f454f0e-42ae-4d7c-8ea3-328250d6e272}\InProcServer32\,%SystemRoot%\system32\shell32.dll
ST869VRJ,Classes\CLSID\{2D4156A2-897A-11DB-BA21-001185AD2B89}\InProcServer32,REG_SZ,,NT AUTHORITY\SYSTEM,HKEY_LOCAL_MACHINE\Software\Classes\CLSID\{2D4156A2-897A-11DB-BA21-001185AD2B89}\InProcServer32\,C:\Windows\System32\nlmgp.dll
ST869VRJ,Classes\CLSID\{7FF0997A-1999-4286-A73C-622B8814E7EB}\InProcServer32,REG_SZ,,NT AUTHORITY\SYSTEM,HKEY_LOCAL_MACHINE\Software\Classes\CLSID\{7FF0997A-1999-4286-A73C-622B8814E7EB}\InProcServer32\,C:\Windows\System32\encapi.dll
ST869VRJ,Classes\CLSID\{89F38560-A0AE-4D8C-9E8F-83D4DB8A9F85}\InProcServer32,REG_EXPAND_SZ,,NT AUTHORITY\SYSTEM,HKEY_LOCAL_MACHINE\Software\Classes\CLSID\{89F38560-A0AE-4D8C-9E8F-83D4DB8A9F85}\InProcServer32\,%SystemRoot%\System32\NaturalLanguage6.dll
ST869VRJ,Classes\CLSID\{1D428C79-6E2E-4351-A361-C0401A03A0BA}\InProcServer32,REG_SZ,,NT AUTHORITY\SYSTEM,HKEY_LOCAL_MACHINE\Software\Classes\CLSID\{1D428C79-6E2E-4351-A361-C0401A03A0BA}\InProcServer32\,C:\Windows\System32\TSWorkspace.dll
ST869VRJ,Classes\CLSID\{72d3edc2-a4c4-11d0-8533-00c04fd8d503}\InProcServer32,REG_EXPAND_SZ,,NT AUTHORITY\SYSTEM,HKEY_LOCAL_MACHINE\Software\Classes\CLSID\{72d3edc2-a4c4-11d0-8533-00c04fd8d503}\InProcServer32\,%SystemRoot%\system32\activeds.dll
ST869VRJ,Classes\CLSID\{94B23D4D-1040-4C4B-9081-85D8D6FA36C4}\InProcServer32,REG_EXPAND_SZ,,NT AUTHORITY\SYSTEM,HKEY_LOCAL_MACHINE\Software\Classes\CLSID\{94B23D4D-1040-4C4B-9081-85D8D6FA36C4}\InProcServer32\,%SystemRoot%\system32\twinui.dll
ST869VRJ,Classes\CLSID\{1AA7F83A-C7F5-11D0-A376-00C04FC9DA04}\InProcServer32,REG_EXPAND_SZ,,NT AUTHORITY\SYSTEM,HKEY_LOCAL_MACHINE\Software\Classes\CLSID\{1AA7F83A-C7F5-11D0-A376-00C04FC9DA04}\InProcServer32\,%SystemRoot%\System32\mprsnap.dll
ST869VRJ,Microsoft\Windows NT\CurrentVersion\Image File Execution Options\DllNXOptions\,REG_DWORD,jvm_g.dll,NT AUTHORITY\SYSTEM,HKEY_LOCAL_MACHINE\Software\Microsoft\Windows NT\CurrentVersion\Image File Execution Options\DllNXOptions\jvm_g.dll,1
ST869VRJ,Classes\CLSID\{5F5295E0-429F-1069-A2E2-08002B30309D}\InProcServer32,REG_EXPAND_SZ,,NT AUTHORITY\SYSTEM,HKEY_LOCAL_MACHINE\Software\Classes\CLSID\{5F5295E0-429F-1069-A2E2-08002B30309D}\InProcServer32\,%SystemRoot%\system32\shell32.dll
ST869VRJ,Classes\CLSID\{0BE35202-8F91-11CE-9DE3-00AA004BB851}\InProcServer32,REG_SZ,,NT AUTHORITY\SYSTEM,HKEY_LOCAL_MACHINE\Software\Classes\CLSID\{0BE35202-8F91-11CE-9DE3-00AA004BB851}\InProcServer32\,C:\Windows\System32\mfc42u.dll
ST869VRJ,Classes\CLSID\{E7E79A30-4F2C-4FAB-8D00-394F2D6BBEBE}\InProcServer32,REG_EXPAND_SZ,,NT AUTHORITY\SYSTEM,HKEY_LOCAL_MACHINE\Software\Classes\CLSID\{E7E79A30-4F2C-4FAB-8D00-394F2D6BBEBE}\InProcServer32\,%SystemRoot%\system32\windowscodecsext.dll
ST869VRJ,Classes\CLSID\{7F1899DA-62A6-11D0-A2C6-00C04FD909DD}\InProcServer32,REG_EXPAND_SZ,,NT AUTHORITY\SYSTEM,HKEY_LOCAL_MACHINE\Software\Classes\CLSID\{7F1899DA-62A6-11D0-A2C6-00C04FD909DD}\InProcServer32\,%SystemRoot%\system32\mmcndmgr.dll
ST869VRJ,Wow6432Node\Classes\CLSID\{07AA0886-CC8D-4e19-A410-1C75AF686E62}\InProcServer32,REG_SZ,,NT AUTHORITY\SYSTEM,HKEY_LOCAL_MACHINE\Software\Wow6432Node\Classes\CLSID\{07AA0886-CC8D-4e19-A410-1C75AF686E62}\InProcServer32\,C:\Windows\SysWOW64\l2nacp.dll
ST869VRJ,Classes\CLSID\{563DC062-B09A-11D2-A24D-00104BD35090}\InProcServer32,REG_SZ,,NT AUTHORITY\SYSTEM,HKEY_LOCAL_MACHINE\Software\Classes\CLSID\{563DC062-B09A-11D2-A24D-00104BD35090}\InProcServer32\,C:\Windows\System32\wshcon.dll
ST869VRJ,Classes\CLSID\{6B462062-7CBF-400D-9FDB-813DD10F2778}\InProcServer32,REG_EXPAND_SZ,,NT AUTHORITY\SYSTEM,HKEY_LOCAL_MACHINE\Software\Classes\CLSID\{6B462062-7CBF-400D-9FDB-813DD10F2778}\InProcServer32\,%SystemRoot%\system32\windowscodecs.dll
ST869VRJ,Classes\CLSID\{FAD7C22E-971B-4681-B836-83FAB87D74C2}\InProcServer32,REG_SZ,,NT AUTHORITY\SYSTEM,HKEY_LOCAL_MACHINE\Software\Classes\CLSID\{FAD7C22E-971B-4681-B836-83FAB87D74C2}\InProcServer32\,C:\Windows\System32\twinui.dll
ST869VRJ,Classes\CLSID\{F5078F31-C551-11D3-89B9-0000F81FE221}\InProcServer32,REG_EXPAND_SZ,,NT AUTHORITY\SYSTEM,HKEY_LOCAL_MACHINE\Software\Classes\CLSID\{F5078F31-C551-11D3-89B9-0000F81FE221}\InProcServer32\,%SystemRoot%\System32\msxml3.dll
ST869VRJ,Classes\CLSID\{7C23220E-55BB-11D3-8B16-00C04FB6BD3D}\InProcServer32,REG_SZ,,NT AUTHORITY\SYSTEM,HKEY_LOCAL_MACHINE\Software\Classes\CLSID\{7C23220E-55BB-11D3-8B16-00C04FB6BD3D}\InProcServer32\,C:\Windows\System32\qasf.dll
ST869VRJ,Classes\CLSID\{7775dec3-6a3e-4c57-bac2-4f1774e54b1b}\InProcServer32,REG_SZ,,NT AUTHORITY\SYSTEM,HKEY_LOCAL_MACHINE\Software\Classes\CLSID\{7775dec3-6a3e-4c57-bac2-4f1774e54b1b}\InProcServer32\,C:\Windows\System32\DevicePairing.dll
ST869VRJ,Classes\CLSID\{7CD4F369-6379-4EBB-86D4-87DA8E63CA3B}\InProcServer32,REG_SZ,,NT AUTHORITY\SYSTEM,HKEY_LOCAL_MACHINE\Software\Classes\CLSID\{7CD4F369-6379-4EBB-86D4-87DA8E63CA3B}\InProcServer32\,C:\Windows\System32\Windows.ApplicationModel.Store.dll
ST869VRJ,Classes\CLSID\{205447d9-4af1-4f97-a773-e10ff2e44ead}\InProcServer32,REG_EXPAND_SZ,,NT AUTHORITY\SYSTEM,HKEY_LOCAL_MACHINE\Software\Classes\CLSID\{205447d9-4af1-4f97-a773-e10ff2e44ead}\InProcServer32\,%SystemRoot%\System32\twinui.appcore.dll
ST869VRJ,Classes\CLSID\{F86DEAA3-3A0C-4CF6-8E1F-747FED85AB4E}\InProcServer32,REG_EXPAND_SZ,,NT AUTHORITY\SYSTEM,HKEY_LOCAL_MACHINE\Software\Classes\CLSID\{F86DEAA3-3A0C-4CF6-8E1F-747FED85AB4E}\InProcServer32\,%SystemRoot%\system32\explorerframe.dll
ST869VRJ,Classes\CLSID\{548968f5-17f7-4751-a581-ff0f1c732995}\InProcServer32,REG_EXPAND_SZ,,NT AUTHORITY\SYSTEM,HKEY_LOCAL_MACHINE\Software\Classes\CLSID\{548968f5-17f7-4751-a581-ff0f1c732995}\InProcServer32\,%SystemRoot%\system32\authui.dll
ST869VRJ,Classes\CLSID\{ADC6CB88-424C-11D2-952A-00C04FA34F05}\InProcServer32,REG_SZ,,NT AUTHORITY\SYSTEM,HKEY_LOCAL_MACHINE\Software\Classes\CLSID\{ADC6CB88-424C-11D2-952A-00C04FA34F05}\InProcServer32\,C:\Windows\System32\Dxtmsft.dll
ST869VRJ,Classes\CLSID\{3A410F21-553F-11d1-8E5E-00A0C92C9D5D}\InProcServer32,REG_EXPAND_SZ,,NT AUTHORITY\SYSTEM,HKEY_LOCAL_MACHINE\Software\Classes\CLSID\{3A410F21-553F-11d1-8E5E-00A0C92C9D5D}\InProcServer32\,%SystemRoot%\System32\dmintf.dll
ST869VRJ,Classes\CLSID\{ce2f5d02-a575-4f4c-ad73-34baf96f8512}\InProcServer32,REG_SZ,,NT AUTHORITY\SYSTEM,HKEY_LOCAL_MACHINE\Software\Classes\CLSID\{ce2f5d02-a575-4f4c-ad73-34baf96f8512}\InProcServer32\,C:\Windows\System32\IME\shared\imeapis.dll
ST869VRJ,Classes\CLSID\{E26D02A2-4C1F-11D1-9AA1-00C04FC3357A}\InProcServer32,REG_SZ,,NT AUTHORITY\SYSTEM,HKEY_LOCAL_MACHINE\Software\Classes\CLSID\{E26D02A2-4C1F-11D1-9AA1-00C04FC3357A}\InProcServer32\,C:\Windows\System32\tapisnap.dll
ST869VRJ,Classes\CLSID\{0b2c9183-c9fa-4c53-ae21-c900b0c39965}\InProcServer32,REG_EXPAND_SZ,,NT AUTHORITY\SYSTEM,HKEY_LOCAL_MACHINE\Software\Classes\CLSID\{0b2c9183-c9fa-4c53-ae21-c900b0c39965}\InProcServer32\,%SystemRoot%\system32\SearchFolder.dll
ST869VRJ,Classes\CLSID\{0CE809D3-1D8B-4321-9F89-3F49CEA8B15C}\InProcServer32,REG_SZ,,BUILTIN\Administrators,HKEY_LOCAL_MACHINE\Software\Classes\CLSID\{0CE809D3-1D8B-4321-9F89-3F49CEA8B15C}\InProcServer32\,c:\PROGRA~1\COMMON~1\mcafee\HACKER~1\hwapi.dll
ST869VRJ,Classes\CLSID\{0EB285C9-E821-4DA7-B705-360AD55A89AD}\InProcServer32,REG_EXPAND_SZ,,NT AUTHORITY\SYSTEM,HKEY_LOCAL_MACHINE\Software\Classes\CLSID\{0EB285C9-E821-4DA7-B705-360AD55A89AD}\InProcServer32\,%SystemRoot%\System32\MSWB7.dll
ST869VRJ,Classes\CLSID\{4D3BD4B7-AD22-4DC4-B889-311DAE0D8AEB}\InProcServer32,REG_SZ,,NT AUTHORITY\SYSTEM,HKEY_LOCAL_MACHINE\Software\Classes\CLSID\{4D3BD4B7-AD22-4DC4-B889-311DAE0D8AEB}\InProcServer32\,C:\Windows\System32\Windows.UI.dll
ST869VRJ,Classes\CLSID\{43A1BB0E-2CE9-405C-8799-12E7D7550D3F}\InProcServer32,REG_EXPAND_SZ,,NT AUTHORITY\SYSTEM,HKEY_LOCAL_MACHINE\Software\Classes\CLSID\{43A1BB0E-2CE9-405C-8799-12E7D7550D3F}\InProcServer32\,%SystemRoot%\System32\twinui.dll
ST869VRJ,Classes\CLSID\{1D1F0730-0748-4b5f-81DF-865694BD07AC}\InProcServer32,REG_SZ,,NT AUTHORITY\SYSTEM,HKEY_LOCAL_MACHINE\Software\Classes\CLSID\{1D1F0730-0748-4b5f-81DF-865694BD07AC}\InProcServer32\,C:\Windows\System32\ieframe.dll
ST869VRJ,Classes\CLSID\{2559a1f8-21d7-11d4-bdaf-00c04f60b9f0}\InProcServer32,REG_EXPAND_SZ,,NT AUTHORITY\SYSTEM,HKEY_LOCAL_MACHINE\Software\Classes\CLSID\{2559a1f8-21d7-11d4-bdaf-00c04f60b9f0}\InProcServer32\,%SystemRoot%\System32\shell32.dll
ST869VRJ,Classes\CLSID\{1D6322AD-AA85-4EF5-A828-86D71067D145}\InProcServer32,REG_EXPAND_SZ,,NT AUTHORITY\SYSTEM,HKEY_LOCAL_MACHINE\Software\Classes\CLSID\{1D6322AD-AA85-4EF5-A828-86D71067D145}\InProcServer32\,%SystemRoot%\System32\UIAnimation.dll
ST869VRJ,Classes\CLSID\{5DC41692-C6A6-11d1-9D35-006008B0E5CA}\InProcServer32,REG_SZ,,NT AUTHORITY\SYSTEM,HKEY_LOCAL_MACHINE\Software\Classes\CLSID\{5DC41692-C6A6-11d1-9D35-006008B0E5CA}\InProcServer32\,C:\Windows\System32\catsrvut.dll
ST869VRJ,Classes\CLSID\{A17DA8D0-F67D-47A0-9EC4-19C486383206}\InProcServer32,REG_SZ,,NT AUTHORITY\SYSTEM,HKEY_LOCAL_MACHINE\Software\Classes\CLSID\{A17DA8D0-F67D-47A0-9EC4-19C486383206}\InProcServer32\,C:\Windows\System32\ipsmsnap.dll
ST869VRJ,Classes\CLSID\{0A14D3FF-EC53-450f-AA30-FFBC55BE26A2}\InProcServer32,REG_EXPAND_SZ,,NT AUTHORITY\SYSTEM,HKEY_LOCAL_MACHINE\Software\Classes\CLSID\{0A14D3FF-EC53-450f-AA30-FFBC55BE26A2}\InProcServer32\,%SystemRoot%\system32\sppcomapi.dll
ST869VRJ,Classes\CLSID\{019f7150-e6db-11d0-83c3-00c04fddb82e}\InProcServer32,REG_SZ,,NT AUTHORITY\SYSTEM,HKEY_LOCAL_MACHINE\Software\Classes\CLSID\{019f7150-e6db-11d0-83c3-00c04fddb82e}\InProcServer32\,C:\Windows\System32\IME\IMEJP\imjpapi.dll
ST869VRJ,Classes\CLSID\{73959FD1-7360-42F7-807D-622341783DC0}\InProcServer32,REG_SZ,,NT AUTHORITY\SYSTEM,HKEY_LOCAL_MACHINE\Software\Classes\CLSID\{73959FD1-7360-42F7-807D-622341783DC0}\InProcServer32\,C:\Windows\System32\AppXDeploymentClient.dll
ST869VRJ,Classes\CLSID\{AF9F2C0D-6B9F-4e32-A94D-A3E235A31BF7}\InProcServer32,REG_EXPAND_SZ,,NT AUTHORITY\SYSTEM,HKEY_LOCAL_MACHINE\Software\Classes\CLSID\{AF9F2C0D-6B9F-4e32-A94D-A3E235A31BF7}\InProcServer32\,%SystemRoot%\system32\shell32.dll
ST869VRJ,Classes\CLSID\{92ab5af7-a374-417e-b2e2-9b317353a322}\InProcServer32,REG_EXPAND_SZ,,NT AUTHORITY\SYSTEM,HKEY_LOCAL_MACHINE\Software\Classes\CLSID\{92ab5af7-a374-417e-b2e2-9b317353a322}\InProcServer32\,%SystemRoot%\system32\shell32.dll
ST869VRJ,Classes\CLSID\{6BC096E4-0CE6-11D1-BAAE-00C04FC2E20D}\InProcServer32,REG_EXPAND_SZ,,NT AUTHORITY\SYSTEM,HKEY_LOCAL_MACHINE\Software\Classes\CLSID\{6BC096E4-0CE6-11D1-BAAE-00C04FC2E20D}\InProcServer32\,%SystemRoot%\system32\iasnap.dll
ST869VRJ,Classes\CLSID\{3124C396-FB13-4836-A6AD-1317F1713688}\InProcServer32,REG_EXPAND_SZ,,NT AUTHORITY\SYSTEM,HKEY_LOCAL_MACHINE\Software\Classes\CLSID\{3124C396-FB13-4836-A6AD-1317F1713688}\InProcServer32\,%SystemRoot%\System32\msxml3.dll
ST869VRJ,Classes\CLSID\{15fc1bac-8d83-4e87-8cc2-a70c9f66f943}\InProcServer32,REG_EXPAND_SZ,,NT AUTHORITY\SYSTEM,HKEY_LOCAL_MACHINE\Software\Classes\CLSID\{15fc1bac-8d83-4e87-8cc2-a70c9f66f943}\InProcServer32\,%SystemRoot%\System32\usercpl.dll
ST869VRJ,Classes\CLSID\{3BEE4890-4FE9-4A37-8C1E-5E7E12791C1F}\InProcServer32,REG_EXPAND_SZ,,NT AUTHORITY\SYSTEM,HKEY_LOCAL_MACHINE\Software\Classes\CLSID\{3BEE4890-4FE9-4A37-8C1E-5E7E12791C1F}\InProcServer32\,%SystemRoot%\System32\Speech\Common\sapi.dll
ST869VRJ,Classes\CLSID\{2933BF94-7B36-11D2-B20E-00C04F983E60}\InProcServer32,REG_EXPAND_SZ,,NT AUTHORITY\SYSTEM,HKEY_LOCAL_MACHINE\Software\Classes\CLSID\{2933BF94-7B36-11D2-B20E-00C04F983E60}\InProcServer32\,%SystemRoot%\System32\msxml3.dll
ST869VRJ,Classes\CLSID\{0FDE1D55-B32D-48D6-914C-FF77BB218491}\InProcServer32,REG_SZ,,NT AUTHORITY\SYSTEM,HKEY_LOCAL_MACHINE\Software\Classes\CLSID\{0FDE1D55-B32D-48D6-914C-FF77BB218491}\InProcServer32\,C:\Windows\System32\SeVA.dll
ST869VRJ,Classes\CLSID\{A0227FFC-3AA7-4dc3-9FD7-125745C9EAF6}\InProcServer32,REG_SZ,,NT AUTHORITY\SYSTEM,HKEY_LOCAL_MACHINE\Software\Classes\CLSID\{A0227FFC-3AA7-4dc3-9FD7-125745C9EAF6}\InProcServer32\,C:\Windows\System32\vidcap.ax
ST869VRJ,Classes\CLSID\{596742A5-1393-4e13-8765-AE1DF71ACAFB}\InProcServer32,REG_EXPAND_SZ,,NT AUTHORITY\SYSTEM,HKEY_LOCAL_MACHINE\Software\Classes\CLSID\{596742A5-1393-4e13-8765-AE1DF71ACAFB}\InProcServer32\,%SystemRoot%\system32\explorerframe.dll
ST869VRJ,Classes\CLSID\{3283EEBF-E67D-31AC-8481-A968F3A77E9A}\InProcServer32,REG_SZ,,NT AUTHORITY\SYSTEM,HKEY_LOCAL_MACHINE\Software\Classes\CLSID\{3283EEBF-E67D-31AC-8481-A968F3A77E9A}\InProcServer32\,C:\Windows\System32\mscoree.dll
ST869VRJ,Wow6432Node\Classes\CLSID\{22e5fca2-9c7c-4239-8aed-4d0623f532d8}\InProcServer32,REG_SZ,,NT AUTHORITY\SYSTEM,HKEY_LOCAL_MACHINE\Software\Wow6432Node\Classes\CLSID\{22e5fca2-9c7c-4239-8aed-4d0623f532d8}\InProcServer32\,C:\Windows\SysWOW64\setup\cmmigr.dll
ST869VRJ,Classes\CLSID\{2846AE5E-A9FA-36CF-B2D1-6E95596DBDE7}\InProcServer32,REG_SZ,,NT AUTHORITY\SYSTEM,HKEY_LOCAL_MACHINE\Software\Classes\CLSID\{2846AE5E-A9FA-36CF-B2D1-6E95596DBDE7}\InProcServer32\,C:\Windows\System32\mscoree.dll
ST869VRJ,Classes\CLSID\{5BFF4E02-D379-4050-A382-C6504A980D46}\InProcServer32,REG_EXPAND_SZ,,NT AUTHORITY\SYSTEM,HKEY_LOCAL_MACHINE\Software\Classes\CLSID\{5BFF4E02-D379-4050-A382-C6504A980D46}\InProcServer32\,%SystemRoot%\System32\powercpl.dll
ST869VRJ,Classes\CLSID\{f05cca50-64a6-47df-a4d1-ef4427ab32be}\InProcServer32,REG_EXPAND_SZ,,NT AUTHORITY\SYSTEM,HKEY_LOCAL_MACHINE\Software\Classes\CLSID\{f05cca50-64a6-47df-a4d1-ef4427ab32be}\InProcServer32\,%SystemRoot%\system32\shdocvw.dll
ST869VRJ,Classes\CLSID\{0E3F1A07-DA76-4168-BA0F-4AFA3007CEFF}\InProcServer32,REG_SZ,,BUILTIN\Administrators,HKEY_LOCAL_MACHINE\Software\Classes\CLSID\{0E3F1A07-DA76-4168-BA0F-4AFA3007CEFF}\InProcServer32\,C:\Program Files\Common Files\McAfee\McProxy\proxyver.dll
ST869VRJ,Classes\CLSID\{ADB880A4-D8FF-11CF-9377-00AA003B7A11}\InProcServer32,REG_SZ,,NT AUTHORITY\SYSTEM,HKEY_LOCAL_MACHINE\Software\Classes\CLSID\{ADB880A4-D8FF-11CF-9377-00AA003B7A11}\InProcServer32\,C:\Windows\System32\hhctrl.ocx
ST869VRJ,Classes\CLSID\{163FDC20-2ABC-11d0-88F0-00A024AB2DBB}\InProcServer32,REG_EXPAND_SZ,,NT AUTHORITY\SYSTEM,HKEY_LOCAL_MACHINE\Software\Classes\CLSID\{163FDC20-2ABC-11d0-88F0-00A024AB2DBB}\InProcServer32\,%SystemRoot%\system32\dsquery.dll
ST869VRJ,CurrentControlSet\Services\Spooler\,REG_EXPAND_SZ,ImagePath,NT AUTHORITY\SYSTEM,HKEY_LOCAL_MACHINE\SYSTEM\CurrentControlSet\Services\Spooler\ImagePath,%SystemRoot%\System32\spoolsv.exe
ST869VRJ,Classes\CLSID\{7007ACC7-3202-11D1-AAD2-00805FC1270E}\InProcServer32,REG_EXPAND_SZ,,NT AUTHORITY\SYSTEM,HKEY_LOCAL_MACHINE\Software\Classes\CLSID\{7007ACC7-3202-11D1-AAD2-00805FC1270E}\InProcServer32\,%SystemRoot%\System32\netshell.dll
ST869VRJ,Classes\CLSID\{13a4bbe8-6527-40cb-a996-1602829541ef}\InProcServer32,REG_EXPAND_SZ,,NT AUTHORITY\SYSTEM,HKEY_LOCAL_MACHINE\Software\Classes\CLSID\{13a4bbe8-6527-40cb-a996-1602829541ef}\InProcServer32\,%SystemRoot%\System32\explorerframe.dll
ST869VRJ,Classes\CLSID\{0A3976C5-4529-4ef8-B0B0-42EED37082CD}\InProcServer32,REG_SZ,,NT AUTHORITY\SYSTEM,HKEY_LOCAL_MACHINE\Software\Classes\CLSID\{0A3976C5-4529-4ef8-B0B0-42EED37082CD}\InProcServer32\,C:\Windows\System32\mscoree.dll
ST869VRJ,Classes\CLSID\{EFE6629C-81F7-4281-BD91-C9D604A95AF6}\InProcServer32,REG_EXPAND_SZ,,NT AUTHORITY\SYSTEM,HKEY_LOCAL_MACHINE\Software\Classes\CLSID\{EFE6629C-81F7-4281-BD91-C9D604A95AF6}\InProcServer32\,%SystemRoot%\System32\dsdmo.dll
ST869VRJ,Classes\CLSID\{4C8A0917-F587-4ECF-9C89-48147528F4E1}\InProcServer32,REG_EXPAND_SZ,,NT AUTHORITY\SYSTEM,HKEY_LOCAL_MACHINE\Software\Classes\CLSID\{4C8A0917-F587-4ECF-9C89-48147528F4E1}\InProcServer32\,%SystemRoot%\system32\tscfgwmi.dll
ST869VRJ,Classes\CLSID\{0363215C-3B87-4C3D-8300-FF3FD3E02B91}\InProcServer32,REG_EXPAND_SZ,,NT AUTHORITY\SYSTEM,HKEY_LOCAL_MACHINE\Software\Classes\CLSID\{0363215C-3B87-4C3D-8300-FF3FD3E02B91}\InProcServer32\,%SystemRoot%\System32\twinui.appcore.dll
ST869VRJ,Classes\CLSID\{66eea0f5-001a-4073-a496-783f86fcf4c0}\InProcServer32,REG_EXPAND_SZ,,NT AUTHORITY\SYSTEM,HKEY_LOCAL_MACHINE\Software\Classes\CLSID\{66eea0f5-001a-4073-a496-783f86fcf4c0}\InProcServer32\,%SystemRoot%\system32\shell32.dll
ST869VRJ,Classes\CLSID\{187463A0-5BB7-11D3-ACBE-0080C75E246E}\InProcServer32,REG_SZ,,NT AUTHORITY\SYSTEM,HKEY_LOCAL_MACHINE\Software\Classes\CLSID\{187463A0-5BB7-11D3-ACBE-0080C75E246E}\InProcServer32\,C:\Windows\System32\qasf.dll
ST869VRJ,Classes\CLSID\{00000301-A8F2-4877-BA0A-FD2B6645FB94}\InProcServer32,REG_EXPAND_SZ,,NT AUTHORITY\SYSTEM,HKEY_LOCAL_MACHINE\Software\Classes\CLSID\{00000301-A8F2-4877-BA0A-FD2B6645FB94}\InProcServer32\,%SystemRoot%\system32\windowscodecs.dll
ST869VRJ,Classes\CLSID\{777BA853-2498-4875-933A-3067DE883070}\InProcServer32,REG_EXPAND_SZ,,NT AUTHORITY\SYSTEM,HKEY_LOCAL_MACHINE\Software\Classes\CLSID\{777BA853-2498-4875-933A-3067DE883070}\InProcServer32\,%SystemRoot%\system32\xwtpdui.dll
ST869VRJ,Classes\CLSID\{0DBD7044-8EA5-4573-A924-FE8565CCE18F}\InProcServer32,REG_EXPAND_SZ,,NT AUTHORITY\SYSTEM,HKEY_LOCAL_MACHINE\Software\Classes\CLSID\{0DBD7044-8EA5-4573-A924-FE8565CCE18F}\InProcServer32\,%SystemRoot%\system32\shell32.dll
ST869VRJ,Classes\CLSID\{7AB36653-1796-484B-BDFA-E74F1DB7C1DC}\InProcServer32,REG_SZ,,NT AUTHORITY\SYSTEM,HKEY_LOCAL_MACHINE\Software\Classes\CLSID\{7AB36653-1796-484B-BDFA-E74F1DB7C1DC}\InProcServer32\,C:\Windows\System32\MsSpellCheckingFacility.dll
ST869VRJ,Classes\CLSID\{1206F5F1-0569-412C-8FEC-3204630DFB70}\InProcServer32,REG_EXPAND_SZ,,NT AUTHORITY\SYSTEM,HKEY_LOCAL_MACHINE\Software\Classes\CLSID\{1206F5F1-0569-412C-8FEC-3204630DFB70}\InProcServer32\,%SystemRoot%\System32\shdocvw.dll
ST869VRJ,Classes\CLSID\{1c391f2b-801a-416c-9838-6be810293dfc}\InProcServer32,REG_EXPAND_SZ,,NT AUTHORITY\SYSTEM,HKEY_LOCAL_MACHINE\Software\Classes\CLSID\{1c391f2b-801a-416c-9838-6be810293dfc}\InProcServer32\,%SystemRoot%\system32\shell32.dll
ST869VRJ,Classes\CLSID\{6785BFAC-9D2D-4be5-B7E2-59937E8FB80A}\InProcServer32,REG_EXPAND_SZ,,NT AUTHORITY\SYSTEM,HKEY_LOCAL_MACHINE\Software\Classes\CLSID\{6785BFAC-9D2D-4be5-B7E2-59937E8FB80A}\InProcServer32\,%SystemRoot%\system32\shell32.dll
ST869VRJ,Classes\CLSID\{AF4F6510-F982-11d0-8595-00AA004CD6D8}\InProcServer32,REG_EXPAND_SZ,,NT AUTHORITY\SYSTEM,HKEY_LOCAL_MACHINE\Software\Classes\CLSID\{AF4F6510-F982-11d0-8595-00AA004CD6D8}\InProcServer32\,%SystemRoot%\system32\shell32.dll
ST869VRJ,Classes\CLSID\{53DA1CBB-0F45-46A4-AA6E-47CAAD84C921}\InProcServer32,REG_EXPAND_SZ,,NT AUTHORITY\SYSTEM,HKEY_LOCAL_MACHINE\Software\Classes\CLSID\{53DA1CBB-0F45-46A4-AA6E-47CAAD84C921}\InProcServer32\,%SystemRoot%\System32\NaturalLanguage6.dll
ST869VRJ,CurrentControlSet\Services\RasMan\Parameters\,REG_EXPAND_SZ,ServiceDll,NT AUTHORITY\SYSTEM,HKEY_LOCAL_MACHINE\SYSTEM\CurrentControlSet\Services\RasMan\Parameters\ServiceDll,%SystemRoot%\System32\rasmans.dll
ST869VRJ,Classes\CLSID\{B6EB52D5-BB1C-3380-8BCA-345FF43F4B04}\InProcServer32,REG_SZ,,NT AUTHORITY\SYSTEM,HKEY_LOCAL_MACHINE\Software\Classes\CLSID\{B6EB52D5-BB1C-3380-8BCA-345FF43F4B04}\InProcServer32\,C:\Windows\System32\mscoree.dll
ST869VRJ,Classes\CLSID\{FD853CDC-7F86-11d0-8252-00C04FD85AB4}\InProcServer32,REG_SZ,,NT AUTHORITY\SYSTEM,HKEY_LOCAL_MACHINE\Software\Classes\CLSID\{FD853CDC-7F86-11d0-8252-00C04FD85AB4}\InProcServer32\,C:\Windows\System32\inetcomm.dll
ST869VRJ,Classes\CLSID\{5b4dae26-b807-11d0-9815-00c04fd91972}\InProcServer32,REG_EXPAND_SZ,,NT AUTHORITY\SYSTEM,HKEY_LOCAL_MACHINE\Software\Classes\CLSID\{5b4dae26-b807-11d0-9815-00c04fd91972}\InProcServer32\,%SystemRoot%\system32\shell32.dll
ST869VRJ,Classes\CLSID\{a015411a-f97d-4ef3-8425-8a38d022aebc}\InProcServer32,REG_EXPAND_SZ,,NT AUTHORITY\SYSTEM,HKEY_LOCAL_MACHINE\Software\Classes\CLSID\{a015411a-f97d-4ef3-8425-8a38d022aebc}\InProcServer32\,%SystemRoot%\system32\SearchFolder.dll
ST869VRJ,Wow6432Node\Classes\CLSID\{0EE4845B-96CD-403b-8609-317330581408}\InProcServer32,REG_SZ,,NT AUTHORITY\SYSTEM,HKEY_LOCAL_MACHINE\Software\Wow6432Node\Classes\CLSID\{0EE4845B-96CD-403b-8609-317330581408}\InProcServer32\,C:\Windows\SysWOW64\DeviceDisplayStatusManager.dll
ST869VRJ,Classes\CLSID\{8EBB11FB-C16A-4555-BE11-B4607FF62385}\InProcServer32,REG_SZ,,NT AUTHORITY\SYSTEM,HKEY_LOCAL_MACHINE\Software\Classes\CLSID\{8EBB11FB-C16A-4555-BE11-B4607FF62385}\InProcServer32\,C:\Windows\System32\scwengf.dll
ST869VRJ,Classes\CLSID\{94478404-6236-40C4-8850-DF09CE6D95BC}\InProcServer32,REG_SZ,,BUILTIN\Administrators,HKEY_LOCAL_MACHINE\Software\Classes\CLSID\{94478404-6236-40C4-8850-DF09CE6D95BC}\InProcServer32\,C:\Program Files\McAfee\MfeAV\McVsPs.dll
ST869VRJ,Classes\CLSID\{1163D0CA-2A02-37C1-BF3F-A9B9E9D49245}\InProcServer32,REG_SZ,,NT AUTHORITY\SYSTEM,HKEY_LOCAL_MACHINE\Software\Classes\CLSID\{1163D0CA-2A02-37C1-BF3F-A9B9E9D49245}\InProcServer32\,C:\Windows\System32\mscoree.dll
ST869VRJ,Classes\CLSID\{1f2e5c40-9550-11ce-99d2-00aa006e086c}\InProcServer32,REG_EXPAND_SZ,,NT AUTHORITY\SYSTEM,HKEY_LOCAL_MACHINE\Software\Classes\CLSID\{1f2e5c40-9550-11ce-99d2-00aa006e086c}\InProcServer32\,%SystemRoot%\system32\rshx32.dll
ST869VRJ,Classes\CLSID\{ED8C22CA-7722-464A-A522-7967ABF63C35}\InProcServer32,REG_EXPAND_SZ,,NT AUTHORITY\SYSTEM,HKEY_LOCAL_MACHINE\Software\Classes\CLSID\{ED8C22CA-7722-464A-A522-7967ABF63C35}\InProcServer32\,%SystemRoot%\system32\hgcpl.dll
ST869VRJ,Classes\CLSID\{48728B3F-F7D9-36C1-B3E7-8BF2E63CE1B3}\InProcServer32,REG_SZ,,NT AUTHORITY\SYSTEM,HKEY_LOCAL_MACHINE\Software\Classes\CLSID\{48728B3F-F7D9-36C1-B3E7-8BF2E63CE1B3}\InProcServer32\,C:\Windows\System32\mscoree.dll
ST869VRJ,Classes\CLSID\{A32552C5-BA61-457A-B59A-A2561E125E33}\InProcServer32,REG_EXPAND_SZ,,NT AUTHORITY\SYSTEM,HKEY_LOCAL_MACHINE\Software\Classes\CLSID\{A32552C5-BA61-457A-B59A-A2561E125E33}\InProcServer32\,%SystemRoot%\system32\upnp.dll
ST869VRJ,CurrentControlSet\Services\cht4vbd\,REG_EXPAND_SZ,ImagePath,NT AUTHORITY\SYSTEM,HKEY_LOCAL_MACHINE\SYSTEM\CurrentControlSet\Services\cht4vbd\ImagePath,\SystemRoot\System32\drivers\cht4vx64.sys
ST869VRJ,Wow6432Node\Classes\CLSID\{4662DAA5-D393-11D0-9A56-00C04FB68BF7}\InProcServer32,REG_SZ,,NT AUTHORITY\SYSTEM,HKEY_LOCAL_MACHINE\Software\Wow6432Node\Classes\CLSID\{4662DAA5-D393-11D0-9A56-00C04FB68BF7}\InProcServer32\,C:\Windows\SysWOW64\itircl.dll
ST869VRJ,Classes\CLSID\{0D722F1A-9FCF-4E62-96D8-6DF8F01A26AA}\InProcServer32,REG_EXPAND_SZ,,NT AUTHORITY\SYSTEM,HKEY_LOCAL_MACHINE\Software\Classes\CLSID\{0D722F1A-9FCF-4E62-96D8-6DF8F01A26AA}\InProcServer32\,%SystemRoot%\System32\Speech\Common\sapi.dll
ST869VRJ,Wow6432Node\Classes\CLSID\{AC29BAF7-7EFF-4A82-8B29-76B1A3E27A6D}\InProcServer32,REG_SZ,,BUILTIN\Administrators,HKEY_LOCAL_MACHINE\Software\Wow6432Node\Classes\CLSID\{AC29BAF7-7EFF-4A82-8B29-76B1A3E27A6D}\InProcServer32\,C:\Program Files\Common Files\McAfee\ClientAnalytics\win32\ComAPIProxy.dll
ST869VRJ,Classes\CLSID\{AABE54D4-6E88-4c46-A6B3-1DF790DD6E0D}\InProcServer32,REG_EXPAND_SZ,,NT AUTHORITY\SYSTEM,HKEY_LOCAL_MACHINE\Software\Classes\CLSID\{AABE54D4-6E88-4c46-A6B3-1DF790DD6E0D}\InProcServer32\,%SystemRoot%\system32\shell32.dll
ST869VRJ,Classes\CLSID\{3C5F432A-EF40-4669-9974-9671D4FC2E12}\InProcServer32,REG_EXPAND_SZ,,NT AUTHORITY\SYSTEM,HKEY_LOCAL_MACHINE\Software\Classes\CLSID\{3C5F432A-EF40-4669-9974-9671D4FC2E12}\InProcServer32\,%SystemRoot%\system32\mmcndmgr.dll
ST869VRJ,Classes\CLSID\{CFBFAE00-17A6-11D0-99CB-00C04FD64497}\InProcServer32,REG_SZ,,NT AUTHORITY\SYSTEM,HKEY_LOCAL_MACHINE\Software\Classes\CLSID\{CFBFAE00-17A6-11D0-99CB-00C04FD64497}\InProcServer32\,C:\Windows\System32\ieframe.dll
ST869VRJ,Classes\CLSID\{2C9F6BEB-C5B0-42B6-A5EE-84C24DC0D8EF}\InProcServer32,REG_EXPAND_SZ,,NT AUTHORITY\SYSTEM,HKEY_LOCAL_MACHINE\Software\Classes\CLSID\{2C9F6BEB-C5B0-42B6-A5EE-84C24DC0D8EF}\InProcServer32\,%SystemRoot%\System32\MSWB7.dll
ST869VRJ,CurrentControlSet\Services\NDISWANLEGACY\,REG_EXPAND_SZ,ImagePath,NT AUTHORITY\SYSTEM,HKEY_LOCAL_MACHINE\SYSTEM\CurrentControlSet\Services\NDISWANLEGACY\ImagePath,\SystemRoot\system32\DRIVERS\ndiswan.sys
ST869VRJ,Classes\CLSID\{455F24E9-7396-4A16-9715-7C0FDBE3EFE3}\InProcServer32,REG_EXPAND_SZ,,NT AUTHORITY\SYSTEM,HKEY_LOCAL_MACHINE\Software\Classes\CLSID\{455F24E9-7396-4A16-9715-7C0FDBE3EFE3}\InProcServer32\,%SystemRoot%\System32\Speech\Common\sapi.dll
ST869VRJ,Classes\CLSID\{C60F637A-07F3-411D-B577-22E519F8B63B}\InProcServer32,REG_SZ,,NT AUTHORITY\SYSTEM,HKEY_LOCAL_MACHINE\Software\Classes\CLSID\{C60F637A-07F3-411D-B577-22E519F8B63B}\InProcServer32\,C:\Windows\System32\MrmCoreR.dll
ST869VRJ,Classes\CLSID\{4C8D0AF0-7BF0-4f33-9117-981A33DBD4E6}\InProcServer32,REG_SZ,,NT AUTHORITY\SYSTEM,HKEY_LOCAL_MACHINE\Software\Classes\CLSID\{4C8D0AF0-7BF0-4f33-9117-981A33DBD4E6}\InProcServer32\,C:\Windows\System32\termmgr.dll
ST869VRJ,Classes\CLSID\{6E582707-CCAF-4333-A9B9-3B4F75C362E0}\InProcServer32,REG_EXPAND_SZ,,NT AUTHORITY\SYSTEM,HKEY_LOCAL_MACHINE\Software\Classes\CLSID\{6E582707-CCAF-4333-A9B9-3B4F75C362E0}\InProcServer32\,%SystemRoot%\system32\SyncInfrastructure.dll
ST869VRJ,Classes\CLSID\{E57D5731-CD9F-4DC9-A122-60488A1EDD2E}\InProcServer32,REG_SZ,,BUILTIN\Administrators,HKEY_LOCAL_MACHINE\Software\Classes\CLSID\{E57D5731-CD9F-4DC9-A122-60488A1EDD2E}\InProcServer32\,c:\PROGRA~1\mcafee\mat\MCPVIN~1.DLL
ST869VRJ,Classes\CLSID\{F3AEB884-58C8-40CF-AED3-E7EEFFFAA04A}\InProcServer32,REG_EXPAND_SZ,,NT AUTHORITY\SYSTEM,HKEY_LOCAL_MACHINE\Software\Classes\CLSID\{F3AEB884-58C8-40CF-AED3-E7EEFFFAA04A}\InProcServer32\,%SystemRoot%\System32\NaturalLanguage6.dll
ST869VRJ,Classes\CLSID\{25ecf786-a925-4706-a269-eef5ad6899db}\InProcServer32,REG_EXPAND_SZ,,NT AUTHORITY\SYSTEM,HKEY_LOCAL_MACHINE\Software\Classes\CLSID\{25ecf786-a925-4706-a269-eef5ad6899db}\InProcServer32\,%SystemRoot%\system32\IME\IMETC\IMTCCORE.DLL
ST869VRJ,Classes\CLSID\{274fae1f-3626-11d1-a3a4-00c04fb950dc}\InProcServer32,REG_EXPAND_SZ,,NT AUTHORITY\SYSTEM,HKEY_LOCAL_MACHINE\Software\Classes\CLSID\{274fae1f-3626-11d1-a3a4-00c04fb950dc}\InProcServer32\,%SystemRoot%\system32\adsldp.dll
ST869VRJ,Classes\CLSID\{D1C5A1E7-CC47-4E32-BDD2-4B3C5FC50AF5}\InProcServer32,REG_SZ,,NT AUTHORITY\SYSTEM,HKEY_LOCAL_MACHINE\Software\Classes\CLSID\{D1C5A1E7-CC47-4E32-BDD2-4B3C5FC50AF5}\InProcServer32\,C:\Windows\System32\Dxtmsft.dll
ST869VRJ,Classes\CLSID\{681FD532-7EC2-4548-9ECE-44AABCFBD254}\InProcServer32,REG_SZ,,NT AUTHORITY\SYSTEM,HKEY_LOCAL_MACHINE\Software\Classes\CLSID\{681FD532-7EC2-4548-9ECE-44AABCFBD254}\InProcServer32\,C:\Windows\System32\FunDisc.dll
ST869VRJ,Classes\CLSID\{0CF774D0-F077-11D1-B1BC-00C04F86C324}\InProcServer32,REG_SZ,,NT AUTHORITY\SYSTEM,HKEY_LOCAL_MACHINE\Software\Classes\CLSID\{0CF774D0-F077-11D1-B1BC-00C04F86C324}\InProcServer32\,C:\Windows\System32\scrrun.dll
ST869VRJ,Classes\CLSID\{5491AB67-AFEB-48B1-B8DF-B2D63810EF40}\InProcServer32,REG_EXPAND_SZ,,NT AUTHORITY\SYSTEM,HKEY_LOCAL_MACHINE\Software\Classes\CLSID\{5491AB67-AFEB-48B1-B8DF-B2D63810EF40}\InProcServer32\,%SystemRoot%\system32\mmcndmgr.dll
ST869VRJ,Classes\CLSID\{E69FD98D-7EBE-4C01-BFED-67B4E4616A49}\InProcServer32,REG_EXPAND_SZ,,NT AUTHORITY\SYSTEM,HKEY_LOCAL_MACHINE\Software\Classes\CLSID\{E69FD98D-7EBE-4C01-BFED-67B4E4616A49}\InProcServer32\,%SystemRoot%\System32\explorerframe.dll
ST869VRJ,Classes\CLSID\{44F9A03B-A3EC-4F3B-9364-08E0007F21DF}\InProcServer32,REG_EXPAND_SZ,,NT AUTHORITY\SYSTEM,HKEY_LOCAL_MACHINE\Software\Classes\CLSID\{44F9A03B-A3EC-4F3B-9364-08E0007F21DF}\InProcServer32\,%SystemRoot%\system32\mmcndmgr.dll
ST869VRJ,Classes\CLSID\{f3cc4ca3-22c2-40ec-ac3c-89d8a43373b0}\InProcServer32,REG_EXPAND_SZ,,NT AUTHORITY\SYSTEM,HKEY_LOCAL_MACHINE\Software\Classes\CLSID\{f3cc4ca3-22c2-40ec-ac3c-89d8a43373b0}\InProcServer32\,%SystemRoot%\system32\shell32.dll
ST869VRJ,Classes\CLSID\{2dfb3a35-6071-11d1-8c13-00c04fd8d503}\InProcServer32,REG_EXPAND_SZ,,NT AUTHORITY\SYSTEM,HKEY_LOCAL_MACHINE\Software\Classes\CLSID\{2dfb3a35-6071-11d1-8c13-00c04fd8d503}\InProcServer32\,%SystemRoot%\system32\adsmsext.dll
ST869VRJ,Classes\CLSID\{33D9A761-90C8-11d0-BD43-00A0C911CE86}\InProcServer32,REG_SZ,,NT AUTHORITY\SYSTEM,HKEY_LOCAL_MACHINE\Software\Classes\CLSID\{33D9A761-90C8-11d0-BD43-00A0C911CE86}\InProcServer32\,C:\Windows\System32\devenum.dll
ST869VRJ,Classes\CLSID\{D36CDB24-BBF3-4035-BE13-0EC70AC00547}\InProcServer32,REG_EXPAND_SZ,,NT AUTHORITY\SYSTEM,HKEY_LOCAL_MACHINE\Software\Classes\CLSID\{D36CDB24-BBF3-4035-BE13-0EC70AC00547}\InProcServer32\,%SystemRoot%\System32\oobe\msoobeplugins.dll
ST869VRJ,Classes\CLSID\{E6E73D20-0C8A-11d2-A484-00C04F8EFB69}\InProcServer32,REG_SZ,,NT AUTHORITY\SYSTEM,HKEY_LOCAL_MACHINE\Software\Classes\CLSID\{E6E73D20-0C8A-11d2-A484-00C04F8EFB69}\InProcServer32\,C:\Windows\System32\Dxtmsft.dll
ST869VRJ,Classes\CLSID\{913a6daa-57ee-4551-9ada-64d329d306a5}\InProcServer32,REG_EXPAND_SZ,,NT AUTHORITY\SYSTEM,HKEY_LOCAL_MACHINE\Software\Classes\CLSID\{913a6daa-57ee-4551-9ada-64d329d306a5}\InProcServer32\,%SystemRoot%\System32\shell32.dll
ST869VRJ,Classes\CLSID\{02E7E69E-E80A-48E3-8B1D-6448C25B1710}\InProcServer32,REG_EXPAND_SZ,,NT AUTHORITY\SYSTEM,HKEY_LOCAL_MACHINE\Software\Classes\CLSID\{02E7E69E-E80A-48E3-8B1D-6448C25B1710}\InProcServer32\,%SystemRoot%\System32\shell32.dll
ST869VRJ,Classes\CLSID\{241D7C96-F8BF-4F85-B01F-E2B043341A4B}\InProcServer32,REG_SZ,,NT AUTHORITY\SYSTEM,HKEY_LOCAL_MACHINE\Software\Classes\CLSID\{241D7C96-F8BF-4F85-B01F-E2B043341A4B}\InProcServer32\,C:\Windows\System32\shdocvw.dll
ST869VRJ,Classes\CLSID\{2D4156A5-897A-11DB-BA21-001185AD2B89}\InProcServer32,REG_SZ,,NT AUTHORITY\SYSTEM,HKEY_LOCAL_MACHINE\Software\Classes\CLSID\{2D4156A5-897A-11DB-BA21-001185AD2B89}\InProcServer32\,C:\Windows\System32\nlmgp.dll
ST869VRJ,Wow6432Node\Classes\CLSID\{57C06EAA-8784-11D0-83D4-00A0C911E5DF}\InProcServer32,REG_SZ,,NT AUTHORITY\SYSTEM,HKEY_LOCAL_MACHINE\Software\Wow6432Node\Classes\CLSID\{57C06EAA-8784-11D0-83D4-00A0C911E5DF}\InProcServer32\,C:\Windows\SysWOW64\netcfgx.dll
ST869VRJ,Classes\CLSID\{72D633FF-401E-4AB4-BF80-143E4E907407}\InProcServer32,REG_EXPAND_SZ,,NT AUTHORITY\SYSTEM,HKEY_LOCAL_MACHINE\Software\Classes\CLSID\{72D633FF-401E-4AB4-BF80-143E4E907407}\InProcServer32\,%SystemRoot%\system32\twinui.dll
ST869VRJ,Wow6432Node\Classes\CLSID\{CA2AF3B4-C15E-412b-B453-557746675FB7}\InProcServer32,REG_SZ,,NT AUTHORITY\SYSTEM,HKEY_LOCAL_MACHINE\Software\Wow6432Node\Classes\CLSID\{CA2AF3B4-C15E-412b-B453-557746675FB7}\InProcServer32\,C:\Windows\SysWOW64\wbem\WmiPerfInst.dll
ST869VRJ,CurrentControlSet\Services\FontCache3.0.0.0\,REG_EXPAND_SZ,ImagePath,NT AUTHORITY\SYSTEM,HKEY_LOCAL_MACHINE\SYSTEM\CurrentControlSet\Services\FontCache3.0.0.0\ImagePath,%systemroot%\Microsoft.Net\Framework64\v3.0\WPF\PresentationFontCache.exe
ST869VRJ,Classes\CLSID\{5610F042-FF1D-36D0-996C-68F7A207D1F0}\InProcServer32,REG_SZ,,NT AUTHORITY\SYSTEM,HKEY_LOCAL_MACHINE\Software\Classes\CLSID\{5610F042-FF1D-36D0-996C-68F7A207D1F0}\InProcServer32\,C:\Windows\System32\mscoree.dll
ST869VRJ,Classes\CLSID\{EA502722-A23D-11D1-A7D3-0000F87571E3}\InProcServer32,REG_SZ,,NT AUTHORITY\SYSTEM,HKEY_LOCAL_MACHINE\Software\Classes\CLSID\{EA502722-A23D-11D1-A7D3-0000F87571E3}\InProcServer32\,C:\Windows\System32\GPEdit.dll
ST869VRJ,CurrentControlSet\Services\ClientAnalyticsService\,REG_EXPAND_SZ,ImagePath,BUILTIN\Administrators,HKEY_LOCAL_MACHINE\SYSTEM\CurrentControlSet\Services\ClientAnalyticsService\ImagePath,"""C:\Program Files\Common Files\McAfee\ClientAnalytics\Legacy\McClientAnalytics.exe"""
ST869VRJ,Classes\CLSID\{2B6DA137-316E-458B-A0AB-BE48C8EC39B9}\InProcServer32,REG_EXPAND_SZ,,NT AUTHORITY\SYSTEM,HKEY_LOCAL_MACHINE\Software\Classes\CLSID\{2B6DA137-316E-458B-A0AB-BE48C8EC39B9}\InProcServer32\,%SystemRoot%\System32\Display.dll
ST869VRJ,Classes\CLSID\{877E4351-6FEA-11D0-B863-00AA00A216A1}\InProcServer32,REG_SZ,,NT AUTHORITY\SYSTEM,HKEY_LOCAL_MACHINE\Software\Classes\CLSID\{877E4351-6FEA-11D0-B863-00AA00A216A1}\InProcServer32\,C:\Windows\System32\ksproxy.ax
ST869VRJ,Classes\CLSID\{BB847B8A-054A-11d2-A894-0000F8084F96}\InProcServer32,REG_SZ,,NT AUTHORITY\SYSTEM,HKEY_LOCAL_MACHINE\Software\Classes\CLSID\{BB847B8A-054A-11d2-A894-0000F8084F96}\InProcServer32\,C:\Windows\System32\inetcomm.dll
ST869VRJ,Classes\CLSID\{45BA127D-10A8-46EA-8AB7-56EA9078943C}\InProcServer32,REG_EXPAND_SZ,,NT AUTHORITY\SYSTEM,HKEY_LOCAL_MACHINE\Software\Classes\CLSID\{45BA127D-10A8-46EA-8AB7-56EA9078943C}\InProcServer32\,%SystemRoot%\System32\twinui.appcore.dll
ST869VRJ,Classes\CLSID\{62E92675-CB77-3FC9-8597-1A81A5F18013}\InProcServer32,REG_SZ,,NT AUTHORITY\SYSTEM,HKEY_LOCAL_MACHINE\Software\Classes\CLSID\{62E92675-CB77-3FC9-8597-1A81A5F18013}\InProcServer32\,C:\Windows\System32\mscoree.dll
ST869VRJ,Classes\CLSID\{BF85540E-0DF3-47bc-AC5D-305442704708}\InProcServer32,REG_EXPAND_SZ,,NT AUTHORITY\SYSTEM,HKEY_LOCAL_MACHINE\Software\Classes\CLSID\{BF85540E-0DF3-47bc-AC5D-305442704708}\InProcServer32\,%SystemRoot%\System32\powercpl.dll
ST869VRJ,Classes\CLSID\{68F8AEA9-1968-35B9-8A0E-6FDC637A4F8E}\InProcServer32,REG_SZ,,NT AUTHORITY\SYSTEM,HKEY_LOCAL_MACHINE\Software\Classes\CLSID\{68F8AEA9-1968-35B9-8A0E-6FDC637A4F8E}\InProcServer32\,C:\Windows\System32\mscoree.dll
ST869VRJ,Classes\CLSID\{D1456EF1-172B-49C0-8CB7-FAC3C01AB446}\InProcServer32,REG_SZ,,NT AUTHORITY\SYSTEM,HKEY_LOCAL_MACHINE\Software\Classes\CLSID\{D1456EF1-172B-49C0-8CB7-FAC3C01AB446}\InProcServer32\,C:\Windows\System32\easwrt.dll
ST869VRJ,CurrentControlSet\Services\monitor\,REG_EXPAND_SZ,ImagePath,NT AUTHORITY\SYSTEM,HKEY_LOCAL_MACHINE\SYSTEM\CurrentControlSet\Services\monitor\ImagePath,\SystemRoot\System32\drivers\monitor.sys
ST869VRJ,CurrentControlSet\Services\DeviceAssociationService\Parameters\,REG_EXPAND_SZ,ServiceDll,NT AUTHORITY\SYSTEM,HKEY_LOCAL_MACHINE\SYSTEM\CurrentControlSet\Services\DeviceAssociationService\Parameters\ServiceDll,%SystemRoot%\system32\das.dll
ST869VRJ,Classes\CLSID\{40036581-8ff3-4cec-bd86-fe9593832546}\InProcServer32,REG_EXPAND_SZ,,NT AUTHORITY\SYSTEM,HKEY_LOCAL_MACHINE\Software\Classes\CLSID\{40036581-8ff3-4cec-bd86-fe9593832546}\InProcServer32\,%SystemRoot%\System32\twinui.dll
ST869VRJ,Classes\CLSID\{EE480D09-9DD2-49A8-A3C3-B8B4B4F84F19}\InProcServer32,REG_SZ,,BUILTIN\Administrators,HKEY_LOCAL_MACHINE\Software\Classes\CLSID\{EE480D09-9DD2-49A8-A3C3-B8B4B4F84F19}\InProcServer32\,c:\PROGRA~1\mcafee\mqs\shredext.dll
ST869VRJ,Classes\CLSID\{7efc002a-071f-4ce7-b265-f4b4263d2fd2}\InProcServer32,REG_SZ,,NT AUTHORITY\SYSTEM,HKEY_LOCAL_MACHINE\Software\Classes\CLSID\{7efc002a-071f-4ce7-b265-f4b4263d2fd2}\InProcServer32\,C:\Windows\System32\thumbcache.dll
ST869VRJ,Classes\CLSID\{0E752416-F29E-4195-A9DD-7F0D4D5A9D71}\InProcServer32,REG_SZ,,NT AUTHORITY\SYSTEM,HKEY_LOCAL_MACHINE\Software\Classes\CLSID\{0E752416-F29E-4195-A9DD-7F0D4D5A9D71}\InProcServer32\,C:\Windows\System32\AuthFWGP.dll
ST869VRJ,Classes\CLSID\{de54af92-ead8-4a7e-88ab-135b6e1a3a23}\InProcServer32,REG_SZ,,NT AUTHORITY\SYSTEM,HKEY_LOCAL_MACHINE\Software\Classes\CLSID\{de54af92-ead8-4a7e-88ab-135b6e1a3a23}\InProcServer32\,C:\Windows\System32\Windows.System.Profile.HardwareId.dll
ST869VRJ,Classes\CLSID\{ED459A57-AA6F-4B63-9696-371079A6F3DF}\InProcServer32,REG_SZ,,NT AUTHORITY\SYSTEM,HKEY_LOCAL_MACHINE\Software\Classes\CLSID\{ED459A57-AA6F-4B63-9696-371079A6F3DF}\InProcServer32\,C:\Windows\System32\SeVA.dll
ST869VRJ,Classes\CLSID\{E5B4EAA0-B2CA-11CE-8D2B-0000E202599C}\InProcServer32,REG_SZ,,NT AUTHORITY\SYSTEM,HKEY_LOCAL_MACHINE\Software\Classes\CLSID\{E5B4EAA0-B2CA-11CE-8D2B-0000E202599C}\InProcServer32\,C:\Windows\System32\quartz.dll
ST869VRJ,Classes\CLSID\{E436EBB3-524F-11CE-9F53-0020AF0BA770}\InProcServer32,REG_SZ,,NT AUTHORITY\SYSTEM,HKEY_LOCAL_MACHINE\Software\Classes\CLSID\{E436EBB3-524F-11CE-9F53-0020AF0BA770}\InProcServer32\,C:\Windows\System32\quartz.dll
ST869VRJ,Classes\CLSID\{3756e7f5-e514-4776-a32b-eb24bc1efe7a}\InProcServer32,REG_EXPAND_SZ,,NT AUTHORITY\SYSTEM,HKEY_LOCAL_MACHINE\Software\Classes\CLSID\{3756e7f5-e514-4776-a32b-eb24bc1efe7a}\InProcServer32\,%SystemRoot%\system32\shell32.dll
ST869VRJ,CurrentControlSet\Services\AppXSvc\Parameters\,REG_EXPAND_SZ,ServiceDll,NT AUTHORITY\SYSTEM,HKEY_LOCAL_MACHINE\SYSTEM\CurrentControlSet\Services\AppXSvc\Parameters\ServiceDll,%SystemRoot%\system32\appxdeploymentserver.dll
ST869VRJ,Classes\CLSID\{6D0F3287-6D07-4234-A3BC-EE1CD693372E}\InProcServer32,REG_SZ,,NT AUTHORITY\SYSTEM,HKEY_LOCAL_MACHINE\Software\Classes\CLSID\{6D0F3287-6D07-4234-A3BC-EE1CD693372E}\InProcServer32\,C:\Windows\System32\Windows.UI.Immersive.dll
ST869VRJ,Wow6432Node\Classes\CLSID\{187463A0-5BB7-11D3-ACBE-0080C75E246E}\InProcServer32,REG_SZ,,NT AUTHORITY\SYSTEM,HKEY_LOCAL_MACHINE\Software\Wow6432Node\Classes\CLSID\{187463A0-5BB7-11D3-ACBE-0080C75E246E}\InProcServer32\,C:\Windows\SysWOW64\qasf.dll
ST869VRJ,CurrentControlSet\Services\Serial\,REG_EXPAND_SZ,ImagePath,NT AUTHORITY\SYSTEM,HKEY_LOCAL_MACHINE\SYSTEM\CurrentControlSet\Services\Serial\ImagePath,\SystemRoot\System32\drivers\serial.sys
ST869VRJ,Classes\CLSID\{ECC82A10-B731-3A01-8A17-AC0DDD7666CF}\InProcServer32,REG_SZ,,NT AUTHORITY\SYSTEM,HKEY_LOCAL_MACHINE\Software\Classes\CLSID\{ECC82A10-B731-3A01-8A17-AC0DDD7666CF}\InProcServer32\,C:\Windows\System32\mscoree.dll
ST869VRJ,Classes\CLSID\{939D20AC-8036-406F-BD5C-BF672896BD71}\InProcServer32,REG_EXPAND_SZ,,NT AUTHORITY\SYSTEM,HKEY_LOCAL_MACHINE\Software\Classes\CLSID\{939D20AC-8036-406F-BD5C-BF672896BD71}\InProcServer32\,%SystemRoot%\system32\explorerframe.dll
ST869VRJ,Classes\CLSID\{7071ECB4-663B-4bc1-A1FA-B97F3B917C55}\InProcServer32,REG_EXPAND_SZ,,NT AUTHORITY\SYSTEM,HKEY_LOCAL_MACHINE\Software\Classes\CLSID\{7071ECB4-663B-4bc1-A1FA-B97F3B917C55}\InProcServer32\,%SystemRoot%\system32\connect.dll
ST869VRJ,Classes\CLSID\{ecabb0ac-7f19-11d2-978e-0000f8757e2a}\InProcServer32,REG_SZ,,NT AUTHORITY\SYSTEM,HKEY_LOCAL_MACHINE\Software\Classes\CLSID\{ecabb0ac-7f19-11d2-978e-0000f8757e2a}\InProcServer32\,C:\Windows\System32\comsvcs.dll
ST869VRJ,Classes\CLSID\{b958f73c-9bdd-11d0-852c-00c04fd8d503}\InProcServer32,REG_EXPAND_SZ,,NT AUTHORITY\SYSTEM,HKEY_LOCAL_MACHINE\Software\Classes\CLSID\{b958f73c-9bdd-11d0-852c-00c04fd8d503}\InProcServer32\,%SystemRoot%\system32\activeds.dll
ST869VRJ,CurrentControlSet\Services\luafv\,REG_EXPAND_SZ,ImagePath,NT AUTHORITY\SYSTEM,HKEY_LOCAL_MACHINE\SYSTEM\CurrentControlSet\Services\luafv\ImagePath,\SystemRoot\system32\drivers\luafv.sys
ST869VRJ,Classes\CLSID\{1E651CC0-B199-11D0-8212-00C04FC32C45}\InProcServer32,REG_SZ,,NT AUTHORITY\SYSTEM,HKEY_LOCAL_MACHINE\Software\Classes\CLSID\{1E651CC0-B199-11D0-8212-00C04FC32C45}\InProcServer32\,C:\Windows\System32\quartz.dll
ST869VRJ,Classes\CLSID\{65170AE4-0AD2-4FA5-B3BA-7CD73E2DA825}\InProcServer32,REG_EXPAND_SZ,,NT AUTHORITY\SYSTEM,HKEY_LOCAL_MACHINE\Software\Classes\CLSID\{65170AE4-0AD2-4FA5-B3BA-7CD73E2DA825}\InProcServer32\,%SystemRoot%\System32\NaturalLanguage6.dll
ST869VRJ,Classes\CLSID\{255A5958-D283-4DD9-AA2E-8E33805CFC35}\InProcServer32,REG_SZ,,BUILTIN\Administrators,HKEY_LOCAL_MACHINE\Software\Classes\CLSID\{255A5958-D283-4DD9-AA2E-8E33805CFC35}\InProcServer32\,C:\Program Files\Common Files\McAfee\CSP\2.9.175.0\McCSPClientAPI.dll
ST869VRJ,Classes\CLSID\{F0285374-DFF1-11D3-B433-00C04F8ECD78}\InProcServer32,REG_EXPAND_SZ,,NT AUTHORITY\SYSTEM,HKEY_LOCAL_MACHINE\Software\Classes\CLSID\{F0285374-DFF1-11D3-B433-00C04F8ECD78}\InProcServer32\,%SystemRoot%\system32\mmcndmgr.dll
ST869VRJ,Classes\CLSID\{86bec222-30f2-47e0-9f25-60d11cd75c28}\InProcServer32,REG_EXPAND_SZ,,NT AUTHORITY\SYSTEM,HKEY_LOCAL_MACHINE\Software\Classes\CLSID\{86bec222-30f2-47e0-9f25-60d11cd75c28}\InProcServer32\,%SystemRoot%\system32\shell32.dll
ST869VRJ,Classes\CLSID\{C03E8511-781E-49a1-8190-CE902D0B2CE7}\InProcServer32,REG_EXPAND_SZ,,NT AUTHORITY\SYSTEM,HKEY_LOCAL_MACHINE\Software\Classes\CLSID\{C03E8511-781E-49a1-8190-CE902D0B2CE7}\InProcServer32\,%SystemRoot%\system32\rasgcw.dll
ST869VRJ,Classes\CLSID\{3EA48300-8CF6-101B-84FB-666CCB9BCD32}\InProcServer32,REG_EXPAND_SZ,,NT AUTHORITY\SYSTEM,HKEY_LOCAL_MACHINE\Software\Classes\CLSID\{3EA48300-8CF6-101B-84FB-666CCB9BCD32}\InProcServer32\,%SystemRoot%\system32\docprop.dll
ST869VRJ,Classes\CLSID\{9A43A844-0831-11D1-817F-0000F87557DB}\InProcServer32,REG_SZ,,NT AUTHORITY\SYSTEM,HKEY_LOCAL_MACHINE\Software\Classes\CLSID\{9A43A844-0831-11D1-817F-0000F87557DB}\InProcServer32\,C:\Windows\System32\Dxtmsft.dll
ST869VRJ,CurrentControlSet\Services\wercplsupport\Parameters\,REG_EXPAND_SZ,ServiceDll,NT AUTHORITY\SYSTEM,HKEY_LOCAL_MACHINE\SYSTEM\CurrentControlSet\Services\wercplsupport\Parameters\ServiceDll,%SystemRoot%\System32\wercplsupport.dll
ST869VRJ,Classes\CLSID\{AE054212-3535-4430-83ED-D501AA6680E6}\InProcServer32,REG_EXPAND_SZ,,NT AUTHORITY\SYSTEM,HKEY_LOCAL_MACHINE\Software\Classes\CLSID\{AE054212-3535-4430-83ED-D501AA6680E6}\InProcServer32\,%SystemRoot%\system32\explorerframe.dll
ST869VRJ,Wow6432Node\Classes\CLSID\{7AB36653-1796-484B-BDFA-E74F1DB7C1DC}\InProcServer32,REG_SZ,,NT AUTHORITY\SYSTEM,HKEY_LOCAL_MACHINE\Software\Wow6432Node\Classes\CLSID\{7AB36653-1796-484B-BDFA-E74F1DB7C1DC}\InProcServer32\,C:\Windows\SysWOW64\MsSpellCheckingFacility.dll
ST869VRJ,Classes\CLSID\{C3BDF740-0B58-11d2-A484-00C04F8EFB69}\InProcServer32,REG_SZ,,NT AUTHORITY\SYSTEM,HKEY_LOCAL_MACHINE\Software\Classes\CLSID\{C3BDF740-0B58-11d2-A484-00C04F8EFB69}\InProcServer32\,C:\Windows\System32\Dxtmsft.dll
ST869VRJ,Classes\CLSID\{6B831E4F-A50D-45FC-842F-16CE27595359}\InProcServer32,REG_EXPAND_SZ,,NT AUTHORITY\SYSTEM,HKEY_LOCAL_MACHINE\Software\Classes\CLSID\{6B831E4F-A50D-45FC-842F-16CE27595359}\InProcServer32\,%SystemRoot%\system32\shell32.dll
ST869VRJ,Classes\CLSID\{EE09B103-97E0-11CF-978F-00A02463E06F}\InProcServer32,REG_SZ,,NT AUTHORITY\SYSTEM,HKEY_LOCAL_MACHINE\Software\Classes\CLSID\{EE09B103-97E0-11CF-978F-00A02463E06F}\InProcServer32\,C:\Windows\System32\scrrun.dll
ST869VRJ,Classes\CLSID\{3050F3D6-98B5-11CF-BB82-00AA00BDCE0B}\InProcServer32,REG_SZ,,NT AUTHORITY\SYSTEM,HKEY_LOCAL_MACHINE\Software\Classes\CLSID\{3050F3D6-98B5-11CF-BB82-00AA00BDCE0B}\InProcServer32\,C:\Windows\System32\mshtml.dll
ST869VRJ,Classes\CLSID\{77CA5AA0-1D99-4E2A-8D16-D2D7D00E9A9B}\InProcServer32,REG_SZ,,NT AUTHORITY\SYSTEM,HKEY_LOCAL_MACHINE\Software\Classes\CLSID\{77CA5AA0-1D99-4E2A-8D16-D2D7D00E9A9B}\InProcServer32\,C:\Windows\System32\DevicePairing.dll
ST869VRJ,Classes\CLSID\{F6C3AC3E-E642-4795-A9F2-9B3AB94EAC5D}\InProcServer32,REG_EXPAND_SZ,,NT AUTHORITY\SYSTEM,HKEY_LOCAL_MACHINE\Software\Classes\CLSID\{F6C3AC3E-E642-4795-A9F2-9B3AB94EAC5D}\InProcServer32\,%SystemRoot%\system32\shell32.dll
ST869VRJ,Classes\CLSID\{08533142-6DAA-40C0-829F-098475E66646}\InProcServer32,REG_SZ,,BUILTIN\Administrators,HKEY_LOCAL_MACHINE\Software\Classes\CLSID\{08533142-6DAA-40C0-829F-098475E66646}\InProcServer32\,c:\PROGRA~1\mcafee\mps\mps.dll
ST869VRJ,Classes\CLSID\{3730BBF8-631A-48FB-9085-E2143C11563B}\InProcServer32,REG_EXPAND_SZ,,NT AUTHORITY\SYSTEM,HKEY_LOCAL_MACHINE\Software\Classes\CLSID\{3730BBF8-631A-48FB-9085-E2143C11563B}\InProcServer32\,%SystemRoot%\system32\xwizards.dll
ST869VRJ,Classes\CLSID\{7D559C10-9FE9-11d0-93F7-00AA0059CE02}\InProcServer32,REG_SZ,,NT AUTHORITY\SYSTEM,HKEY_LOCAL_MACHINE\Software\Classes\CLSID\{7D559C10-9FE9-11d0-93F7-00AA0059CE02}\InProcServer32\,C:\Windows\System32\webcheck.dll
ST869VRJ,CurrentControlSet\Services\gpsvc\Parameters\,REG_EXPAND_SZ,ServiceDll,NT AUTHORITY\SYSTEM,HKEY_LOCAL_MACHINE\SYSTEM\CurrentControlSet\Services\gpsvc\Parameters\ServiceDll,%SystemRoot%\System32\gpsvc.dll
ST869VRJ,Classes\CLSID\{FD853CE7-7F86-11d0-8252-00C04FD85AB4}\InProcServer32,REG_SZ,,NT AUTHORITY\SYSTEM,HKEY_LOCAL_MACHINE\Software\Classes\CLSID\{FD853CE7-7F86-11d0-8252-00C04FD85AB4}\InProcServer32\,C:\Windows\System32\inetcomm.dll
ST869VRJ,Classes\CLSID\{02229e3e-4e19-48c4-9303-1fde904ff62c}\InProcServer32,REG_SZ,,BUILTIN\Administrators,HKEY_LOCAL_MACHINE\Software\Classes\CLSID\{02229e3e-4e19-48c4-9303-1fde904ff62c}\InProcServer32\,C:\Program Files\Common Files\McAfee\CSP\2.9.175.0\McCSPClientAPI.dll
ST869VRJ,Classes\CLSID\{7A0CC021-2939-4379-AA82-12AECC3538F6}\InProcServer32,REG_SZ,,NT AUTHORITY\SYSTEM,HKEY_LOCAL_MACHINE\Software\Classes\CLSID\{7A0CC021-2939-4379-AA82-12AECC3538F6}\InProcServer32\,C:\Windows\System32\inetcomm.dll
ST869VRJ,Classes\CLSID\{7071EC07-663B-4bc1-A1FA-B97F3B917C55}\InProcServer32,REG_EXPAND_SZ,,NT AUTHORITY\SYSTEM,HKEY_LOCAL_MACHINE\Software\Classes\CLSID\{7071EC07-663B-4bc1-A1FA-B97F3B917C55}\InProcServer32\,%SystemRoot%\system32\connect.dll
ST869VRJ,Classes\CLSID\{4315D437-5B8C-11D0-BD3B-00A0C911CE86}\InProcServer32,REG_SZ,,NT AUTHORITY\SYSTEM,HKEY_LOCAL_MACHINE\Software\Classes\CLSID\{4315D437-5B8C-11D0-BD3B-00A0C911CE86}\InProcServer32\,C:\Windows\System32\devenum.dll
ST869VRJ,Classes\CLSID\{520E9D28-64C4-43df-BEED-02D9A6044A4B}\InProcServer32,REG_EXPAND_SZ,,NT AUTHORITY\SYSTEM,HKEY_LOCAL_MACHINE\Software\Classes\CLSID\{520E9D28-64C4-43df-BEED-02D9A6044A4B}\InProcServer32\,%SystemRoot%\System32\FdDevQuery.dll
ST869VRJ,Classes\CLSID\{f8d1da80-9aea-4ca4-ba41-bee6fca037b1}\InProcServer32,REG_EXPAND_SZ,,NT AUTHORITY\SYSTEM,HKEY_LOCAL_MACHINE\Software\Classes\CLSID\{f8d1da80-9aea-4ca4-ba41-bee6fca037b1}\InProcServer32\,%SystemRoot%\system32\shell32.dll
ST869VRJ,Classes\CLSID\{984F9804-3314-4FA4-AC8C-E688D4133C51}\InProcServer32,REG_SZ,,NT AUTHORITY\SYSTEM,HKEY_LOCAL_MACHINE\Software\Classes\CLSID\{984F9804-3314-4FA4-AC8C-E688D4133C51}\InProcServer32\,C:\Windows\System32\tsworkspace.dll
ST869VRJ,Classes\CLSID\{A8F03BE3-EDB7-4972-821F-AF6F8EA34884}\InProcServer32,REG_SZ,,NT AUTHORITY\SYSTEM,HKEY_LOCAL_MACHINE\Software\Classes\CLSID\{A8F03BE3-EDB7-4972-821F-AF6F8EA34884}\InProcServer32\,C:\Windows\System32\mscoree.dll
ST869VRJ,Classes\CLSID\{de434264-8fe9-4c0b-a83b-89ebeebff78e}\InProcServer32,REG_SZ,,NT AUTHORITY\SYSTEM,HKEY_LOCAL_MACHINE\Software\Classes\CLSID\{de434264-8fe9-4c0b-a83b-89ebeebff78e}\InProcServer32\,C:\Windows\System32\mscoree.dll
ST869VRJ,Classes\CLSID\{79376820-07D0-11CF-A24D-0020AFD79767}\InProcServer32,REG_SZ,,NT AUTHORITY\SYSTEM,HKEY_LOCAL_MACHINE\Software\Classes\CLSID\{79376820-07D0-11CF-A24D-0020AFD79767}\InProcServer32\,C:\Windows\System32\quartz.dll
ST869VRJ,Classes\CLSID\{8f3080a6-af99-4f2e-a806-f3d5702a0444}\InProcServer32,REG_EXPAND_SZ,,NT AUTHORITY\SYSTEM,HKEY_LOCAL_MACHINE\Software\Classes\CLSID\{8f3080a6-af99-4f2e-a806-f3d5702a0444}\InProcServer32\,%SystemRoot%\System32\shacct.dll
ST869VRJ,Wow6432Node\Classes\CLSID\{20cd9315-87d0-40b4-b925-0a8f208e1f8d}\InProcServer32,REG_SZ,,NT AUTHORITY\SYSTEM,HKEY_LOCAL_MACHINE\Software\Wow6432Node\Classes\CLSID\{20cd9315-87d0-40b4-b925-0a8f208e1f8d}\InProcServer32\,C:\Windows\SysWOW64\IME\IMEKR\imkrapi.dll
ST869VRJ,Classes\CLSID\{E31E87C4-86EA-4940-9B8A-5BD5D179A737}\InProcServer32,REG_SZ,,NT AUTHORITY\SYSTEM,HKEY_LOCAL_MACHINE\Software\Classes\CLSID\{E31E87C4-86EA-4940-9B8A-5BD5D179A737}\InProcServer32\,C:\Windows\System32\Dxtmsft.dll
ST869VRJ,Wow6432Node\Classes\CLSID\{49c47ce0-9ba4-11d0-8212-00c04fc32c45}\InProcServer32,REG_SZ,,NT AUTHORITY\SYSTEM,HKEY_LOCAL_MACHINE\Software\Wow6432Node\Classes\CLSID\{49c47ce0-9ba4-11d0-8212-00c04fc32c45}\InProcServer32\,C:\Windows\SysWOW64\amstream.dll
ST869VRJ,Classes\CLSID\{F7B02D8A-65DB-41CB-894D-5BBBF96C1B42}\InProcServer32,REG_EXPAND_SZ,,NT AUTHORITY\SYSTEM,HKEY_LOCAL_MACHINE\Software\Classes\CLSID\{F7B02D8A-65DB-41CB-894D-5BBBF96C1B42}\InProcServer32\,%SystemRoot%\System32\NaturalLanguage6.dll
ST869VRJ,Classes\CLSID\{4fab6371-6d65-47ba-b8f1-ca6273c6c69e}\InProcServer32,REG_EXPAND_SZ,,NT AUTHORITY\SYSTEM,HKEY_LOCAL_MACHINE\Software\Classes\CLSID\{4fab6371-6d65-47ba-b8f1-ca6273c6c69e}\InProcServer32\,%SystemRoot%\system32\shell32.dll
ST869VRJ,Classes\CLSID\{9CDAEA40-A7D3-4cc5-AED0-B5E35AD0F169}\InProcServer32,REG_EXPAND_SZ,,NT AUTHORITY\SYSTEM,HKEY_LOCAL_MACHINE\Software\Classes\CLSID\{9CDAEA40-A7D3-4cc5-AED0-B5E35AD0F169}\InProcServer32\,%SystemRoot%\System32\Speech\Common\sapi.dll
ST869VRJ,Classes\CLSID\{7B31547E-EF7E-479b-9494-2216DC179E61}\InProcServer32,REG_EXPAND_SZ,,NT AUTHORITY\SYSTEM,HKEY_LOCAL_MACHINE\Software\Classes\CLSID\{7B31547E-EF7E-479b-9494-2216DC179E61}\InProcServer32\,%SystemRoot%\system32\shell32.dll
ST869VRJ,Classes\CLSID\{8C836AF9-FFAC-11D0-8ED4-00C04FC2C17B}\InProcServer32,REG_SZ,,NT AUTHORITY\SYSTEM,HKEY_LOCAL_MACHINE\Software\Classes\CLSID\{8C836AF9-FFAC-11D0-8ED4-00C04FC2C17B}\InProcServer32\,C:\Windows\System32\comrepl.dll
ST869VRJ,Classes\CLSID\{78788f3f-e820-4d2f-bf5f-3252c7946aa4}\InProcServer32,REG_SZ,,NT AUTHORITY\SYSTEM,HKEY_LOCAL_MACHINE\Software\Classes\CLSID\{78788f3f-e820-4d2f-bf5f-3252c7946aa4}\InProcServer32\,C:\Windows\System32\IME\IMEJP\imjppred.dll
ST869VRJ,Classes\CLSID\{D1681A3F-DA52-4B58-901A-407C3158B1E2}\InProcServer32,REG_SZ,,NT AUTHORITY\SYSTEM,HKEY_LOCAL_MACHINE\Software\Classes\CLSID\{D1681A3F-DA52-4B58-901A-407C3158B1E2}\InProcServer32\,C:\Windows\System32\Windows.Devices.Usb.dll
ST869VRJ,Classes\CLSID\{C3203275-7A13-425F-8F7E-828C2D750337}\InProcServer32,REG_EXPAND_SZ,,NT AUTHORITY\SYSTEM,HKEY_LOCAL_MACHINE\Software\Classes\CLSID\{C3203275-7A13-425F-8F7E-828C2D750337}\InProcServer32\,%SystemRoot%\system32\twinapi.dll
ST869VRJ,Classes\CLSID\{4B0A2997-E555-4F84-B45B-68AB8BC57635}\InProcServer32,REG_EXPAND_SZ,,NT AUTHORITY\SYSTEM,HKEY_LOCAL_MACHINE\Software\Classes\CLSID\{4B0A2997-E555-4F84-B45B-68AB8BC57635}\InProcServer32\,%SystemRoot%\system32\rdpendp.dll
ST869VRJ,Classes\CLSID\{031E4825-7B94-4dc3-B131-E946B44C8DD5}\InProcServer32,REG_EXPAND_SZ,,NT AUTHORITY\SYSTEM,HKEY_LOCAL_MACHINE\Software\Classes\CLSID\{031E4825-7B94-4dc3-B131-E946B44C8DD5}\InProcServer32\,%SystemRoot%\system32\shell32.dll
ST869VRJ,Classes\CLSID\{5220cb21-c88d-11cf-b347-00aa00a28331}\InProcServer32,REG_SZ,,NT AUTHORITY\SYSTEM,HKEY_LOCAL_MACHINE\Software\Classes\CLSID\{5220cb21-c88d-11cf-b347-00aa00a28331}\InProcServer32\,C:\Windows\System32\licmgr10.dll
ST869VRJ,Classes\CLSID\{10BCEB99-FAAC-4080-B2FA-D07CD671EEF2}\InProcServer32,REG_SZ,,NT AUTHORITY\SYSTEM,HKEY_LOCAL_MACHINE\Software\Classes\CLSID\{10BCEB99-FAAC-4080-B2FA-D07CD671EEF2}\InProcServer32\,C:\Windows\System32\ieframe.dll
ST869VRJ,Microsoft\Windows NT\CurrentVersion\Image File Execution Options\msfeedssync.exe\,REG_QWORD,MitigationOptions,NT AUTHORITY\SYSTEM,HKEY_LOCAL_MACHINE\Software\Microsoft\Windows NT\CurrentVersion\Image File Execution Options\msfeedssync.exe\MitigationOptions,256
ST869VRJ,CurrentControlSet\Services\BrokerInfrastructure\Parameters\,REG_EXPAND_SZ,ServiceDll,NT AUTHORITY\SYSTEM,HKEY_LOCAL_MACHINE\SYSTEM\CurrentControlSet\Services\BrokerInfrastructure\Parameters\ServiceDll,%SystemRoot%\System32\bisrv.dll
ST869VRJ,Classes\CLSID\{58859c43-2c82-454b-86c0-9efb11e54838}\InProcServer32,REG_EXPAND_SZ,,NT AUTHORITY\SYSTEM,HKEY_LOCAL_MACHINE\Software\Classes\CLSID\{58859c43-2c82-454b-86c0-9efb11e54838}\InProcServer32\,%SystemRoot%\system32\shell32.dll
ST869VRJ,CurrentControlSet\Services\VMAuthdService\,REG_EXPAND_SZ,ImagePath,BUILTIN\Administrators,HKEY_LOCAL_MACHINE\SYSTEM\CurrentControlSet\Services\VMAuthdService\ImagePath,"""C:\Program Files (x86)\VMware\VMware Player\vmware-authd.exe"""
ST869VRJ,Classes\CLSID\{E410F8AE-00A1-4A1B-8247-924705718354}\InProcServer32,REG_EXPAND_SZ,,NT AUTHORITY\SYSTEM,HKEY_LOCAL_MACHINE\Software\Classes\CLSID\{E410F8AE-00A1-4A1B-8247-924705718354}\InProcServer32\,%SystemRoot%\system32\shell32.dll
ST869VRJ,Classes\CLSID\{e9af4895-15f5-4b89-80d6-60d041cc5737}\InProcServer32,REG_EXPAND_SZ,,NT AUTHORITY\SYSTEM,HKEY_LOCAL_MACHINE\Software\Classes\CLSID\{e9af4895-15f5-4b89-80d6-60d041cc5737}\InProcServer32\,%SystemRoot%\system32\IME\IMESC\IMSCDICB.DLL
ST869VRJ,Classes\CLSID\{1C82EAD9-508E-11D1-8DCF-00C04FB951F9}\InProcServer32,REG_SZ,,NT AUTHORITY\SYSTEM,HKEY_LOCAL_MACHINE\Software\Classes\CLSID\{1C82EAD9-508E-11D1-8DCF-00C04FB951F9}\InProcServer32\,C:\Windows\System32\inetcomm.dll
ST869VRJ,Classes\CLSID\{75999EBA-0679-3D43-BDC4-02E4D637F1B1}\InProcServer32,REG_SZ,,NT AUTHORITY\SYSTEM,HKEY_LOCAL_MACHINE\Software\Classes\CLSID\{75999EBA-0679-3D43-BDC4-02E4D637F1B1}\InProcServer32\,C:\Windows\System32\mscoree.dll
ST869VRJ,Classes\CLSID\{43D7FDB4-B94D-4415-8792-54AF9FBEBB82}\InProcServer32,REG_EXPAND_SZ,,NT AUTHORITY\SYSTEM,HKEY_LOCAL_MACHINE\Software\Classes\CLSID\{43D7FDB4-B94D-4415-8792-54AF9FBEBB82}\InProcServer32\,%SystemRoot%\System32\wbem\netttcim.dll
ST869VRJ,CurrentControlSet\Services\usbehci\,REG_EXPAND_SZ,ImagePath,NT AUTHORITY\SYSTEM,HKEY_LOCAL_MACHINE\SYSTEM\CurrentControlSet\Services\usbehci\ImagePath,\SystemRoot\System32\drivers\usbehci.sys
ST869VRJ,Classes\CLSID\{DAA132BF-1170-3D8B-A0EF-E2F55A68A91D}\InProcServer32,REG_SZ,,NT AUTHORITY\SYSTEM,HKEY_LOCAL_MACHINE\Software\Classes\CLSID\{DAA132BF-1170-3D8B-A0EF-E2F55A68A91D}\InProcServer32\,C:\Windows\System32\mscoree.dll
ST869VRJ,Classes\CLSID\{BA126AE2-2166-11D1-B1D0-00805FC1270E}\InProcServer32,REG_EXPAND_SZ,,NT AUTHORITY\SYSTEM,HKEY_LOCAL_MACHINE\Software\Classes\CLSID\{BA126AE2-2166-11D1-B1D0-00805FC1270E}\InProcServer32\,%SystemRoot%\System32\hnetcfg.dll
ST869VRJ,Classes\CLSID\{4662DAA7-D393-11D0-9A56-00C04FB68BF7}\InProcServer32,REG_SZ,,NT AUTHORITY\SYSTEM,HKEY_LOCAL_MACHINE\Software\Classes\CLSID\{4662DAA7-D393-11D0-9A56-00C04FB68BF7}\InProcServer32\,C:\Windows\System32\itircl.dll
ST869VRJ,Classes\CLSID\{BD84B380-8CA2-1069-AB1D-08000948F534}\InProcServer32,REG_EXPAND_SZ,,NT AUTHORITY\SYSTEM,HKEY_LOCAL_MACHINE\Software\Classes\CLSID\{BD84B380-8CA2-1069-AB1D-08000948F534}\InProcServer32\,%SystemRoot%\system32\fontext.dll
ST869VRJ,Classes\CLSID\{53362C64-A296-4F2D-A2F8-FD984D08340B}\InProcServer32,REG_SZ,,NT AUTHORITY\SYSTEM,HKEY_LOCAL_MACHINE\Software\Classes\CLSID\{53362C64-A296-4F2D-A2F8-FD984D08340B}\InProcServer32\,C:\Windows\System32\oleacc.dll
ST869VRJ,Classes\CLSID\{EDEA4743-46D4-4C14-B358-64FD126052EC}\InProcServer32,REG_EXPAND_SZ,,NT AUTHORITY\SYSTEM,HKEY_LOCAL_MACHINE\Software\Classes\CLSID\{EDEA4743-46D4-4C14-B358-64FD126052EC}\InProcServer32\,%SystemRoot%\system32\shell32.dll
ST869VRJ,Classes\CLSID\{AB517586-73CF-489c-8D8C-5AE0EAD0613A}\InProcServer32,REG_EXPAND_SZ,,NT AUTHORITY\SYSTEM,HKEY_LOCAL_MACHINE\Software\Classes\CLSID\{AB517586-73CF-489c-8D8C-5AE0EAD0613A}\InProcServer32\,%SystemRoot%\system32\shell32.dll
ST869VRJ,Wow6432Node\Microsoft\Windows NT\CurrentVersion\Image File Execution Options\iexplore.exe\,REG_DWORD,DisableExceptionChainValidation,NT AUTHORITY\SYSTEM,HKEY_LOCAL_MACHINE\Software\Wow6432Node\Microsoft\Windows NT\CurrentVersion\Image File Execution Options\iexplore.exe\DisableExceptionChainValidation,0
ST869VRJ,CurrentControlSet\Services\vpcivsp\,REG_EXPAND_SZ,ImagePath,NT AUTHORITY\SYSTEM,HKEY_LOCAL_MACHINE\SYSTEM\CurrentControlSet\Services\vpcivsp\ImagePath,\SystemRoot\System32\drivers\vpcivsp.sys
ST869VRJ,Classes\CLSID\{AF60343F-6C7B-3761-839F-0C44E3CA06DA}\InProcServer32,REG_SZ,,NT AUTHORITY\SYSTEM,HKEY_LOCAL_MACHINE\Software\Classes\CLSID\{AF60343F-6C7B-3761-839F-0C44E3CA06DA}\InProcServer32\,C:\Windows\System32\mscoree.dll
ST869VRJ,Classes\CLSID\{3050f6cd-98b5-11cf-bb82-00aa00bdce0b}\InProcServer32,REG_SZ,,NT AUTHORITY\SYSTEM,HKEY_LOCAL_MACHINE\Software\Classes\CLSID\{3050f6cd-98b5-11cf-bb82-00aa00bdce0b}\InProcServer32\,C:\Windows\System32\iepeers.dll
ST869VRJ,Classes\CLSID\{AB790AA1-CDC1-478a-9351-B2E05CFCAD09}\InProcServer32,REG_SZ,,NT AUTHORITY\SYSTEM,HKEY_LOCAL_MACHINE\Software\Classes\CLSID\{AB790AA1-CDC1-478a-9351-B2E05CFCAD09}\InProcServer32\,C:\Windows\System32\comsnap.dll
ST869VRJ,Classes\CLSID\{59699770-2BF1-46C6-857C-1D509DB7079E}\InProcServer32,REG_SZ,,NT AUTHORITY\SYSTEM,HKEY_LOCAL_MACHINE\Software\Classes\CLSID\{59699770-2BF1-46C6-857C-1D509DB7079E}\InProcServer32\,C:\Windows\System32\puiapi.dll
ST869VRJ,Classes\CLSID\{94971F89-D2EB-44ED-A217-A9BF27B74B65}\InProcServer32,REG_SZ,,NT AUTHORITY\SYSTEM,HKEY_LOCAL_MACHINE\Software\Classes\CLSID\{94971F89-D2EB-44ED-A217-A9BF27B74B65}\InProcServer32\,C:\Windows\System32\twinapi.dll
ST869VRJ,Classes\CLSID\{da7e4657-8fa8-4b76-9a14-9bf380fa3738}\InProcServer32,REG_SZ,,NT AUTHORITY\SYSTEM,HKEY_LOCAL_MACHINE\Software\Classes\CLSID\{da7e4657-8fa8-4b76-9a14-9bf380fa3738}\InProcServer32\,C:\Windows\System32\IME\SHARED\imesearchdll.dll
ST869VRJ,Classes\CLSID\{C03E8561-781E-49a1-8190-CE902D0B2CE7}\InProcServer32,REG_EXPAND_SZ,,NT AUTHORITY\SYSTEM,HKEY_LOCAL_MACHINE\Software\Classes\CLSID\{C03E8561-781E-49a1-8190-CE902D0B2CE7}\InProcServer32\,%SystemRoot%\system32\rasgcw.dll
ST869VRJ,Classes\CLSID\{2959380c-1567-40ec-80b0-05907ad6f9de}\InProcServer32,REG_EXPAND_SZ,,NT AUTHORITY\SYSTEM,HKEY_LOCAL_MACHINE\Software\Classes\CLSID\{2959380c-1567-40ec-80b0-05907ad6f9de}\InProcServer32\,%SystemRoot%\system32\netcorehc.dll
ST869VRJ,Wow6432Node\Microsoft\Windows NT\CurrentVersion\Winlogon\,REG_SZ,Shell,NT AUTHORITY\SYSTEM,HKEY_LOCAL_MACHINE\Software\Wow6432Node\Microsoft\Windows NT\CurrentVersion\Winlogon\Shell,explorer.exe
ST869VRJ,Classes\CLSID\{7EB5FBE4-2100-49E6-8593-17E130122F91}\InProcServer32,REG_EXPAND_SZ,,NT AUTHORITY\SYSTEM,HKEY_LOCAL_MACHINE\Software\Classes\CLSID\{7EB5FBE4-2100-49E6-8593-17E130122F91}\InProcServer32\,%SystemRoot%\system32\shell32.dll
ST869VRJ,Classes\CLSID\{B7BBD408-F09C-4aa8-B65E-A00B8FE0F0B9}\InProcServer32,REG_EXPAND_SZ,,NT AUTHORITY\SYSTEM,HKEY_LOCAL_MACHINE\Software\Classes\CLSID\{B7BBD408-F09C-4aa8-B65E-A00B8FE0F0B9}\InProcServer32\,%SystemRoot%\system32\themeui.dll
ST869VRJ,Classes\CLSID\{EA678830-235D-11d2-A8B6-0000F8084F96}\InProcServer32,REG_SZ,,NT AUTHORITY\SYSTEM,HKEY_LOCAL_MACHINE\Software\Classes\CLSID\{EA678830-235D-11d2-A8B6-0000F8084F96}\InProcServer32\,C:\Windows\System32\inetcomm.dll
ST869VRJ,Classes\CLSID\{6BC096DC-0CE6-11D1-BAAE-00C04FC2E20D}\InProcServer32,REG_EXPAND_SZ,,NT AUTHORITY\SYSTEM,HKEY_LOCAL_MACHINE\Software\Classes\CLSID\{6BC096DC-0CE6-11D1-BAAE-00C04FC2E20D}\InProcServer32\,%SystemRoot%\system32\iassam.dll
ST869VRJ,Classes\CLSID\{DC1C5A9C-E88A-4dde-A5A1-60F82A20AEF7}\InProcServer32,REG_EXPAND_SZ,,NT AUTHORITY\SYSTEM,HKEY_LOCAL_MACHINE\Software\Classes\CLSID\{DC1C5A9C-E88A-4dde-A5A1-60F82A20AEF7}\InProcServer32\,%SystemRoot%\System32\comdlg32.dll
ST869VRJ,Classes\CLSID\{A8E64375-B645-4314-9EFC-C085981786FA}\InProcServer32,REG_EXPAND_SZ,,NT AUTHORITY\SYSTEM,HKEY_LOCAL_MACHINE\Software\Classes\CLSID\{A8E64375-B645-4314-9EFC-C085981786FA}\InProcServer32\,%SystemRoot%\system32\shell32.dll
ST869VRJ,Classes\CLSID\{AA04CA0B-7597-4F3E-99A8-36712D13D676}\InProcServer32,REG_EXPAND_SZ,,NT AUTHORITY\SYSTEM,HKEY_LOCAL_MACHINE\Software\Classes\CLSID\{AA04CA0B-7597-4F3E-99A8-36712D13D676}\InProcServer32\,%SystemRoot%\system32\sppcomapi.dll
ST869VRJ,Classes\CLSID\{2EAF57E6-3E96-4D68-8F06-ADC55A842EF9}\InProcServer32,REG_SZ,,NT AUTHORITY\SYSTEM,HKEY_LOCAL_MACHINE\Software\Classes\CLSID\{2EAF57E6-3E96-4D68-8F06-ADC55A842EF9}\InProcServer32\,C:\Windows\System32\InputMethod\CHS\ChsPinyinDS.dll
ST869VRJ,Classes\CLSID\{D23D2F41-1D69-3E03-A275-32AE381223AC}\InProcServer32,REG_SZ,,NT AUTHORITY\SYSTEM,HKEY_LOCAL_MACHINE\Software\Classes\CLSID\{D23D2F41-1D69-3E03-A275-32AE381223AC}\InProcServer32\,C:\Windows\System32\mscoree.dll
ST869VRJ,Classes\CLSID\{1510FB87-5676-40B9-A227-5D0B66866F81}\InProcServer32,REG_SZ,,NT AUTHORITY\SYSTEM,HKEY_LOCAL_MACHINE\Software\Classes\CLSID\{1510FB87-5676-40B9-A227-5D0B66866F81}\InProcServer32\,C:\Windows\System32\eapphost.dll
ST869VRJ,Classes\CLSID\{F74B1266-FF39-4B62-8B6B-29C09920852C}\InProcServer32,REG_EXPAND_SZ,,NT AUTHORITY\SYSTEM,HKEY_LOCAL_MACHINE\Software\Classes\CLSID\{F74B1266-FF39-4B62-8B6B-29C09920852C}\InProcServer32\,C:\Windows\System32\ieetwproxystub.dll
ST869VRJ,Classes\CLSID\{4B59AFCC-B8C3-408A-B670-89E5FAB6FDA7}\InProcServer32,REG_EXPAND_SZ,,NT AUTHORITY\SYSTEM,HKEY_LOCAL_MACHINE\Software\Classes\CLSID\{4B59AFCC-B8C3-408A-B670-89E5FAB6FDA7}\InProcServer32\,%SystemRoot%\system32\windowscodecs.dll
ST869VRJ,Classes\CLSID\{25642426-028D-4474-977B-111BB114FE3E}\InProcServer32,REG_SZ,,NT AUTHORITY\SYSTEM,HKEY_LOCAL_MACHINE\Software\Classes\CLSID\{25642426-028D-4474-977B-111BB114FE3E}\InProcServer32\,C:\Windows\System32\msaatext.dll
ST869VRJ,Classes\CLSID\{1fb2a002-4c6c-4de7-85c2-cb8db9a4f728}\InProcServer32,REG_SZ,,NT AUTHORITY\SYSTEM,HKEY_LOCAL_MACHINE\Software\Classes\CLSID\{1fb2a002-4c6c-4de7-85c2-cb8db9a4f728}\InProcServer32\,C:\Windows\System32\dskquoui.dll
ST869VRJ,Classes\CLSID\{F7A465EE-13FB-409A-B878-195B420433AF}\InProcServer32,REG_EXPAND_SZ,,NT AUTHORITY\SYSTEM,HKEY_LOCAL_MACHINE\Software\Classes\CLSID\{F7A465EE-13FB-409A-B878-195B420433AF}\InProcServer32\,%SystemRoot%\System32\MSWB7.dll
ST869VRJ,Classes\CLSID\{F8FDC79F-E062-48b0-946D-45DE13685593}\InProcServer32,REG_SZ,,BUILTIN\Administrators,HKEY_LOCAL_MACHINE\Software\Classes\CLSID\{F8FDC79F-E062-48b0-946D-45DE13685593}\InProcServer32\,c:\PROGRA~1\mcafee\mpf\mpfoem.dll
ST869VRJ,CurrentControlSet\Services\WinSock2\Parameters\Protocol_Catalog9\Catalog_Entries\000000000001\,REG_BINARY,PackedCatalogItem,NT AUTHORITY\SYSTEM,HKEY_LOCAL_MACHINE\System\CurrentControlSet\Services\WinSock2\Parameters\Protocol_Catalog9\Catalog_Entries\000000000001\PackedCatalogItem,"%SystemRoot%\system32\mswsock.dll."".h.t.t.p.:././.s.c.h.e.m.a.s...m.i.c.r.o.s.o.f.t...c.o.m./.w.i.n./.2.0.0.4./.0.8./.e.v.e.n.t.s."".&gt;..... . .&lt;.t.e.m.p.l.a.t.e. .t.i.d.=."".R.e.s.u.l.t."".&gt;..... . . . .&lt;.d.a.t.a. .i.n.T.y.p.e.=."".w.i.n.:.U.I.n.t.3.2."". .n.a.m.e.f..............................._H..................................................................................@.%.S.y.s.t.e.m.R.o.o.t.%.\.S.y.s.t.e.m.3.2.\.m.s.w.s.o.c.k...d.l.l. .-.6.0.1.0.0..............................................................................................................................................................................................................................................................................................................................................................................................................................................."
ST869VRJ,Classes\CLSID\{DF46C02A-3568-4765-AAD3-88F5E1D42F92}\InProcServer32,REG_EXPAND_SZ,,NT AUTHORITY\SYSTEM,HKEY_LOCAL_MACHINE\Software\Classes\CLSID\{DF46C02A-3568-4765-AAD3-88F5E1D42F92}\InProcServer32\,%SystemRoot%\system32\explorerframe.dll
ST869VRJ,Classes\CLSID\{ABBE31D0-6DAE-11D0-BECA-00C04FD940BE}\InProcServer32,REG_SZ,,NT AUTHORITY\SYSTEM,HKEY_LOCAL_MACHINE\Software\Classes\CLSID\{ABBE31D0-6DAE-11D0-BECA-00C04FD940BE}\InProcServer32\,C:\Windows\System32\webcheck.dll
ST869VRJ,Classes\CLSID\{91145a83-a6c3-4181-89ff-8365f096f90d}\InProcServer32,REG_EXPAND_SZ,,NT AUTHORITY\SYSTEM,HKEY_LOCAL_MACHINE\Software\Classes\CLSID\{91145a83-a6c3-4181-89ff-8365f096f90d}\InProcServer32\,%SystemRoot%\system32\shell32.dll
ST869VRJ,Classes\CLSID\{1fda955b-61ff-11da-978c-0008744faab7}\InProcServer32,REG_EXPAND_SZ,,NT AUTHORITY\SYSTEM,HKEY_LOCAL_MACHINE\Software\Classes\CLSID\{1fda955b-61ff-11da-978c-0008744faab7}\InProcServer32\,%SystemRoot%\system32\dtsh.dll
ST869VRJ,Classes\CLSID\{12fc5e89-5446-4a7c-ba46-207a29e2945d}\InProcServer32,REG_EXPAND_SZ,,NT AUTHORITY\SYSTEM,HKEY_LOCAL_MACHINE\Software\Classes\CLSID\{12fc5e89-5446-4a7c-ba46-207a29e2945d}\InProcServer32\,%SystemRoot%\system32\hgcpl.dll
ST869VRJ,Classes\CLSID\{0D52ABE3-3C93-3D94-A744-AC44850BACCD}\InProcServer32,REG_SZ,,NT AUTHORITY\SYSTEM,HKEY_LOCAL_MACHINE\Software\Classes\CLSID\{0D52ABE3-3C93-3D94-A744-AC44850BACCD}\InProcServer32\,C:\Windows\System32\mscoree.dll
ST869VRJ,Classes\CLSID\{77CA5A74-1D99-4E2A-8D16-D2D7D00E9A9B}\InProcServer32,REG_SZ,,NT AUTHORITY\SYSTEM,HKEY_LOCAL_MACHINE\Software\Classes\CLSID\{77CA5A74-1D99-4E2A-8D16-D2D7D00E9A9B}\InProcServer32\,C:\Windows\System32\DevicePairing.dll
ST869VRJ,Classes\CLSID\{934A7048-1E4A-4D6E-9A9A-CB739F519B07}\InProcServer32,REG_EXPAND_SZ,,NT AUTHORITY\SYSTEM,HKEY_LOCAL_MACHINE\Software\Classes\CLSID\{934A7048-1E4A-4D6E-9A9A-CB739F519B07}\InProcServer32\,%SystemRoot%\system32\xwizards.dll
ST869VRJ,Classes\CLSID\{7DE087A5-5DCB-4df7-BB12-0924AD8FBD9A}\InProcServer32,REG_SZ,,NT AUTHORITY\SYSTEM,HKEY_LOCAL_MACHINE\Software\Classes\CLSID\{7DE087A5-5DCB-4df7-BB12-0924AD8FBD9A}\InProcServer32\,C:\Windows\System32\WSMAUTO.DLL
ST869VRJ,Classes\CLSID\{0A9B27F1-F902-43a1-8663-BFF940E2F280}\InProcServer32,REG_SZ,,BUILTIN\Administrators,HKEY_LOCAL_MACHINE\Software\Classes\CLSID\{0A9B27F1-F902-43a1-8663-BFF940E2F280}\InProcServer32\,C:\Program Files\Common Files\McAfee\McProxy\proxyver.dll
ST869VRJ,Classes\CLSID\{f6c29334-47dc-4397-9150-f549cf1d4861}\InProcServer32,REG_SZ,,NT AUTHORITY\SYSTEM,HKEY_LOCAL_MACHINE\Software\Classes\CLSID\{f6c29334-47dc-4397-9150-f549cf1d4861}\InProcServer32\,C:\Windows\System32\WinTypes.dll
ST869VRJ,Classes\CLSID\{74246bfc-4c96-11d0-abef-0020af6b0b7a}\InProcServer32,REG_EXPAND_SZ,,NT AUTHORITY\SYSTEM,HKEY_LOCAL_MACHINE\Software\Classes\CLSID\{74246bfc-4c96-11d0-abef-0020af6b0b7a}\InProcServer32\,%SystemRoot%\System32\devmgr.dll
ST869VRJ,Classes\CLSID\{92B0FB42-E9B6-4359-8C81-2496639DC7CD}\InProcServer32,REG_SZ,,NT AUTHORITY\SYSTEM,HKEY_LOCAL_MACHINE\Software\Classes\CLSID\{92B0FB42-E9B6-4359-8C81-2496639DC7CD}\InProcServer32\,C:\Windows\System32\InputMethod\SHARED\ChxEM.dll
ST869VRJ,Classes\CLSID\{71932D43-3CA5-46EF-B013-3F9A695996ED}\InProcServer32,REG_SZ,,NT AUTHORITY\SYSTEM,HKEY_LOCAL_MACHINE\Software\Classes\CLSID\{71932D43-3CA5-46EF-B013-3F9A695996ED}\InProcServer32\,C:\Windows\System32\qasf.dll
ST869VRJ,Classes\CLSID\{12a66224-5e8a-4679-8941-0b9b960bf5ea}\InProcServer32,REG_EXPAND_SZ,,NT AUTHORITY\SYSTEM,HKEY_LOCAL_MACHINE\Software\Classes\CLSID\{12a66224-5e8a-4679-8941-0b9b960bf5ea}\InProcServer32\,%SystemRoot%\system32\wuwebv.dll
ST869VRJ,Classes\CLSID\{676E1164-752C-3A74-8D3F-BCD32A2026D6}\InProcServer32,REG_SZ,,NT AUTHORITY\SYSTEM,HKEY_LOCAL_MACHINE\Software\Classes\CLSID\{676E1164-752C-3A74-8D3F-BCD32A2026D6}\InProcServer32\,C:\Windows\System32\mscoree.dll
ST869VRJ,Classes\CLSID\{ed50fc29-b964-48a9-afb3-15ebb9b97f36}\InProcServer32,REG_EXPAND_SZ,,NT AUTHORITY\SYSTEM,HKEY_LOCAL_MACHINE\Software\Classes\CLSID\{ed50fc29-b964-48a9-afb3-15ebb9b97f36}\InProcServer32\,%SystemRoot%\System32\shell32.dll
ST869VRJ,Classes\CLSID\{D6D2034D-5F67-30D7-9CC5-452F2C46694F}\InProcServer32,REG_SZ,,NT AUTHORITY\SYSTEM,HKEY_LOCAL_MACHINE\Software\Classes\CLSID\{D6D2034D-5F67-30D7-9CC5-452F2C46694F}\InProcServer32\,C:\Windows\System32\mscoree.dll
ST869VRJ,Classes\CLSID\{C03880A5-0B5E-39AD-954A-CE0DCBD5EF7D}\InProcServer32,REG_SZ,,NT AUTHORITY\SYSTEM,HKEY_LOCAL_MACHINE\Software\Classes\CLSID\{C03880A5-0B5E-39AD-954A-CE0DCBD5EF7D}\InProcServer32\,C:\Windows\System32\mscoree.dll
ST869VRJ,Classes\CLSID\{96AC7453-0B2A-451e-9A1A-203CA034AF96}\InProcServer32,REG_SZ,,NT AUTHORITY\SYSTEM,HKEY_LOCAL_MACHINE\Software\Classes\CLSID\{96AC7453-0B2A-451e-9A1A-203CA034AF96}\InProcServer32\,C:\Windows\System32\shell32.dll
ST869VRJ,Classes\CLSID\{914feed8-267a-4baa-b8aa-21e233792679}\InProcServer32,REG_EXPAND_SZ,,NT AUTHORITY\SYSTEM,HKEY_LOCAL_MACHINE\Software\Classes\CLSID\{914feed8-267a-4baa-b8aa-21e233792679}\InProcServer32\,%SystemRoot%\system32\shell32.dll
ST869VRJ,Classes\CLSID\{BD28FB5B-B2D0-4BA8-9755-618B29A95785}\InProcServer32,REG_SZ,,BUILTIN\Administrators,HKEY_LOCAL_MACHINE\Software\Classes\CLSID\{BD28FB5B-B2D0-4BA8-9755-618B29A95785}\InProcServer32\,c:\PROGRA~1\mcafee\mps\mpsmisp.dll
ST869VRJ,Classes\CLSID\{5F9A955F-AA55-4127-A32B-33496AA8A44E}\InProcServer32,REG_SZ,,NT AUTHORITY\SYSTEM,HKEY_LOCAL_MACHINE\Software\Classes\CLSID\{5F9A955F-AA55-4127-A32B-33496AA8A44E}\InProcServer32\,C:\Windows\System32\mscoree.dll
ST869VRJ,Wow6432Node\Classes\CLSID\{5f6c1ba8-5330-422e-a368-572b244d3f87}\InProcServer32,REG_SZ,,NT AUTHORITY\SYSTEM,HKEY_LOCAL_MACHINE\Software\Wow6432Node\Classes\CLSID\{5f6c1ba8-5330-422e-a368-572b244d3f87}\InProcServer32\,C:\Windows\SysWOW64\fdproxy.dll
ST869VRJ,Classes\CLSID\{58897D76-EF6C-327A-93F7-6CD66C424E11}\InProcServer32,REG_SZ,,NT AUTHORITY\SYSTEM,HKEY_LOCAL_MACHINE\Software\Classes\CLSID\{58897D76-EF6C-327A-93F7-6CD66C424E11}\InProcServer32\,C:\Windows\System32\mscoree.dll
ST869VRJ,Classes\CLSID\{5da8fe1f-f485-4516-be06-426b0dddf555}\InProcServer32,REG_EXPAND_SZ,,NT AUTHORITY\SYSTEM,HKEY_LOCAL_MACHINE\Software\Classes\CLSID\{5da8fe1f-f485-4516-be06-426b0dddf555}\InProcServer32\,%SystemRoot%\System32\explorerframe.dll
ST869VRJ,Classes\CLSID\{CDC82860-468D-4d4e-B7E7-C298FF23AB2C}\InProcServer32,REG_EXPAND_SZ,,NT AUTHORITY\SYSTEM,HKEY_LOCAL_MACHINE\Software\Classes\CLSID\{CDC82860-468D-4d4e-B7E7-C298FF23AB2C}\InProcServer32\,%SystemRoot%\system32\shell32.dll
ST869VRJ,Classes\CLSID\{B1B77C00-C3E4-11CF-AF79-00AA00B67A42}\InProcServer32,REG_SZ,,NT AUTHORITY\SYSTEM,HKEY_LOCAL_MACHINE\Software\Classes\CLSID\{B1B77C00-C3E4-11CF-AF79-00AA00B67A42}\InProcServer32\,C:\Windows\System32\qdv.dll
ST869VRJ,Classes\CLSID\{42001A23-ED2A-4582-8BCC-6320C543E102}\InProcServer32,REG_EXPAND_SZ,,NT AUTHORITY\SYSTEM,HKEY_LOCAL_MACHINE\Software\Classes\CLSID\{42001A23-ED2A-4582-8BCC-6320C543E102}\InProcServer32\,%SystemRoot%\System32\NaturalLanguage6.dll
ST869VRJ,Classes\CLSID\{01D0A625-782D-4777-8D4E-547E6457FAD5}\InProcServer32,REG_SZ,,NT AUTHORITY\SYSTEM,HKEY_LOCAL_MACHINE\Software\Classes\CLSID\{01D0A625-782D-4777-8D4E-547E6457FAD5}\InProcServer32\,C:\Windows\System32\wercplsupport.dll
ST869VRJ,Classes\CLSID\{8C87D859-EFDC-40ae-9160-6918F459196C}\InProcServer32,REG_SZ,,BUILTIN\Administrators,HKEY_LOCAL_MACHINE\Software\Classes\CLSID\{8C87D859-EFDC-40ae-9160-6918F459196C}\InProcServer32\,c:\PROGRA~1\mcafee\mps\mpsevh.dll
ST869VRJ,Classes\CLSID\{6a91029e-aa49-471b-aee7-7d332785660d}\InProcServer32,REG_SZ,,NT AUTHORITY\SYSTEM,HKEY_LOCAL_MACHINE\Software\Classes\CLSID\{6a91029e-aa49-471b-aee7-7d332785660d}\InProcServer32\,C:\Windows\System32\IME\IMEJP\imjpapi.dll
ST869VRJ,Classes\CLSID\{879fb53b-cba3-4fc8-b233-d9a93afa7fbc}\InProcServer32,REG_EXPAND_SZ,,NT AUTHORITY\SYSTEM,HKEY_LOCAL_MACHINE\Software\Classes\CLSID\{879fb53b-cba3-4fc8-b233-d9a93afa7fbc}\InProcServer32\,%SystemRoot%\system32\hgcpl.dll
ST869VRJ,Classes\CLSID\{53bd6b4e-3780-4693-afc3-7161c2f3ee9c}\InProcServer32,REG_EXPAND_SZ,,NT AUTHORITY\SYSTEM,HKEY_LOCAL_MACHINE\Software\Classes\CLSID\{53bd6b4e-3780-4693-afc3-7161c2f3ee9c}\InProcServer32\,%SystemRoot%\system32\shell32.dll
ST869VRJ,Classes\CLSID\{BB08E6F8-8877-4AC9-B224-E71D2ED5968F}\InProcServer32,REG_EXPAND_SZ,,NT AUTHORITY\SYSTEM,HKEY_LOCAL_MACHINE\Software\Classes\CLSID\{BB08E6F8-8877-4AC9-B224-E71D2ED5968F}\InProcServer32\,%SystemRoot%\system32\Windows.UI.Search.dll
ST869VRJ,Classes\CLSID\{f81e9010-6ea4-11ce-a7ff-00aa003ca9f6}\InProcServer32,REG_EXPAND_SZ,,NT AUTHORITY\SYSTEM,HKEY_LOCAL_MACHINE\Software\Classes\CLSID\{f81e9010-6ea4-11ce-a7ff-00aa003ca9f6}\InProcServer32\,%SystemRoot%\system32\ntshrui.dll
ST869VRJ,Classes\CLSID\{769B8B68-64F7-3B61-B744-160A9FCC3216}\InProcServer32,REG_SZ,,NT AUTHORITY\SYSTEM,HKEY_LOCAL_MACHINE\Software\Classes\CLSID\{769B8B68-64F7-3B61-B744-160A9FCC3216}\InProcServer32\,C:\Windows\System32\mscoree.dll
ST869VRJ,Classes\CLSID\{ba6f127a-44ab-4674-b8f3-7131fa4dc645}\InProcServer32,REG_EXPAND_SZ,,NT AUTHORITY\SYSTEM,HKEY_LOCAL_MACHINE\Software\Classes\CLSID\{ba6f127a-44ab-4674-b8f3-7131fa4dc645}\InProcServer32\,%SystemRoot%\system32\Windows.Shell.Search.UriHandler.dll
ST869VRJ,Classes\CLSID\{16453650-8364-4e9c-B891-1CF822B38F2E}\InProcServer32,REG_SZ,,BUILTIN\Administrators,HKEY_LOCAL_MACHINE\Software\Classes\CLSID\{16453650-8364-4e9c-B891-1CF822B38F2E}\InProcServer32\,C:\PROGRA~1\McAfee\MfeAV\McOdsShm.dll
ST869VRJ,Classes\CLSID\{6073884C-4C86-428F-8625-800DC2EFEE57}\InProcServer32,REG_EXPAND_SZ,,NT AUTHORITY\SYSTEM,HKEY_LOCAL_MACHINE\Software\Classes\CLSID\{6073884C-4C86-428F-8625-800DC2EFEE57}\InProcServer32\,%SystemRoot%\System32\oobe\msoobedui.dll
ST869VRJ,Classes\CLSID\{6C92090B-807D-4473-8607-27A4449BFA74}\InProcServer32,REG_SZ,,BUILTIN\Administrators,HKEY_LOCAL_MACHINE\Software\Classes\CLSID\{6C92090B-807D-4473-8607-27A4449BFA74}\InProcServer32\,c:\PROGRA~1\mcafee\msc\MCSNIE~1.DLL
ST869VRJ,Classes\CLSID\{7071ECE5-663B-4bc1-A1FA-B97F3B917C55}\InProcServer32,REG_EXPAND_SZ,,NT AUTHORITY\SYSTEM,HKEY_LOCAL_MACHINE\Software\Classes\CLSID\{7071ECE5-663B-4bc1-A1FA-B97F3B917C55}\InProcServer32\,%SystemRoot%\system32\connect.dll
ST869VRJ,Classes\CLSID\{865e5e76-ad83-4dca-a109-50dc2113ce9a}\InProcServer32,REG_EXPAND_SZ,,NT AUTHORITY\SYSTEM,HKEY_LOCAL_MACHINE\Software\Classes\CLSID\{865e5e76-ad83-4dca-a109-50dc2113ce9a}\InProcServer32\,%SystemRoot%\system32\shell32.dll
ST869VRJ,Classes\CLSID\{3050f499-98b5-11cf-bb82-00aa00bdce0b}\InProcServer32,REG_SZ,,NT AUTHORITY\SYSTEM,HKEY_LOCAL_MACHINE\Software\Classes\CLSID\{3050f499-98b5-11cf-bb82-00aa00bdce0b}\InProcServer32\,C:\Windows\System32\mshtml.dll
ST869VRJ,Classes\CLSID\{E1E8F15E-8BEC-45DF-83BF-50FF84D0CAB5}\InProcServer32,REG_EXPAND_SZ,,NT AUTHORITY\SYSTEM,HKEY_LOCAL_MACHINE\Software\Classes\CLSID\{E1E8F15E-8BEC-45DF-83BF-50FF84D0CAB5}\InProcServer32\,%SystemRoot%\System32\MSWB70011.dll
ST869VRJ,Classes\CLSID\{E0519C57-3F89-4640-A63B-EF66268B52D9}\InProcServer32,REG_EXPAND_SZ,,NT AUTHORITY\SYSTEM,HKEY_LOCAL_MACHINE\Software\Classes\CLSID\{E0519C57-3F89-4640-A63B-EF66268B52D9}\InProcServer32\,%SystemRoot%\system32\twinapi.dll
ST869VRJ,Classes\CLSID\{02df6db6-9405-4812-b3f6-500e8615b7af}\InProcServer32,REG_EXPAND_SZ,,NT AUTHORITY\SYSTEM,HKEY_LOCAL_MACHINE\Software\Classes\CLSID\{02df6db6-9405-4812-b3f6-500e8615b7af}\InProcServer32\,%SystemRoot%\system32\shell32.dll
ST869VRJ,Classes\CLSID\{F7520A2F-82E1-4DD5-A4BF-9D56BCF1D743}\InProcServer32,REG_SZ,,BUILTIN\Administrators,HKEY_LOCAL_MACHINE\Software\Classes\CLSID\{F7520A2F-82E1-4DD5-A4BF-9D56BCF1D743}\InProcServer32\,c:\PROGRA~1\mcafee\mat\MCMATA~1.DLL
ST869VRJ,Classes\CLSID\{3D5DF14F-649F-4CBC-853D-F18FEDE9CF5D}\InProcServer32,REG_EXPAND_SZ,,NT AUTHORITY\SYSTEM,HKEY_LOCAL_MACHINE\Software\Classes\CLSID\{3D5DF14F-649F-4CBC-853D-F18FEDE9CF5D}\InProcServer32\,%SystemRoot%\System32\NaturalLanguage6.dll
ST869VRJ,Wow6432Node\Classes\CLSID\{032EE239-DEB8-436E-9043-A2767D457274}\InProcServer32,REG_SZ,,NT AUTHORITY\SYSTEM,HKEY_LOCAL_MACHINE\Software\Wow6432Node\Classes\CLSID\{032EE239-DEB8-436E-9043-A2767D457274}\InProcServer32\,C:\Windows\SysWOW64\twinui.dll
ST869VRJ,CurrentControlSet\Services\FDResPub\Parameters\,REG_EXPAND_SZ,ServiceDll,NT AUTHORITY\SYSTEM,HKEY_LOCAL_MACHINE\SYSTEM\CurrentControlSet\Services\FDResPub\Parameters\ServiceDll,%SystemRoot%\system32\fdrespub.dll
ST869VRJ,Classes\CLSID\{48E277F6-4E74-4cd6-BA6F-FA4F42898223}\InProcServer32,REG_EXPAND_SZ,,NT AUTHORITY\SYSTEM,HKEY_LOCAL_MACHINE\Software\Classes\CLSID\{48E277F6-4E74-4cd6-BA6F-FA4F42898223}\InProcServer32\,%SystemRoot%\System32\SearchFolder.dll
ST869VRJ,Classes\CLSID\{864A1288-354C-4D19-9D68-C2742BB14997}\InProcServer32,REG_EXPAND_SZ,,NT AUTHORITY\SYSTEM,HKEY_LOCAL_MACHINE\Software\Classes\CLSID\{864A1288-354C-4D19-9D68-C2742BB14997}\InProcServer32\,%SystemRoot%\system32\shell32.dll
ST869VRJ,CurrentControlSet\Services\RasAgileVpn\,REG_EXPAND_SZ,ImagePath,NT AUTHORITY\SYSTEM,HKEY_LOCAL_MACHINE\SYSTEM\CurrentControlSet\Services\RasAgileVpn\ImagePath,\SystemRoot\system32\DRIVERS\AgileVpn.sys
ST869VRJ,Classes\CLSID\{1B1A897E-FBEE-41CF-8C48-9BF764F62B8B}\InProcServer32,REG_EXPAND_SZ,,NT AUTHORITY\SYSTEM,HKEY_LOCAL_MACHINE\Software\Classes\CLSID\{1B1A897E-FBEE-41CF-8C48-9BF764F62B8B}\InProcServer32\,%SystemRoot%\system32\softkbd.dll
ST869VRJ,Wow6432Node\Classes\CLSID\{0273c57c-6693-4444-b20c-a62a3b185b7e}\InProcServer32,REG_SZ,,NT AUTHORITY\SYSTEM,HKEY_LOCAL_MACHINE\Software\Wow6432Node\Classes\CLSID\{0273c57c-6693-4444-b20c-a62a3b185b7e}\InProcServer32\,C:\Windows\SysWOW64\DDOIProxy.dll
ST869VRJ,Classes\CLSID\{8F45C7FF-1E6E-34C1-A7CC-260985392A05}\InProcServer32,REG_SZ,,NT AUTHORITY\SYSTEM,HKEY_LOCAL_MACHINE\Software\Classes\CLSID\{8F45C7FF-1E6E-34C1-A7CC-260985392A05}\InProcServer32\,C:\Windows\System32\mscoree.dll
ST869VRJ,Classes\CLSID\{D8872739-DF50-4ED5-B8A7-F03DCD0DCD5A}\InProcServer32,REG_EXPAND_SZ,,NT AUTHORITY\SYSTEM,HKEY_LOCAL_MACHINE\Software\Classes\CLSID\{D8872739-DF50-4ED5-B8A7-F03DCD0DCD5A}\InProcServer32\,%SystemRoot%\System32\rasdlg.dll
ST869VRJ,Classes\CLSID\{11B6414A-7285-46BA-968E-1AD21C982109}\InProcServer32,REG_SZ,,BUILTIN\Administrators,HKEY_LOCAL_MACHINE\Software\Classes\CLSID\{11B6414A-7285-46BA-968E-1AD21C982109}\InProcServer32\,c:\PROGRA~1\COMMON~1\mcafee\platform\core\mcevtbrk.dll
ST869VRJ,Classes\CLSID\{1A3ED173-B201-4470-9FC6-EC46CF8D56F1}\InProcServer32,REG_EXPAND_SZ,,NT AUTHORITY\SYSTEM,HKEY_LOCAL_MACHINE\Software\Classes\CLSID\{1A3ED173-B201-4470-9FC6-EC46CF8D56F1}\InProcServer32\,%SystemRoot%\System32\NaturalLanguage6.dll
ST869VRJ,Classes\CLSID\{827CE1A1-8255-4165-8C83-8379F8C127AE}\InProcServer32,REG_SZ,,NT AUTHORITY\SYSTEM,HKEY_LOCAL_MACHINE\Software\Classes\CLSID\{827CE1A1-8255-4165-8C83-8379F8C127AE}\InProcServer32\,C:\Windows\System32\wlangpui.dll
ST869VRJ,Classes\CLSID\{A11DB3DC-5FF6-4a0b-AEE6-29BCAC1E11E0}\InProcServer32,REG_EXPAND_SZ,,NT AUTHORITY\SYSTEM,HKEY_LOCAL_MACHINE\Software\Classes\CLSID\{A11DB3DC-5FF6-4a0b-AEE6-29BCAC1E11E0}\InProcServer32\,%SystemRoot%\system32\ndfetw.dll
ST869VRJ,Classes\CLSID\{4224AC84-9B11-3561-8923-C893CA77ACBE}\InProcServer32,REG_SZ,,NT AUTHORITY\SYSTEM,HKEY_LOCAL_MACHINE\Software\Classes\CLSID\{4224AC84-9B11-3561-8923-C893CA77ACBE}\InProcServer32\,C:\Windows\System32\mscoree.dll
ST869VRJ,Classes\CLSID\{30590066-98b5-11cf-bb82-00aa00bdce0b}\InProcServer32,REG_SZ,,NT AUTHORITY\SYSTEM,HKEY_LOCAL_MACHINE\Software\Classes\CLSID\{30590066-98b5-11cf-bb82-00aa00bdce0b}\InProcServer32\,C:\Windows\System32\mshtml.dll
ST869VRJ,Classes\CLSID\{4FF787E6-9A86-4BA3-BED9-8019A2B4BE1C}\InProcServer32,REG_EXPAND_SZ,,NT AUTHORITY\SYSTEM,HKEY_LOCAL_MACHINE\Software\Classes\CLSID\{4FF787E6-9A86-4BA3-BED9-8019A2B4BE1C}\InProcServer32\,%SystemRoot%\System32\twinui.dll
ST869VRJ,Wow6432Node\Classes\CLSID\{0482DDE0-7817-11CF-8A03-00AA006ECB65}\InProcServer32,REG_SZ,,NT AUTHORITY\SYSTEM,HKEY_LOCAL_MACHINE\Software\Wow6432Node\Classes\CLSID\{0482DDE0-7817-11CF-8A03-00AA006ECB65}\InProcServer32\,C:\Windows\SysWOW64\kswdmcap.ax
ST869VRJ,Classes\CLSID\{ED8C108E-4349-11D2-91A4-00C04F7969E8}\InProcServer32,REG_EXPAND_SZ,,NT AUTHORITY\SYSTEM,HKEY_LOCAL_MACHINE\Software\Classes\CLSID\{ED8C108E-4349-11D2-91A4-00C04F7969E8}\InProcServer32\,%SystemRoot%\System32\msxml3.dll
ST869VRJ,Classes\CLSID\{2559a1f7-21d7-11d4-bdaf-00c04f60b9f0}\InProcServer32,REG_EXPAND_SZ,,NT AUTHORITY\SYSTEM,HKEY_LOCAL_MACHINE\Software\Classes\CLSID\{2559a1f7-21d7-11d4-bdaf-00c04f60b9f0}\InProcServer32\,%SystemRoot%\System32\shell32.dll
ST869VRJ,Classes\CLSID\{3F66389B-BA65-4782-BA9D-B66367C8E7F1}\InProcServer32,REG_EXPAND_SZ,,NT AUTHORITY\SYSTEM,HKEY_LOCAL_MACHINE\Software\Classes\CLSID\{3F66389B-BA65-4782-BA9D-B66367C8E7F1}\InProcServer32\,%SystemRoot%\System32\powercpl.dll
ST869VRJ,Classes\CLSID\{FEDB2179-2335-48F1-AA28-5CDA35A2B36D}\InProcServer32,REG_SZ,,NT AUTHORITY\SYSTEM,HKEY_LOCAL_MACHINE\Software\Classes\CLSID\{FEDB2179-2335-48F1-AA28-5CDA35A2B36D}\InProcServer32\,C:\Windows\Microsoft.NET\Framework64\v2.0.50727\MmcAspExt.dll
ST869VRJ,CurrentControlSet\Services\lltdio\,REG_EXPAND_SZ,ImagePath,NT AUTHORITY\SYSTEM,HKEY_LOCAL_MACHINE\SYSTEM\CurrentControlSet\Services\lltdio\ImagePath,\SystemRoot\system32\DRIVERS\lltdio.sys
ST869VRJ,Wow6432Node\Classes\CLSID\{018f2d58-f16d-448a-bd87-225c8c5d5c94}\InProcServer32,REG_SZ,,NT AUTHORITY\SYSTEM,HKEY_LOCAL_MACHINE\Software\Wow6432Node\Classes\CLSID\{018f2d58-f16d-448a-bd87-225c8c5d5c94}\InProcServer32\,C:\Windows\SysWOW64\Windows.UI.Immersive.dll
ST869VRJ,Classes\CLSID\{A0202464-B4B4-4b85-9628-CCD46DF16942}\InProcServer32,REG_EXPAND_SZ,,NT AUTHORITY\SYSTEM,HKEY_LOCAL_MACHINE\Software\Classes\CLSID\{A0202464-B4B4-4b85-9628-CCD46DF16942}\InProcServer32\,%SystemRoot%\system32\shell32.dll
ST869VRJ,CurrentControlSet\Services\Winmgmt\Parameters\,REG_EXPAND_SZ,ServiceDll,NT AUTHORITY\SYSTEM,HKEY_LOCAL_MACHINE\SYSTEM\CurrentControlSet\Services\Winmgmt\Parameters\ServiceDll,%SystemRoot%\system32\wbem\WMIsvc.dll
ST869VRJ,Classes\CLSID\{5FB7EF7D-DFF4-468a-B6B7-2FCBD188F994}\InProcServer32,REG_EXPAND_SZ,,NT AUTHORITY\SYSTEM,HKEY_LOCAL_MACHINE\Software\Classes\CLSID\{5FB7EF7D-DFF4-468a-B6B7-2FCBD188F994}\InProcServer32\,%SystemRoot%\System32\Speech\Common\sapi.dll
ST869VRJ,Wow6432Node\Classes\CLSID\{A8159411-398E-4471-9521-A84B0BF2BE54}\InProcServer32,REG_SZ,,NT AUTHORITY\SYSTEM,HKEY_LOCAL_MACHINE\Software\Wow6432Node\Classes\CLSID\{A8159411-398E-4471-9521-A84B0BF2BE54}\InProcServer32\,C:\Windows\SysWOW64\dsui.dll
ST869VRJ,Classes\CLSID\{A2A54893-AAF2-49A3-B3F5-CC43CEBCC27C}\InProcServer32,REG_EXPAND_SZ,,NT AUTHORITY\SYSTEM,HKEY_LOCAL_MACHINE\Software\Classes\CLSID\{A2A54893-AAF2-49A3-B3F5-CC43CEBCC27C}\InProcServer32\,%SystemRoot%\system32\napdsnap.dll
ST869VRJ,Classes\CLSID\{A8D058C4-D923-3859-9490-D3888FC90439}\InProcServer32,REG_SZ,,NT AUTHORITY\SYSTEM,HKEY_LOCAL_MACHINE\Software\Classes\CLSID\{A8D058C4-D923-3859-9490-D3888FC90439}\InProcServer32\,C:\Windows\System32\mscoree.dll
ST869VRJ,Classes\CLSID\{E2E760C5-BF0D-4241-BFD6-6D0AAB648AC9}\InProcServer32,REG_SZ,,NT AUTHORITY\SYSTEM,HKEY_LOCAL_MACHINE\Software\Classes\CLSID\{E2E760C5-BF0D-4241-BFD6-6D0AAB648AC9}\InProcServer32\,C:\Windows\System32\ieframe.dll
ST869VRJ,Classes\CLSID\{D8013EEF-730B-45E2-BA24-874B7242C425}\InProcServer32,REG_SZ,,NT AUTHORITY\SYSTEM,HKEY_LOCAL_MACHINE\Software\Classes\CLSID\{D8013EEF-730B-45E2-BA24-874B7242C425}\InProcServer32\,C:\Windows\System32\mscoree.dll
ST869VRJ,Classes\CLSID\{C03E8565-781E-49a1-8190-CE902D0B2CE7}\InProcServer32,REG_EXPAND_SZ,,NT AUTHORITY\SYSTEM,HKEY_LOCAL_MACHINE\Software\Classes\CLSID\{C03E8565-781E-49a1-8190-CE902D0B2CE7}\InProcServer32\,%SystemRoot%\system32\rasgcw.dll
ST869VRJ,Classes\CLSID\{8929fd8a-3967-4896-a02d-f126195af6f7}\InProcServer32,REG_EXPAND_SZ,,NT AUTHORITY\SYSTEM,HKEY_LOCAL_MACHINE\Software\Classes\CLSID\{8929fd8a-3967-4896-a02d-f126195af6f7}\InProcServer32\,%SystemRoot%\System32\shacct.dll
ST869VRJ,Classes\CLSID\{0E890F83-5F79-11D1-9043-00C04FD9189D}\InProcServer32,REG_SZ,,NT AUTHORITY\SYSTEM,HKEY_LOCAL_MACHINE\Software\Classes\CLSID\{0E890F83-5F79-11D1-9043-00C04FD9189D}\InProcServer32\,C:\Windows\System32\Dxtrans.dll
ST869VRJ,Classes\CLSID\{a7c922a0-a197-4ae4-8fcd-2236bb4cf515}\InProcServer32,REG_SZ,,NT AUTHORITY\SYSTEM,HKEY_LOCAL_MACHINE\Software\Classes\CLSID\{a7c922a0-a197-4ae4-8fcd-2236bb4cf515}\InProcServer32\,C:\Windows\System32\msfeeds.dll
ST869VRJ,Classes\CLSID\{77F10CF0-3DB5-4966-B520-B7C54FD35ED6}\InProcServer32,REG_EXPAND_SZ,,NT AUTHORITY\SYSTEM,HKEY_LOCAL_MACHINE\Software\Classes\CLSID\{77F10CF0-3DB5-4966-B520-B7C54FD35ED6}\InProcServer32\,%SystemRoot%\system32\shell32.dll
ST869VRJ,Classes\CLSID\{a38f3677-32fc-4dac-99b3-d804b193d2c4}\InProcServer32,REG_SZ,,NT AUTHORITY\SYSTEM,HKEY_LOCAL_MACHINE\Software\Classes\CLSID\{a38f3677-32fc-4dac-99b3-d804b193d2c4}\InProcServer32\,C:\Windows\System32\IME\IMEJP\imjpapi.dll
ST869VRJ,Classes\CLSID\{6D68D1DE-D432-4B0F-923A-091183A9BDA7}\InProcServer32,REG_EXPAND_SZ,,NT AUTHORITY\SYSTEM,HKEY_LOCAL_MACHINE\Software\Classes\CLSID\{6D68D1DE-D432-4B0F-923A-091183A9BDA7}\InProcServer32\,%SystemRoot%\system32\windowscodecsext.dll
ST869VRJ,Classes\CLSID\{81BD8EE8-F713-36A5-B7D5-9E92ACB4A18A}\InProcServer32,REG_SZ,,NT AUTHORITY\SYSTEM,HKEY_LOCAL_MACHINE\Software\Classes\CLSID\{81BD8EE8-F713-36A5-B7D5-9E92ACB4A18A}\InProcServer32\,C:\Windows\System32\mscoree.dll
ST869VRJ,Classes\CLSID\{4662DAAB-D393-11D0-9A56-00C04FB68BF7}\InProcServer32,REG_SZ,,NT AUTHORITY\SYSTEM,HKEY_LOCAL_MACHINE\Software\Classes\CLSID\{4662DAAB-D393-11D0-9A56-00C04FB68BF7}\InProcServer32\,C:\Windows\System32\itircl.dll
ST869VRJ,Classes\CLSID\{4655840e-ab1a-49d0-a4c4-261fa1c20e86}\InProcServer32,REG_EXPAND_SZ,,NT AUTHORITY\SYSTEM,HKEY_LOCAL_MACHINE\Software\Classes\CLSID\{4655840e-ab1a-49d0-a4c4-261fa1c20e86}\InProcServer32\,%SystemRoot%\System32\wpncore.dll
ST869VRJ,Classes\CLSID\{a4c31131-ff70-4984-afd6-0609ced53ad6}\InProcServer32,REG_EXPAND_SZ,,NT AUTHORITY\SYSTEM,HKEY_LOCAL_MACHINE\Software\Classes\CLSID\{a4c31131-ff70-4984-afd6-0609ced53ad6}\InProcServer32\,%SystemRoot%\System32\shell32.dll
ST869VRJ,CurrentControlSet\Services\UmRdpService\Parameters\,REG_EXPAND_SZ,ServiceDll,NT AUTHORITY\SYSTEM,HKEY_LOCAL_MACHINE\SYSTEM\CurrentControlSet\Services\UmRdpService\Parameters\ServiceDll,%SystemRoot%\System32\umrdp.dll
ST869VRJ,Classes\CLSID\{D41969A6-C394-34B9-BD24-DD408F39F261}\InProcServer32,REG_SZ,,NT AUTHORITY\SYSTEM,HKEY_LOCAL_MACHINE\Software\Classes\CLSID\{D41969A6-C394-34B9-BD24-DD408F39F261}\InProcServer32\,C:\Windows\System32\mscoree.dll
ST869VRJ,Classes\CLSID\{03837538-098B-11D8-9414-505054503030}\InProcServer32,REG_EXPAND_SZ,,NT AUTHORITY\SYSTEM,HKEY_LOCAL_MACHINE\Software\Classes\CLSID\{03837538-098B-11D8-9414-505054503030}\InProcServer32\,%SystemRoot%\System32\pla.dll
ST869VRJ,CurrentControlSet\Services\netvsc\,REG_EXPAND_SZ,ImagePath,NT AUTHORITY\SYSTEM,HKEY_LOCAL_MACHINE\SYSTEM\CurrentControlSet\Services\netvsc\ImagePath,\SystemRoot\System32\drivers\netvsc63.sys
ST869VRJ,Classes\CLSID\{6B6F9D2D-6D49-4026-83A6-86DFC1C3C6F0}\InProcServer32,REG_EXPAND_SZ,,NT AUTHORITY\SYSTEM,HKEY_LOCAL_MACHINE\Software\Classes\CLSID\{6B6F9D2D-6D49-4026-83A6-86DFC1C3C6F0}\InProcServer32\,%SystemRoot%\system32\shell32.dll
ST869VRJ,Classes\CLSID\{ca1575f8-bf1e-4c2f-a1f9-b3aa45c92794}\InProcServer32,REG_SZ,,NT AUTHORITY\SYSTEM,HKEY_LOCAL_MACHINE\Software\Classes\CLSID\{ca1575f8-bf1e-4c2f-a1f9-b3aa45c92794}\InProcServer32\,C:\Windows\System32\IME\IMEJP\applets\imjpskey.dll
ST869VRJ,Classes\CLSID\{CCA9EFD3-29ED-430A-BA6D-E6BBFF0A60C2}\InProcServer32,REG_SZ,,BUILTIN\Administrators,HKEY_LOCAL_MACHINE\Software\Classes\CLSID\{CCA9EFD3-29ED-430A-BA6D-E6BBFF0A60C2}\InProcServer32\,c:\PROGRA~1\mcafee\msc\MCCTXM~1.DLL
ST869VRJ,Classes\CLSID\{77CA5A71-1D99-4E2A-8D16-D2D7D00E9A9B}\InProcServer32,REG_SZ,,NT AUTHORITY\SYSTEM,HKEY_LOCAL_MACHINE\Software\Classes\CLSID\{77CA5A71-1D99-4E2A-8D16-D2D7D00E9A9B}\InProcServer32\,C:\Windows\System32\DevicePairing.dll
ST869VRJ,Classes\CLSID\{7170F2E0-9BE3-11D0-A009-00AA00B605A4}\InProcServer32,REG_SZ,,NT AUTHORITY\SYSTEM,HKEY_LOCAL_MACHINE\Software\Classes\CLSID\{7170F2E0-9BE3-11D0-A009-00AA00B605A4}\InProcServer32\,C:\Windows\System32\termmgr.dll
ST869VRJ,Classes\CLSID\{e07dfaca-e658-4ce5-89b2-05bbbf75e708}\InProcServer32,REG_EXPAND_SZ,,NT AUTHORITY\SYSTEM,HKEY_LOCAL_MACHINE\Software\Classes\CLSID\{e07dfaca-e658-4ce5-89b2-05bbbf75e708}\InProcServer32\,%SystemRoot%\system32\shell32.dll
ST869VRJ,Classes\CLSID\{05F3561D-0358-4687-8ACD-A34D24C488DF}\InProcServer32,REG_EXPAND_SZ,,NT AUTHORITY\SYSTEM,HKEY_LOCAL_MACHINE\Software\Classes\CLSID\{05F3561D-0358-4687-8ACD-A34D24C488DF}\InProcServer32\,%SystemRoot%\System32\ActionCenterCPL.dll
ST869VRJ,Microsoft\Windows NT\CurrentVersion\Image File Execution Options\explorer.exe\,REG_DWORD,DisableExceptionChainValidation,NT AUTHORITY\SYSTEM,HKEY_LOCAL_MACHINE\Software\Microsoft\Windows NT\CurrentVersion\Image File Execution Options\explorer.exe\DisableExceptionChainValidation,3
ST869VRJ,Classes\CLSID\{1FCE6123-B675-4790-A629-F3E8AC06F839}\InProcServer32,REG_SZ,,NT AUTHORITY\SYSTEM,HKEY_LOCAL_MACHINE\Software\Classes\CLSID\{1FCE6123-B675-4790-A629-F3E8AC06F839}\InProcServer32\,C:\Windows\System32\catsrvut.dll
ST869VRJ,Classes\CLSID\{70A92FA3-7FD8-4808-9A05-6B2FD19AA5B3}\InProcServer32,REG_EXPAND_SZ,,NT AUTHORITY\SYSTEM,HKEY_LOCAL_MACHINE\Software\Classes\CLSID\{70A92FA3-7FD8-4808-9A05-6B2FD19AA5B3}\InProcServer32\,%SystemRoot%\System32\twinui.dll
ST869VRJ,Classes\CLSID\{FDE7673D-2E19-4145-8376-BBD58C4BC7BA}\InProcServer32,REG_SZ,,NT AUTHORITY\SYSTEM,HKEY_LOCAL_MACHINE\Software\Classes\CLSID\{FDE7673D-2E19-4145-8376-BBD58C4BC7BA}\InProcServer32\,C:\Windows\System32\ieframe.dll
ST869VRJ,Classes\CLSID\{6BC09897-0CE6-11D1-BAAE-00C04FC2E20D}\InProcServer32,REG_EXPAND_SZ,,NT AUTHORITY\SYSTEM,HKEY_LOCAL_MACHINE\Software\Classes\CLSID\{6BC09897-0CE6-11D1-BAAE-00C04FC2E20D}\InProcServer32\,%SystemRoot%\system32\iassam.dll
ST869VRJ,Wow6432Node\Classes\CLSID\{372FCE38-4324-11D0-8810-00A0C903B83C}\InProcServer32,REG_SZ,,NT AUTHORITY\SYSTEM,HKEY_LOCAL_MACHINE\Software\Wow6432Node\Classes\CLSID\{372FCE38-4324-11D0-8810-00A0C903B83C}\InProcServer32\,C:\Windows\SysWOW64\certcli.dll
ST869VRJ,Wow6432Node\Classes\CLSID\{083863F1-70DE-11D0-BD40-00A0C911CE86}\InProcServer32,REG_SZ,,NT AUTHORITY\SYSTEM,HKEY_LOCAL_MACHINE\Software\Wow6432Node\Classes\CLSID\{083863F1-70DE-11D0-BD40-00A0C911CE86}\InProcServer32\,C:\Windows\SysWOW64\devenum.dll
ST869VRJ,Classes\CLSID\{5DC41690-C6A6-11d1-9D35-006008B0E5CA}\InProcServer32,REG_SZ,,NT AUTHORITY\SYSTEM,HKEY_LOCAL_MACHINE\Software\Classes\CLSID\{5DC41690-C6A6-11d1-9D35-006008B0E5CA}\InProcServer32\,C:\Windows\System32\catsrvut.dll
ST869VRJ,Classes\CLSID\{24954E9B-D39A-4168-A3B2-E5014C94492F}\InProcServer32,REG_EXPAND_SZ,,NT AUTHORITY\SYSTEM,HKEY_LOCAL_MACHINE\Software\Classes\CLSID\{24954E9B-D39A-4168-A3B2-E5014C94492F}\InProcServer32\,%SystemRoot%\System32\oobe\msoobedui.dll
ST869VRJ,Classes\CLSID\{7F71DB2D-1EA0-3CAE-8087-26095F5215E6}\InProcServer32,REG_SZ,,NT AUTHORITY\SYSTEM,HKEY_LOCAL_MACHINE\Software\Classes\CLSID\{7F71DB2D-1EA0-3CAE-8087-26095F5215E6}\InProcServer32\,C:\Windows\System32\mscoree.dll
ST869VRJ,Classes\CLSID\{6ffa842b-fd90-4a0e-9315-21c52b2457aa}\InProcServer32,REG_SZ,,NT AUTHORITY\SYSTEM,HKEY_LOCAL_MACHINE\Software\Classes\CLSID\{6ffa842b-fd90-4a0e-9315-21c52b2457aa}\InProcServer32\,C:\Windows\System32\IME\shared\imjkapi.dll
ST869VRJ,Classes\CLSID\{090C890A-8E62-4324-954D-BCD2DFBE4E12}\InProcServer32,REG_SZ,,BUILTIN\Administrators,HKEY_LOCAL_MACHINE\Software\Classes\CLSID\{090C890A-8E62-4324-954D-BCD2DFBE4E12}\InProcServer32\,C:\Program Files\Common Files\McAfee\MHN\HomeNetSvc.dll
ST869VRJ,Classes\CLSID\{ecabafad-7f19-11d2-978e-0000f8757e2a}\InProcServer32,REG_SZ,,NT AUTHORITY\SYSTEM,HKEY_LOCAL_MACHINE\Software\Classes\CLSID\{ecabafad-7f19-11d2-978e-0000f8757e2a}\InProcServer32\,C:\Windows\System32\comsvcs.dll
ST869VRJ,Classes\CLSID\{025A5937-A6BE-4686-A844-36FE4BEC8B6D}\InProcServer32,REG_EXPAND_SZ,,NT AUTHORITY\SYSTEM,HKEY_LOCAL_MACHINE\Software\Classes\CLSID\{025A5937-A6BE-4686-A844-36FE4BEC8B6D}\InProcServer32\,%SystemRoot%\System32\shdocvw.dll
ST869VRJ,Wow6432Node\Classes\CLSID\{2A005C11-A5DE-11CF-9E66-00AA00A3F464}\InProcServer32,REG_SZ,,NT AUTHORITY\SYSTEM,HKEY_LOCAL_MACHINE\Software\Wow6432Node\Classes\CLSID\{2A005C11-A5DE-11CF-9E66-00AA00A3F464}\InProcServer32\,C:\Windows\SysWOW64\comsvcs.dll
ST869VRJ,Classes\CLSID\{E7E6A098-87CE-420D-91AE-413312AC8FA6}\InProcServer32,REG_EXPAND_SZ,,NT AUTHORITY\SYSTEM,HKEY_LOCAL_MACHINE\Software\Classes\CLSID\{E7E6A098-87CE-420D-91AE-413312AC8FA6}\InProcServer32\,%SystemRoot%\system32\WfHc.dll
ST869VRJ,Microsoft\Windows NT\CurrentVersion\Image File Execution Options\DllNXOptions\,REG_DWORD,ISSTE.dll,NT AUTHORITY\SYSTEM,HKEY_LOCAL_MACHINE\Software\Microsoft\Windows NT\CurrentVersion\Image File Execution Options\DllNXOptions\ISSTE.dll,1
ST869VRJ,Classes\CLSID\{9a07804e-7050-41d5-a244-badc038df532}\InProcServer32,REG_EXPAND_SZ,,NT AUTHORITY\SYSTEM,HKEY_LOCAL_MACHINE\Software\Classes\CLSID\{9a07804e-7050-41d5-a244-badc038df532}\InProcServer32\,%SystemRoot%\system32\shell32.dll
ST869VRJ,Classes\CLSID\{1cedc5da-3614-11d2-bf96-00c04fd8d5b0}\InProcServer32,REG_EXPAND_SZ,,NT AUTHORITY\SYSTEM,HKEY_LOCAL_MACHINE\Software\Classes\CLSID\{1cedc5da-3614-11d2-bf96-00c04fd8d5b0}\InProcServer32\,%SystemRoot%\system32\dsquery.dll
ST869VRJ,Classes\CLSID\{CF948561-EDE8-11CE-941E-008029004347}\InProcServer32,REG_EXPAND_SZ,,NT AUTHORITY\SYSTEM,HKEY_LOCAL_MACHINE\Software\Classes\CLSID\{CF948561-EDE8-11CE-941E-008029004347}\InProcServer32\,%SystemRoot%\System32\sysmon.ocx
ST869VRJ,Classes\CLSID\{05d7b0f4-2121-4eff-bf6b-ed3f69b894d8}\InProcServer32,REG_EXPAND_SZ,,NT AUTHORITY\SYSTEM,HKEY_LOCAL_MACHINE\Software\Classes\CLSID\{05d7b0f4-2121-4eff-bf6b-ed3f69b894d8}\InProcServer32\,%SystemRoot%\System32\taskbarcpl.dll
ST869VRJ,Classes\CLSID\{bde9ee7c-329f-4fcf-ba7a-f8c6e9b4579d}\InProcServer32,REG_EXPAND_SZ,,NT AUTHORITY\SYSTEM,HKEY_LOCAL_MACHINE\Software\Classes\CLSID\{bde9ee7c-329f-4fcf-ba7a-f8c6e9b4579d}\InProcServer32\,%SystemRoot%\system32\shell32.dll
ST869VRJ,Classes\CLSID\{BA041363-3548-4CBA-BDB8-9338683BB8BC}\InProcServer32,REG_SZ,,BUILTIN\Administrators,HKEY_LOCAL_MACHINE\Software\Classes\CLSID\{BA041363-3548-4CBA-BDB8-9338683BB8BC}\InProcServer32\,c:\PROGRA~1\mcafee\mpf\mpfapi.dll
ST869VRJ,Classes\CLSID\{9F8E6421-3D9B-11D2-952A-00C04FA34F05}\InProcServer32,REG_SZ,,NT AUTHORITY\SYSTEM,HKEY_LOCAL_MACHINE\Software\Classes\CLSID\{9F8E6421-3D9B-11D2-952A-00C04FA34F05}\InProcServer32\,C:\Windows\System32\Dxtmsft.dll
ST869VRJ,Classes\CLSID\{59CDB915-8232-46AD-B38B-497B8B0463AD}\InProcServer32,REG_SZ,,NT AUTHORITY\SYSTEM,HKEY_LOCAL_MACHINE\Software\Classes\CLSID\{59CDB915-8232-46AD-B38B-497B8B0463AD}\InProcServer32\,C:\Windows\System32\tsworkspace.dll
ST869VRJ,Classes\CLSID\{6aa17c06-0c75-4006-81a9-57927e77ae87}\InProcServer32,REG_EXPAND_SZ,,NT AUTHORITY\SYSTEM,HKEY_LOCAL_MACHINE\Software\Classes\CLSID\{6aa17c06-0c75-4006-81a9-57927e77ae87}\InProcServer32\,%SystemRoot%\system32\shell32.dll
ST869VRJ,Classes\CLSID\{68B67DA9-7212-396E-9528-33F70547660E}\InProcServer32,REG_SZ,,NT AUTHORITY\SYSTEM,HKEY_LOCAL_MACHINE\Software\Classes\CLSID\{68B67DA9-7212-396E-9528-33F70547660E}\InProcServer32\,C:\Windows\System32\mscoree.dll
ST869VRJ,Wow6432Node\Classes\CLSID\{039EA4C0-E696-11d0-878A-00A0C91EC756}\InProcServer32,REG_SZ,,NT AUTHORITY\SYSTEM,HKEY_LOCAL_MACHINE\Software\Wow6432Node\Classes\CLSID\{039EA4C0-E696-11d0-878A-00A0C91EC756}\InProcServer32\,C:\Windows\SysWOW64\msjtes40.dll
ST869VRJ,Classes\CLSID\{d3ca534d-3342-42b2-900b-1aceaff85e8a}\InProcServer32,REG_EXPAND_SZ,,NT AUTHORITY\SYSTEM,HKEY_LOCAL_MACHINE\Software\Classes\CLSID\{d3ca534d-3342-42b2-900b-1aceaff85e8a}\InProcServer32\,%SystemRoot%\system32\Windows.UI.Search.dll
ST869VRJ,CurrentControlSet\Services\mfefire\,REG_EXPAND_SZ,ImagePath,BUILTIN\Administrators,HKEY_LOCAL_MACHINE\SYSTEM\CurrentControlSet\Services\mfefire\ImagePath,"""C:\Program Files\Common Files\McAfee\SystemCore\mfefire.exe"""
ST869VRJ,Classes\CLSID\{8b20cd60-0f29-11cf-abc4-02608c9e7553}\InProcServer32,REG_EXPAND_SZ,,NT AUTHORITY\SYSTEM,HKEY_LOCAL_MACHINE\Software\Classes\CLSID\{8b20cd60-0f29-11cf-abc4-02608c9e7553}\InProcServer32\,%SystemRoot%\system32\adsnt.dll
ST869VRJ,Classes\CLSID\{54A05253-96FA-4B98-B8FD-9534D7255914}\InProcServer32,REG_SZ,,NT AUTHORITY\SYSTEM,HKEY_LOCAL_MACHINE\Software\Classes\CLSID\{54A05253-96FA-4B98-B8FD-9534D7255914}\InProcServer32\,C:\Windows\Microsoft.NET\Framework64\v3.0\WPF\PenIMC.dll
ST869VRJ,Classes\CLSID\{3F4DACA4-160D-11D2-A8E9-00104B365C9F}\InProcServer32,REG_SZ,,NT AUTHORITY\SYSTEM,HKEY_LOCAL_MACHINE\Software\Classes\CLSID\{3F4DACA4-160D-11D2-A8E9-00104B365C9F}\InProcServer32\,C:\Windows\System32\vbscript.dll
ST869VRJ,Classes\CLSID\{9909aba6-519d-4b42-b57f-cc1408214ddb}\InProcServer32,REG_SZ,,NT AUTHORITY\SYSTEM,HKEY_LOCAL_MACHINE\Software\Classes\CLSID\{9909aba6-519d-4b42-b57f-cc1408214ddb}\InProcServer32\,C:\Windows\System32\shcore.dll
ST869VRJ,Classes\CLSID\{006E61DF-1A43-4F2C-B26F-780BAEA3A92D}\InProcServer32,REG_EXPAND_SZ,,NT AUTHORITY\SYSTEM,HKEY_LOCAL_MACHINE\Software\Classes\CLSID\{006E61DF-1A43-4F2C-B26F-780BAEA3A92D}\InProcServer32\,%SystemRoot%\System32\hgcpl.dll
ST869VRJ,Classes\CLSID\{905b55a8-77f0-4d28-80dd-e46b1412343f}\InProcServer32,REG_EXPAND_SZ,,NT AUTHORITY\SYSTEM,HKEY_LOCAL_MACHINE\Software\Classes\CLSID\{905b55a8-77f0-4d28-80dd-e46b1412343f}\InProcServer32\,%SystemRoot%\system32\shell32.dll
ST869VRJ,Classes\CLSID\{DB112051-BFD7-4D32-AD3B-DF797F55A870}\InProcServer32,REG_SZ,,BUILTIN\Administrators,HKEY_LOCAL_MACHINE\Software\Classes\CLSID\{DB112051-BFD7-4D32-AD3B-DF797F55A870}\InProcServer32\,c:\PROGRA~1\COMMON~1\mcafee\platform\core\mcevtbrk.dll
ST869VRJ,Microsoft\Windows NT\CurrentVersion\Drivers32\,REG_SZ,msacm.msadpcm,NT AUTHORITY\SYSTEM,HKEY_LOCAL_MACHINE\SOFTWARE\Microsoft\Windows NT\CurrentVersion\Drivers32\msacm.msadpcm,msadp32.acm
ST869VRJ,Classes\CLSID\{C9F61CBD-287F-3D24-9FEB-2C3F347CF570}\InProcServer32,REG_SZ,,NT AUTHORITY\SYSTEM,HKEY_LOCAL_MACHINE\Software\Classes\CLSID\{C9F61CBD-287F-3D24-9FEB-2C3F347CF570}\InProcServer32\,C:\Windows\System32\mscoree.dll
ST869VRJ,Classes\CLSID\{EEF05C76-5C98-3685-A69C-6E1A26A7F846}\InProcServer32,REG_SZ,,NT AUTHORITY\SYSTEM,HKEY_LOCAL_MACHINE\Software\Classes\CLSID\{EEF05C76-5C98-3685-A69C-6E1A26A7F846}\InProcServer32\,C:\Windows\System32\mscoree.dll
ST869VRJ,Classes\CLSID\{7007ACC3-3202-11D1-AAD2-00805FC1270E}\InProcServer32,REG_EXPAND_SZ,,NT AUTHORITY\SYSTEM,HKEY_LOCAL_MACHINE\Software\Classes\CLSID\{7007ACC3-3202-11D1-AAD2-00805FC1270E}\InProcServer32\,%SystemRoot%\System32\netshell.dll
ST869VRJ,CurrentControlSet\Services\acpipagr\,REG_EXPAND_SZ,ImagePath,NT AUTHORITY\SYSTEM,HKEY_LOCAL_MACHINE\SYSTEM\CurrentControlSet\Services\acpipagr\ImagePath,\SystemRoot\System32\drivers\acpipagr.sys
ST869VRJ,Classes\CLSID\{AB8902B4-09CA-4bb6-B78D-A8F59079A8D5}\InProcServer32,REG_SZ,,NT AUTHORITY\SYSTEM,HKEY_LOCAL_MACHINE\Software\Classes\CLSID\{AB8902B4-09CA-4bb6-B78D-A8F59079A8D5}\InProcServer32\,C:\Windows\System32\thumbcache.dll
ST869VRJ,Wow6432Node\Classes\CLSID\{271DC252-6FE1-4D59-9053-E4CF50AB99DE}\InProcServer32,REG_SZ,,NT AUTHORITY\SYSTEM,HKEY_LOCAL_MACHINE\Software\Wow6432Node\Classes\CLSID\{271DC252-6FE1-4D59-9053-E4CF50AB99DE}\InProcServer32\,C:\Program Files (x86)\VMware\VMware Player\vmdkShellExt.dll
ST869VRJ,Classes\CLSID\{5B035261-40F9-11D1-AAEC-00805FC1270E}\InProcServer32,REG_SZ,,NT AUTHORITY\SYSTEM,HKEY_LOCAL_MACHINE\Software\Classes\CLSID\{5B035261-40F9-11D1-AAEC-00805FC1270E}\InProcServer32\,C:\Windows\System32\netcfgx.dll
ST869VRJ,Classes\CLSID\{B0395DA5-6A15-4E44-9F36-9A9DC7A2F341}\InProcServer32,REG_EXPAND_SZ,,NT AUTHORITY\SYSTEM,HKEY_LOCAL_MACHINE\Software\Classes\CLSID\{B0395DA5-6A15-4E44-9F36-9A9DC7A2F341}\InProcServer32\,%SystemRoot%\system32\mmcndmgr.dll
ST869VRJ,Classes\CLSID\{1eeb5b5a-06fb-4732-96b3-975c0194eb39}\InProcServer32,REG_EXPAND_SZ,,NT AUTHORITY\SYSTEM,HKEY_LOCAL_MACHINE\Software\Classes\CLSID\{1eeb5b5a-06fb-4732-96b3-975c0194eb39}\InProcServer32\,%SystemRoot%\system32\explorerframe.dll
ST869VRJ,Classes\CLSID\{e4796550-df61-448b-9193-13fc1341b163}\InProcServer32,REG_SZ,,NT AUTHORITY\SYSTEM,HKEY_LOCAL_MACHINE\Software\Classes\CLSID\{e4796550-df61-448b-9193-13fc1341b163}\InProcServer32\,C:\Windows\System32\FunDisc.dll
ST869VRJ,CurrentControlSet\Services\TCPIP6\,REG_EXPAND_SZ,ImagePath,NT AUTHORITY\SYSTEM,HKEY_LOCAL_MACHINE\SYSTEM\CurrentControlSet\Services\TCPIP6\ImagePath,\SystemRoot\system32\DRIVERS\tcpip.sys
ST869VRJ,Classes\CLSID\{8FE3AA4C-4FFF-11E0-9EAE-3586DFD72085}\InProcServer32,REG_EXPAND_SZ,,NT AUTHORITY\SYSTEM,HKEY_LOCAL_MACHINE\Software\Classes\CLSID\{8FE3AA4C-4FFF-11E0-9EAE-3586DFD72085}\InProcServer32\,%SystemRoot%\system32\SearchFolder.dll
ST869VRJ,Classes\CLSID\{30655864-f8cd-45f9-b7d6-6721acb69c5e}\InProcServer32,REG_EXPAND_SZ,,NT AUTHORITY\SYSTEM,HKEY_LOCAL_MACHINE\Software\Classes\CLSID\{30655864-f8cd-45f9-b7d6-6721acb69c5e}\InProcServer32\,%SystemRoot%\system32\netcorehc.dll
ST869VRJ,Classes\CLSID\{7aa7790d-75d7-484b-98a1-3913d022091d}\InProcServer32,REG_EXPAND_SZ,,NT AUTHORITY\SYSTEM,HKEY_LOCAL_MACHINE\Software\Classes\CLSID\{7aa7790d-75d7-484b-98a1-3913d022091d}\InProcServer32\,%SystemRoot%\System32\shell32.dll
ST869VRJ,Classes\CLSID\{C578375F-8441-4733-BF71-027683AF538B}\InProcServer32,REG_SZ,,NT AUTHORITY\SYSTEM,HKEY_LOCAL_MACHINE\Software\Classes\CLSID\{C578375F-8441-4733-BF71-027683AF538B}\InProcServer32\,C:\Windows\System32\shell32.dll
ST869VRJ,Classes\CLSID\{3ad05575-8857-4850-9277-11b85bdb8e09}\InProcServer32,REG_EXPAND_SZ,,NT AUTHORITY\SYSTEM,HKEY_LOCAL_MACHINE\Software\Classes\CLSID\{3ad05575-8857-4850-9277-11b85bdb8e09}\InProcServer32\,%SystemRoot%\system32\shell32.dll
ST869VRJ,Classes\CLSID\{2AF141DE-8433-4FE1-A14B-D4AF981AB2F5}\InProcServer32,REG_EXPAND_SZ,,NT AUTHORITY\SYSTEM,HKEY_LOCAL_MACHINE\Software\Classes\CLSID\{2AF141DE-8433-4FE1-A14B-D4AF981AB2F5}\InProcServer32\,%SystemRoot%\System32\oobe\msoobeplugins.dll
ST869VRJ,Classes\CLSID\{1b283861-754f-4022-ad47-a5eaaa618894}\InProcServer32,REG_EXPAND_SZ,,NT AUTHORITY\SYSTEM,HKEY_LOCAL_MACHINE\Software\Classes\CLSID\{1b283861-754f-4022-ad47-a5eaaa618894}\InProcServer32\,%SystemRoot%\system32\SmartcardCredentialProvider.dll
ST869VRJ,Classes\CLSID\{86C86720-42A0-1069-A2E8-08002B30309D}\InProcServer32,REG_EXPAND_SZ,,NT AUTHORITY\SYSTEM,HKEY_LOCAL_MACHINE\Software\Classes\CLSID\{86C86720-42A0-1069-A2E8-08002B30309D}\InProcServer32\,%SystemRoot%\system32\shell32.dll
ST869VRJ,Classes\CLSID\{926b23ab-fd60-43f1-8f63-b24cabdf5316}\InProcServer32,REG_EXPAND_SZ,,NT AUTHORITY\SYSTEM,HKEY_LOCAL_MACHINE\Software\Classes\CLSID\{926b23ab-fd60-43f1-8f63-b24cabdf5316}\InProcServer32\,%SystemRoot%\system32\shell32.dll
ST869VRJ,Classes\CLSID\{F857B5CD-68AD-4012-8527-AB3A8E56F620}\InProcServer32,REG_SZ,,NT AUTHORITY\SYSTEM,HKEY_LOCAL_MACHINE\Software\Classes\CLSID\{F857B5CD-68AD-4012-8527-AB3A8E56F620}\InProcServer32\,C:\Windows\System32\tsworkspace.dll
ST869VRJ,Classes\CLSID\{473AA80B-4577-11D1-81A8-0000F87557DB}\InProcServer32,REG_SZ,,NT AUTHORITY\SYSTEM,HKEY_LOCAL_MACHINE\Software\Classes\CLSID\{473AA80B-4577-11D1-81A8-0000F87557DB}\InProcServer32\,C:\Windows\System32\Dxtrans.dll
ST869VRJ,CurrentControlSet\Services\HidUsb\,REG_EXPAND_SZ,ImagePath,NT AUTHORITY\SYSTEM,HKEY_LOCAL_MACHINE\SYSTEM\CurrentControlSet\Services\HidUsb\ImagePath,\SystemRoot\System32\drivers\hidusb.sys
ST869VRJ,Classes\CLSID\{44f3dab6-4392-4186-bb7b-6282ccb7a9f6}\InProcServer32,REG_EXPAND_SZ,,NT AUTHORITY\SYSTEM,HKEY_LOCAL_MACHINE\Software\Classes\CLSID\{44f3dab6-4392-4186-bb7b-6282ccb7a9f6}\InProcServer32\,%SystemRoot%\system32\mydocs.dll
ST869VRJ,Classes\CLSID\{F8383852-FCD3-11d1-A6B9-006097DF5BD4}\InProcServer32,REG_EXPAND_SZ,,NT AUTHORITY\SYSTEM,HKEY_LOCAL_MACHINE\Software\Classes\CLSID\{F8383852-FCD3-11d1-A6B9-006097DF5BD4}\InProcServer32\,%SystemRoot%\system32\shell32.dll
ST869VRJ,Classes\CLSID\{C47195EC-CD7A-11D1-8EA3-00C04F9900D7}\InProcServer32,REG_EXPAND_SZ,,NT AUTHORITY\SYSTEM,HKEY_LOCAL_MACHINE\Software\Classes\CLSID\{C47195EC-CD7A-11D1-8EA3-00C04F9900D7}\InProcServer32\,%SystemRoot%\system32\cic.dll
ST869VRJ,Classes\CLSID\{41CA099A-B8AF-4fc2-A285-03FAEAA8B109}\InProcServer32,REG_EXPAND_SZ,,NT AUTHORITY\SYSTEM,HKEY_LOCAL_MACHINE\Software\Classes\CLSID\{41CA099A-B8AF-4fc2-A285-03FAEAA8B109}\InProcServer32\,%SystemRoot%\system32\shell32.dll
ST869VRJ,Wow6432Node\Classes\CLSID\{CD000001-8B95-11D1-82DB-00C04FB1625D}\InProcServer32,REG_SZ,,NT AUTHORITY\SYSTEM,HKEY_LOCAL_MACHINE\Software\Wow6432Node\Classes\CLSID\{CD000001-8B95-11D1-82DB-00C04FB1625D}\InProcServer32\,C:\Windows\SysWOW64\cdosys.dll
ST869VRJ,Classes\CLSID\{9f37f39c-6f49-11d1-8c18-00c04fd8d503}\InProcServer32,REG_EXPAND_SZ,,NT AUTHORITY\SYSTEM,HKEY_LOCAL_MACHINE\Software\Classes\CLSID\{9f37f39c-6f49-11d1-8c18-00c04fd8d503}\InProcServer32\,%SystemRoot%\system32\adsmsext.dll
ST869VRJ,Wow6432Node\Classes\CLSID\{8b3ca2d7-9965-41a7-ad63-d113df1667fd}\InProcServer32,REG_SZ,,NT AUTHORITY\SYSTEM,HKEY_LOCAL_MACHINE\Software\Wow6432Node\Classes\CLSID\{8b3ca2d7-9965-41a7-ad63-d113df1667fd}\InProcServer32\,C:\Windows\SysWOW64\DevicePairingProxy.dll
ST869VRJ,Classes\CLSID\{E974D26D-3D9B-4D47-88CC-3872F2DC3585}\InProcServer32,REG_EXPAND_SZ,,NT AUTHORITY\SYSTEM,HKEY_LOCAL_MACHINE\Software\Classes\CLSID\{E974D26D-3D9B-4D47-88CC-3872F2DC3585}\InProcServer32\,%SystemRoot%\System32\XpsServices.dll
ST869VRJ,Classes\CLSID\{56ad4c5d-b908-4f85-8ff1-7940c29b3bcf}\InProcServer32,REG_EXPAND_SZ,,NT AUTHORITY\SYSTEM,HKEY_LOCAL_MACHINE\Software\Classes\CLSID\{56ad4c5d-b908-4f85-8ff1-7940c29b3bcf}\InProcServer32\,%SystemRoot%\system32\shell32.dll
ST869VRJ,Classes\CLSID\{7E45546F-6D52-4D10-B702-9C2E67232E62}\InProcServer32,REG_EXPAND_SZ,,NT AUTHORITY\SYSTEM,HKEY_LOCAL_MACHINE\Software\Classes\CLSID\{7E45546F-6D52-4D10-B702-9C2E67232E62}\InProcServer32\,%SystemRoot%\System32\appmgr.dll
ST869VRJ,Classes\CLSID\{7b9e38b0-a97c-11d0-8534-00c04fd8d503}\InProcServer32,REG_EXPAND_SZ,,NT AUTHORITY\SYSTEM,HKEY_LOCAL_MACHINE\Software\Classes\CLSID\{7b9e38b0-a97c-11d0-8534-00c04fd8d503}\InProcServer32\,%SystemRoot%\system32\activeds.dll
ST869VRJ,Classes\CLSID\{C96C4A08-12E9-4f87-8E6C-3DCF98518E11}\InProcServer32,REG_EXPAND_SZ,,NT AUTHORITY\SYSTEM,HKEY_LOCAL_MACHINE\Software\Classes\CLSID\{C96C4A08-12E9-4f87-8E6C-3DCF98518E11}\InProcServer32\,%SystemRoot%\System32\oobe\msoobeplugins.dll
ST869VRJ,Classes\CLSID\{A6EE35C6-87EC-47DF-9F22-1D5AAD840C82}\InProcServer32,REG_EXPAND_SZ,,NT AUTHORITY\SYSTEM,HKEY_LOCAL_MACHINE\Software\Classes\CLSID\{A6EE35C6-87EC-47DF-9F22-1D5AAD840C82}\InProcServer32\,%SystemRoot%\system32\windowscodecs.dll
ST869VRJ,Classes\CLSID\{114F5598-0B22-40A0-86A1-C83EA495ADBD}\InProcServer32,REG_EXPAND_SZ,,NT AUTHORITY\SYSTEM,HKEY_LOCAL_MACHINE\Software\Classes\CLSID\{114F5598-0B22-40A0-86A1-C83EA495ADBD}\InProcServer32\,%SystemRoot%\system32\windowscodecs.dll
ST869VRJ,Classes\CLSID\{A910187F-0C7A-45AC-92CC-59EDAFB77B53}\InProcServer32,REG_EXPAND_SZ,,NT AUTHORITY\SYSTEM,HKEY_LOCAL_MACHINE\Software\Classes\CLSID\{A910187F-0C7A-45AC-92CC-59EDAFB77B53}\InProcServer32\,%SystemRoot%\System32\Speech\Common\sapi.dll
ST869VRJ,Classes\CLSID\{D8A4F3EB-E7EC-3620-831A-B052A67C9944}\InProcServer32,REG_SZ,,NT AUTHORITY\SYSTEM,HKEY_LOCAL_MACHINE\Software\Classes\CLSID\{D8A4F3EB-E7EC-3620-831A-B052A67C9944}\InProcServer32\,C:\Windows\System32\mscoree.dll
ST869VRJ,Wow6432Node\Classes\CLSID\{c6cc0d21-895d-49cc-98f1-d208cd71e047}\InProcServer32,REG_SZ,,NT AUTHORITY\SYSTEM,HKEY_LOCAL_MACHINE\Software\Wow6432Node\Classes\CLSID\{c6cc0d21-895d-49cc-98f1-d208cd71e047}\InProcServer32\,C:\Windows\SysWOW64\IERtUtil.dll
ST869VRJ,Classes\CLSID\{b9b61a03-caa7-43bb-b859-acd26d73b3f7}\InProcServer32,REG_EXPAND_SZ,,NT AUTHORITY\SYSTEM,HKEY_LOCAL_MACHINE\Software\Classes\CLSID\{b9b61a03-caa7-43bb-b859-acd26d73b3f7}\InProcServer32\,%SystemRoot%\system32\shell32.dll
ST869VRJ,Classes\CLSID\{cf572d73-d6e5-4d45-acad-f18f4f76656f}\InProcServer32,REG_EXPAND_SZ,,NT AUTHORITY\SYSTEM,HKEY_LOCAL_MACHINE\Software\Classes\CLSID\{cf572d73-d6e5-4d45-acad-f18f4f76656f}\InProcServer32\,%SystemRoot%\system32\twinui.dll
ST869VRJ,Classes\CLSID\{5744BAD0-CB1D-43DB-90BD-1D2778CB0AD8}\InProcServer32,REG_SZ,,BUILTIN\Administrators,HKEY_LOCAL_MACHINE\Software\Classes\CLSID\{5744BAD0-CB1D-43DB-90BD-1D2778CB0AD8}\InProcServer32\,c:\PROGRA~1\mcafee\msc\mcmscshm.dll
ST869VRJ,Classes\CLSID\{c0b9675c-a5e1-408c-b5df-f3bba520827c}\InProcServer32,REG_SZ,,NT AUTHORITY\SYSTEM,HKEY_LOCAL_MACHINE\Software\Classes\CLSID\{c0b9675c-a5e1-408c-b5df-f3bba520827c}\InProcServer32\,C:\Windows\System32\IME\SHARED\imefiles.dll
ST869VRJ,Classes\CLSID\{5C63C1AD-3956-4FF8-8486-40034758315B}\InProcServer32,REG_EXPAND_SZ,,NT AUTHORITY\SYSTEM,HKEY_LOCAL_MACHINE\Software\Classes\CLSID\{5C63C1AD-3956-4FF8-8486-40034758315B}\InProcServer32\,%SystemRoot%\system32\hnetcfg.dll
ST869VRJ,Classes\CLSID\{21B82DE4-3BB2-4D10-B382-A614D665F4B5}\InProcServer32,REG_EXPAND_SZ,,NT AUTHORITY\SYSTEM,HKEY_LOCAL_MACHINE\Software\Classes\CLSID\{21B82DE4-3BB2-4D10-B382-A614D665F4B5}\InProcServer32\,%SystemRoot%\System32\SearchFolder.dll
ST869VRJ,Classes\CLSID\{0dec7d0c-bd63-4759-aa64-adefd70dcf9a}\InProcServer32,REG_SZ,,NT AUTHORITY\SYSTEM,HKEY_LOCAL_MACHINE\Software\Classes\CLSID\{0dec7d0c-bd63-4759-aa64-adefd70dcf9a}\InProcServer32\,C:\Windows\System32\Windows.UI.Immersive.dll
ST869VRJ,Classes\CLSID\{4f7d48de-1045-48b0-adba-f0b6d93a18f4}\InProcServer32,REG_EXPAND_SZ,,NT AUTHORITY\SYSTEM,HKEY_LOCAL_MACHINE\Software\Classes\CLSID\{4f7d48de-1045-48b0-adba-f0b6d93a18f4}\InProcServer32\,%SystemRoot%\system32\authui.dll
ST869VRJ,Classes\CLSID\{e7ed314f-2816-4c26-aeb5-54a34d02404c}\InProcServer32,REG_EXPAND_SZ,,NT AUTHORITY\SYSTEM,HKEY_LOCAL_MACHINE\Software\Classes\CLSID\{e7ed314f-2816-4c26-aeb5-54a34d02404c}\InProcServer32\,%SystemRoot%\System32\kernelceip.dll
ST869VRJ,Classes\CLSID\{7071EC05-663B-4bc1-A1FA-B97F3B917C55}\InProcServer32,REG_EXPAND_SZ,,NT AUTHORITY\SYSTEM,HKEY_LOCAL_MACHINE\Software\Classes\CLSID\{7071EC05-663B-4bc1-A1FA-B97F3B917C55}\InProcServer32\,%SystemRoot%\system32\connect.dll
ST869VRJ,CurrentControlSet\Services\WinSock2\Parameters\Protocol_Catalog9\Catalog_Entries\000000000006\,REG_BINARY,PackedCatalogItem,NT AUTHORITY\SYSTEM,HKEY_LOCAL_MACHINE\System\CurrentControlSet\Services\WinSock2\Parameters\Protocol_Catalog9\Catalog_Entries\000000000006\PackedCatalogItem,"%SystemRoot%\system32\mswsock.dll."".h.t.t.p.:././.s.c.h.e.m.a.s...m.i.c.r.o.s.o.f.t...c.o.m./.w.i.n./.2.0.0.4./.0.8./.e.v.e.n.t.s."".&gt;..... . .&lt;.t.e.m.p.l.a.t.e. .t.i.d.=."".R.e.s.u.l.t."".&gt;..... . . . .&lt;.d.a.t.a. .i.n.T.y.p.e.=."".w.i.n.:.U.I.n.t.3.2."". .n.a.m.e..........................&amp;.......l4.................................................................................@.%.S.y.s.t.e.m.R.o.o.t.%.\.S.y.s.t.e.m.3.2.\.m.s.w.s.o.c.k...d.l.l. .-.6.0.2.0.2..............................................................................................................................................................................................................................................................................................................................................................................................................................................."
ST869VRJ,Classes\CLSID\{0da7bfdf-c0a0-44eb-be82-b7a82c4721de}\InProcServer32,REG_EXPAND_SZ,,NT AUTHORITY\SYSTEM,HKEY_LOCAL_MACHINE\Software\Classes\CLSID\{0da7bfdf-c0a0-44eb-be82-b7a82c4721de}\InProcServer32\,%SystemRoot%\system32\appwiz.cpl
ST869VRJ,Classes\CLSID\{a5a3563a-5755-4a6f-854e-afa3230b199f}\InProcServer32,REG_EXPAND_SZ,,NT AUTHORITY\SYSTEM,HKEY_LOCAL_MACHINE\Software\Classes\CLSID\{a5a3563a-5755-4a6f-854e-afa3230b199f}\InProcServer32\,%SystemRoot%\system32\shell32.dll
ST869VRJ,Classes\CLSID\{DCC42FB9-F88D-43C2-B874-727DF0F75586}\InProcServer32,REG_EXPAND_SZ,,NT AUTHORITY\SYSTEM,HKEY_LOCAL_MACHINE\Software\Classes\CLSID\{DCC42FB9-F88D-43C2-B874-727DF0F75586}\InProcServer32\,%SystemRoot%\System32\oobe\msoobedui.dll
ST869VRJ,Classes\CLSID\{347CBD95-DD80-4144-81AF-AE803E633A00}\InProcServer32,REG_EXPAND_SZ,,NT AUTHORITY\SYSTEM,HKEY_LOCAL_MACHINE\Software\Classes\CLSID\{347CBD95-DD80-4144-81AF-AE803E633A00}\InProcServer32\,%SystemRoot%\System32\DXPPS.dll
ST869VRJ,CurrentControlSet\Services\vxn\,REG_EXPAND_SZ,ImagePath,NT AUTHORITY\SYSTEM,HKEY_LOCAL_MACHINE\SYSTEM\CurrentControlSet\Services\vxn\ImagePath,\SystemRoot\system32\DRIVERS\vxn64x64.sys
ST869VRJ,Classes\CLSID\{06290BD4-48AA-11D2-8432-006008C3FBFC}\InProcServer32,REG_SZ,,NT AUTHORITY\SYSTEM,HKEY_LOCAL_MACHINE\Software\Classes\CLSID\{06290BD4-48AA-11D2-8432-006008C3FBFC}\InProcServer32\,C:\Windows\System32\scrobj.dll
ST869VRJ,Classes\CLSID\{116ABC1A-F7DB-45A7-ADDA-D5A57A08C6FF}\InProcServer32,REG_SZ,,NT AUTHORITY\SYSTEM,HKEY_LOCAL_MACHINE\Software\Classes\CLSID\{116ABC1A-F7DB-45A7-ADDA-D5A57A08C6FF}\InProcServer32\,C:\Windows\System32\tsworkspace.dll
ST869VRJ,CurrentControlSet\Services\sppsvc\,REG_EXPAND_SZ,ImagePath,NT AUTHORITY\SYSTEM,HKEY_LOCAL_MACHINE\SYSTEM\CurrentControlSet\Services\sppsvc\ImagePath,%SystemRoot%\system32\sppsvc.exe
ST869VRJ,Classes\CLSID\{6BC1CFFA-8FC1-4261-AC22-CFB4CC38DB50}\InProcServer32,REG_SZ,,NT AUTHORITY\SYSTEM,HKEY_LOCAL_MACHINE\Software\Classes\CLSID\{6BC1CFFA-8FC1-4261-AC22-CFB4CC38DB50}\InProcServer32\,C:\Windows\System32\quartz.dll
ST869VRJ,Classes\CLSID\{18619969-3835-41E5-B457-44FE0DB77653}\InProcServer32,REG_EXPAND_SZ,,NT AUTHORITY\SYSTEM,HKEY_LOCAL_MACHINE\Software\Classes\CLSID\{18619969-3835-41E5-B457-44FE0DB77653}\InProcServer32\,%SystemRoot%\System32\AppxStreamingDataSourcePS.dll
ST869VRJ,Classes\CLSID\{528d46b3-3a4b-4b13-bf74-d9cbd7306e07}\InProcServer32,REG_SZ,,NT AUTHORITY\SYSTEM,HKEY_LOCAL_MACHINE\Software\Classes\CLSID\{528d46b3-3a4b-4b13-bf74-d9cbd7306e07}\InProcServer32\,C:\Windows\System32\ieframe.dll
ST869VRJ,Classes\CLSID\{11dbb47c-a525-400b-9e80-a54615a090c0}\InProcServer32,REG_EXPAND_SZ,,NT AUTHORITY\SYSTEM,HKEY_LOCAL_MACHINE\Software\Classes\CLSID\{11dbb47c-a525-400b-9e80-a54615a090c0}\InProcServer32\,%SystemRoot%\system32\explorerframe.dll
ST869VRJ,Classes\CLSID\{A164C0BF-67AE-3C7E-BC05-BFE24A8CDB62}\InProcServer32,REG_SZ,,NT AUTHORITY\SYSTEM,HKEY_LOCAL_MACHINE\Software\Classes\CLSID\{A164C0BF-67AE-3C7E-BC05-BFE24A8CDB62}\InProcServer32\,C:\Windows\System32\mscoree.dll
ST869VRJ,Classes\CLSID\{B11CD547-573E-4D53-8719-D55634E3F458}\InProcServer32,REG_EXPAND_SZ,,NT AUTHORITY\SYSTEM,HKEY_LOCAL_MACHINE\Software\Classes\CLSID\{B11CD547-573E-4D53-8719-D55634E3F458}\InProcServer32\,%SystemRoot%\System32\twinui.dll
ST869VRJ,Classes\CLSID\{641ABA69-56FD-4029-A445-4D8375D3A699}\InProcServer32,REG_EXPAND_SZ,,NT AUTHORITY\SYSTEM,HKEY_LOCAL_MACHINE\Software\Classes\CLSID\{641ABA69-56FD-4029-A445-4D8375D3A699}\InProcServer32\,%SystemRoot%\system32\UIAnimation.dll
ST869VRJ,Classes\CLSID\{31220067-EE3A-4ED7-B579-103D74930CB5}\InProcServer32,REG_EXPAND_SZ,,NT AUTHORITY\SYSTEM,HKEY_LOCAL_MACHINE\Software\Classes\CLSID\{31220067-EE3A-4ED7-B579-103D74930CB5}\InProcServer32\,%SystemRoot%\system32\hgcpl.dll
ST869VRJ,Microsoft\Windows NT\CurrentVersion\Drivers32\,REG_SZ,wavemapper,NT AUTHORITY\SYSTEM,HKEY_LOCAL_MACHINE\SOFTWARE\Microsoft\Windows NT\CurrentVersion\Drivers32\wavemapper,msacm32.drv
ST869VRJ,Classes\CLSID\{2CA8CA52-3C3F-11D2-B73D-00C04FB6BD3D}\InProcServer32,REG_SZ,,NT AUTHORITY\SYSTEM,HKEY_LOCAL_MACHINE\Software\Classes\CLSID\{2CA8CA52-3C3F-11D2-B73D-00C04FB6BD3D}\InProcServer32\,C:\Windows\System32\qcap.dll
ST869VRJ,Classes\CLSID\{4662DAAC-D393-11D0-9A56-00C04FB68BF7}\InProcServer32,REG_SZ,,NT AUTHORITY\SYSTEM,HKEY_LOCAL_MACHINE\Software\Classes\CLSID\{4662DAAC-D393-11D0-9A56-00C04FB68BF7}\InProcServer32\,C:\Windows\System32\itircl.dll
ST869VRJ,Classes\CLSID\{093FF999-1EA0-4079-9525-9614C3504B74}\InProcServer32,REG_SZ,,NT AUTHORITY\SYSTEM,HKEY_LOCAL_MACHINE\Software\Classes\CLSID\{093FF999-1EA0-4079-9525-9614C3504B74}\InProcServer32\,C:\Windows\System32\wshom.ocx
ST869VRJ,Classes\CLSID\{2CB6CDA4-1C14-4392-A8EC-81EEF1F2E079}\InProcServer32,REG_EXPAND_SZ,,NT AUTHORITY\SYSTEM,HKEY_LOCAL_MACHINE\Software\Classes\CLSID\{2CB6CDA4-1C14-4392-A8EC-81EEF1F2E079}\InProcServer32\,%SystemRoot%\System32\MSWB7.dll
ST869VRJ,Classes\CLSID\{06290BD3-48AA-11D2-8432-006008C3FBFC}\InProcServer32,REG_SZ,,NT AUTHORITY\SYSTEM,HKEY_LOCAL_MACHINE\Software\Classes\CLSID\{06290BD3-48AA-11D2-8432-006008C3FBFC}\InProcServer32\,C:\Windows\System32\scrobj.dll
ST869VRJ,Classes\CLSID\{00A77FF7-A514-493e-B721-CDF8CB0F5B59}\InProcServer32,REG_EXPAND_SZ,,NT AUTHORITY\SYSTEM,HKEY_LOCAL_MACHINE\Software\Classes\CLSID\{00A77FF7-A514-493e-B721-CDF8CB0F5B59}\InProcServer32\,%SystemRoot%\system32\systemcpl.dll
ST869VRJ,Classes\CLSID\{1299CF18-C4F5-4B6A-BB0F-2299F0398E27}\InProcServer32,REG_EXPAND_SZ,,NT AUTHORITY\SYSTEM,HKEY_LOCAL_MACHINE\Software\Classes\CLSID\{1299CF18-C4F5-4B6A-BB0F-2299F0398E27}\InProcServer32\,%SystemRoot%\System32\npmproxy.dll
ST869VRJ,Classes\CLSID\{5A8A3AAC-D614-46B9-B814-18D168A4B838}\InProcServer32,REG_SZ,,NT AUTHORITY\SYSTEM,HKEY_LOCAL_MACHINE\Software\Classes\CLSID\{5A8A3AAC-D614-46B9-B814-18D168A4B838}\InProcServer32\,C:\Windows\System32\shell32.dll
ST869VRJ,Classes\CLSID\{0102563D-F16D-434d-82A2-37968BD3E31E}\InProcServer32,REG_EXPAND_SZ,,NT AUTHORITY\SYSTEM,HKEY_LOCAL_MACHINE\Software\Classes\CLSID\{0102563D-F16D-434d-82A2-37968BD3E31E}\InProcServer32\,%SystemRoot%\System32\WLanHC.dll
ST869VRJ,Wow6432Node\Microsoft\Windows NT\CurrentVersion\Drivers32\,REG_SZ,msacm.msg711,NT AUTHORITY\SYSTEM,HKEY_LOCAL_MACHINE\Software\Wow6432Node\Microsoft\Windows NT\CurrentVersion\Drivers32\msacm.msg711,msg711.acm
ST869VRJ,Classes\CLSID\{7071EC75-663B-4bc1-A1FA-B97F3B917C55}\InProcServer32,REG_EXPAND_SZ,,NT AUTHORITY\SYSTEM,HKEY_LOCAL_MACHINE\Software\Classes\CLSID\{7071EC75-663B-4bc1-A1FA-B97F3B917C55}\InProcServer32\,%SystemRoot%\system32\connect.dll
ST869VRJ,CurrentControlSet\Services\HDAudBus\,REG_EXPAND_SZ,ImagePath,NT AUTHORITY\SYSTEM,HKEY_LOCAL_MACHINE\SYSTEM\CurrentControlSet\Services\HDAudBus\ImagePath,\SystemRoot\System32\drivers\HDAudBus.sys
ST869VRJ,Classes\CLSID\{C7A3A54B-0250-11D3-9CD1-00105A1F4801}\InProcServer32,REG_EXPAND_SZ,,NT AUTHORITY\SYSTEM,HKEY_LOCAL_MACHINE\Software\Classes\CLSID\{C7A3A54B-0250-11D3-9CD1-00105A1F4801}\InProcServer32\,%SystemRoot%\system32\wbem\smtpcons.dll
ST869VRJ,Classes\CLSID\{150F28F1-49A5-4C28-BE1A-CFA854A1D04B}\InProcServer32,REG_EXPAND_SZ,,NT AUTHORITY\SYSTEM,HKEY_LOCAL_MACHINE\Software\Classes\CLSID\{150F28F1-49A5-4C28-BE1A-CFA854A1D04B}\InProcServer32\,%SystemRoot%\System32\tpmvsc.dll
ST869VRJ,Classes\CLSID\{EF8AD2D1-AE36-11D1-B2D2-006097DF8C11}\InProcServer32,REG_EXPAND_SZ,,NT AUTHORITY\SYSTEM,HKEY_LOCAL_MACHINE\Software\Classes\CLSID\{EF8AD2D1-AE36-11D1-B2D2-006097DF8C11}\InProcServer32\,%SystemRoot%\system32\explorerframe.dll
ST869VRJ,Classes\CLSID\{80AD3138-435C-499B-A71F-7F129960E6F7}\InProcServer32,REG_SZ,,BUILTIN\Administrators,HKEY_LOCAL_MACHINE\Software\Classes\CLSID\{80AD3138-435C-499B-A71F-7F129960E6F7}\InProcServer32\,c:\PROGRA~1\mcafee\msc\mcprsshm.dll
ST869VRJ,Classes\CLSID\{7c61d0a6-af7e-483a-b705-d2c5c2264656}\InProcServer32,REG_EXPAND_SZ,,NT AUTHORITY\SYSTEM,HKEY_LOCAL_MACHINE\Software\Classes\CLSID\{7c61d0a6-af7e-483a-b705-d2c5c2264656}\InProcServer32\,%SystemRoot%\system32\SearchFolder.dll
ST869VRJ,Classes\CLSID\{D1E7EE36-6AA6-4dc2-90BB-16A722623B7D}\InProcServer32,REG_EXPAND_SZ,,NT AUTHORITY\SYSTEM,HKEY_LOCAL_MACHINE\Software\Classes\CLSID\{D1E7EE36-6AA6-4dc2-90BB-16A722623B7D}\InProcServer32\,%SystemRoot%\System32\oobe\msoobeplugins.dll
ST869VRJ,Classes\CLSID\{591209c7-767b-42b2-9fba-44ee4615f2c7}\InProcServer32,REG_EXPAND_SZ,,NT AUTHORITY\SYSTEM,HKEY_LOCAL_MACHINE\Software\Classes\CLSID\{591209c7-767b-42b2-9fba-44ee4615f2c7}\InProcServer32\,%SystemRoot%\System32\shell32.dll
ST869VRJ,Classes\CLSID\{ecabafaa-7f19-11d2-978e-0000f8757e2a}\InProcServer32,REG_SZ,,NT AUTHORITY\SYSTEM,HKEY_LOCAL_MACHINE\Software\Classes\CLSID\{ecabafaa-7f19-11d2-978e-0000f8757e2a}\InProcServer32\,C:\Windows\System32\comsvcs.dll
ST869VRJ,Classes\CLSID\{0DC1AB8B-A52D-4BA8-BD76-E2819386FB2F}\InProcServer32,REG_EXPAND_SZ,,NT AUTHORITY\SYSTEM,HKEY_LOCAL_MACHINE\Software\Classes\CLSID\{0DC1AB8B-A52D-4BA8-BD76-E2819386FB2F}\InProcServer32\,%SystemRoot%\System32\twinui.dll
ST869VRJ,Classes\CLSID\{B5607793-24AC-44c7-82E2-831726AA6CB7}\InProcServer32,REG_EXPAND_SZ,,NT AUTHORITY\SYSTEM,HKEY_LOCAL_MACHINE\Software\Classes\CLSID\{B5607793-24AC-44c7-82E2-831726AA6CB7}\InProcServer32\,%SystemRoot%\system32\shell32.dll
ST869VRJ,Classes\CLSID\{FC220AD8-A72A-4EE8-926E-0B7AD152A020}\InProcServer32,REG_EXPAND_SZ,,NT AUTHORITY\SYSTEM,HKEY_LOCAL_MACHINE\Software\Classes\CLSID\{FC220AD8-A72A-4EE8-926E-0B7AD152A020}\InProcServer32\,%SystemRoot%\System32\msxml3.dll
ST869VRJ,Classes\CLSID\{b4414d52-69c9-4666-b62a-d82620bed434}\InProcServer32,REG_EXPAND_SZ,,NT AUTHORITY\SYSTEM,HKEY_LOCAL_MACHINE\Software\Classes\CLSID\{b4414d52-69c9-4666-b62a-d82620bed434}\InProcServer32\,%SystemRoot%\system32\shell32.dll
ST869VRJ,Classes\CLSID\{7071ECB3-663B-4bc1-A1FA-B97F3B917C55}\InProcServer32,REG_EXPAND_SZ,,NT AUTHORITY\SYSTEM,HKEY_LOCAL_MACHINE\Software\Classes\CLSID\{7071ECB3-663B-4bc1-A1FA-B97F3B917C55}\InProcServer32\,%SystemRoot%\system32\connect.dll
ST869VRJ,Classes\CLSID\{fcc2867c-69ea-4d85-8058-7c214e611c97}\InProcServer32,REG_EXPAND_SZ,,NT AUTHORITY\SYSTEM,HKEY_LOCAL_MACHINE\Software\Classes\CLSID\{fcc2867c-69ea-4d85-8058-7c214e611c97}\InProcServer32\,%SystemRoot%\system32\authui.dll
ST869VRJ,Classes\CLSID\{8278F931-2A3E-11d2-838F-00C04FD918D0}\InProcServer32,REG_EXPAND_SZ,,NT AUTHORITY\SYSTEM,HKEY_LOCAL_MACHINE\Software\Classes\CLSID\{8278F931-2A3E-11d2-838F-00C04FD918D0}\InProcServer32\,%SystemRoot%\system32\shell32.dll
ST869VRJ,Classes\CLSID\{C03E8555-781E-49a1-8190-CE902D0B2CE7}\InProcServer32,REG_EXPAND_SZ,,NT AUTHORITY\SYSTEM,HKEY_LOCAL_MACHINE\Software\Classes\CLSID\{C03E8555-781E-49a1-8190-CE902D0B2CE7}\InProcServer32\,%SystemRoot%\system32\rasgcw.dll
ST869VRJ,Classes\CLSID\{70cba7d2-50a5-4383-8aa5-b378c01c7364}\InProcServer32,REG_EXPAND_SZ,,NT AUTHORITY\SYSTEM,HKEY_LOCAL_MACHINE\Software\Classes\CLSID\{70cba7d2-50a5-4383-8aa5-b378c01c7364}\InProcServer32\,%SystemRoot%\system32\SearchFolder.dll
ST869VRJ,CurrentControlSet\Services\cdrom\,REG_EXPAND_SZ,ImagePath,NT AUTHORITY\SYSTEM,HKEY_LOCAL_MACHINE\SYSTEM\CurrentControlSet\Services\cdrom\ImagePath,\SystemRoot\System32\drivers\cdrom.sys
ST869VRJ,Classes\CLSID\{4CCEA634-FBE0-11d1-906A-00C04FD9189D}\InProcServer32,REG_SZ,,NT AUTHORITY\SYSTEM,HKEY_LOCAL_MACHINE\Software\Classes\CLSID\{4CCEA634-FBE0-11d1-906A-00C04FD9189D}\InProcServer32\,C:\Windows\System32\Dxtmsft.dll
ST869VRJ,Classes\CLSID\{E71B4063-3E59-11D2-952A-00C04FA34F05}\InProcServer32,REG_SZ,,NT AUTHORITY\SYSTEM,HKEY_LOCAL_MACHINE\Software\Classes\CLSID\{E71B4063-3E59-11D2-952A-00C04FA34F05}\InProcServer32\,C:\Windows\System32\Dxtmsft.dll
ST869VRJ,Classes\CLSID\{871C5380-42A0-1069-A2EA-08002B30309D}\InProcServer32,REG_SZ,,NT AUTHORITY\SYSTEM,HKEY_LOCAL_MACHINE\Software\Classes\CLSID\{871C5380-42A0-1069-A2EA-08002B30309D}\InProcServer32\,C:\Windows\System32\ieframe.dll
ST869VRJ,Classes\CLSID\{B72F8FD8-0FAB-4dd9-BDBF-245A6CE1485B}\InProcServer32,REG_EXPAND_SZ,,NT AUTHORITY\SYSTEM,HKEY_LOCAL_MACHINE\Software\Classes\CLSID\{B72F8FD8-0FAB-4dd9-BDBF-245A6CE1485B}\InProcServer32\,%SystemRoot%\System32\StructuredQuery.dll
ST869VRJ,Classes\CLSID\{07F94112-A42E-328B-B508-702EF62BCC29}\InProcServer32,REG_SZ,,NT AUTHORITY\SYSTEM,HKEY_LOCAL_MACHINE\Software\Classes\CLSID\{07F94112-A42E-328B-B508-702EF62BCC29}\InProcServer32\,C:\Windows\System32\mscoree.dll
ST869VRJ,Classes\CLSID\{C03E8553-781E-49a1-8190-CE902D0B2CE7}\InProcServer32,REG_EXPAND_SZ,,NT AUTHORITY\SYSTEM,HKEY_LOCAL_MACHINE\Software\Classes\CLSID\{C03E8553-781E-49a1-8190-CE902D0B2CE7}\InProcServer32\,%SystemRoot%\system32\rasgcw.dll
ST869VRJ,Classes\CLSID\{B54F3741-5B07-11cf-A4B0-00AA004A55E8}\InProcServer32,REG_SZ,,NT AUTHORITY\SYSTEM,HKEY_LOCAL_MACHINE\Software\Classes\CLSID\{B54F3741-5B07-11cf-A4B0-00AA004A55E8}\InProcServer32\,C:\Windows\System32\vbscript.dll
ST869VRJ,Classes\CLSID\{c99217e2-951d-40b6-b4e4-6af203dadf89}\InProcServer32,REG_EXPAND_SZ,,NT AUTHORITY\SYSTEM,HKEY_LOCAL_MACHINE\Software\Classes\CLSID\{c99217e2-951d-40b6-b4e4-6af203dadf89}\InProcServer32\,%SystemRoot%\system32\shell32.dll
ST869VRJ,CurrentControlSet\Services\TsUsbGD\,REG_EXPAND_SZ,ImagePath,NT AUTHORITY\SYSTEM,HKEY_LOCAL_MACHINE\SYSTEM\CurrentControlSet\Services\TsUsbGD\ImagePath,\SystemRoot\System32\drivers\TsUsbGD.sys
ST869VRJ,Classes\CLSID\{F3368374-CF19-11d0-B93D-00A0C90312e1}\InProcServer32,REG_EXPAND_SZ,,NT AUTHORITY\SYSTEM,HKEY_LOCAL_MACHINE\Software\Classes\CLSID\{F3368374-CF19-11d0-B93D-00A0C90312e1}\InProcServer32\,%SystemRoot%\system32\explorerframe.dll
ST869VRJ,CurrentControlSet\Services\PerfHost\,REG_EXPAND_SZ,ImagePath,NT AUTHORITY\SYSTEM,HKEY_LOCAL_MACHINE\SYSTEM\CurrentControlSet\Services\PerfHost\ImagePath,%SystemRoot%\SysWow64\perfhost.exe
ST869VRJ,Classes\CLSID\{889900c3-59f3-4c2f-ae21-a409ea01e605}\InProcServer32,REG_SZ,,NT AUTHORITY\SYSTEM,HKEY_LOCAL_MACHINE\Software\Classes\CLSID\{889900c3-59f3-4c2f-ae21-a409ea01e605}\InProcServer32\,C:\Windows\System32\thumbcache.dll
ST869VRJ,Classes\CLSID\{51a1467f-96a2-4b1c-9632-4b4d950fe216}\InProcServer32,REG_EXPAND_SZ,,NT AUTHORITY\SYSTEM,HKEY_LOCAL_MACHINE\Software\Classes\CLSID\{51a1467f-96a2-4b1c-9632-4b4d950fe216}\InProcServer32\,%SystemRoot%\System32\shell32.dll
ST869VRJ,Classes\CLSID\{03b5835f-f03c-411b-9ce2-aa23e1171e36}\InProcServer32,REG_SZ,,NT AUTHORITY\SYSTEM,HKEY_LOCAL_MACHINE\Software\Classes\CLSID\{03b5835f-f03c-411b-9ce2-aa23e1171e36}\InProcServer32\,C:\Windows\System32\IME\IMEJP\imjptip.dll
ST869VRJ,Classes\CLSID\{FF393560-C2A7-11CF-BFF4-444553540000}\InProcServer32,REG_SZ,,NT AUTHORITY\SYSTEM,HKEY_LOCAL_MACHINE\Software\Classes\CLSID\{FF393560-C2A7-11CF-BFF4-444553540000}\InProcServer32\,C:\Windows\System32\ieframe.dll
ST869VRJ,Classes\CLSID\{8099904b-0b91-4906-a89d-11de2bd8f737}\InProcServer32,REG_EXPAND_SZ,,NT AUTHORITY\SYSTEM,HKEY_LOCAL_MACHINE\Software\Classes\CLSID\{8099904b-0b91-4906-a89d-11de2bd8f737}\InProcServer32\,%SystemRoot%\system32\SearchFolder.dll
ST869VRJ,Classes\CLSID\{01A3BF5C-CC93-4C12-A4C3-09B0BBE7F63F}\InProcServer32,REG_EXPAND_SZ,,NT AUTHORITY\SYSTEM,HKEY_LOCAL_MACHINE\Software\Classes\CLSID\{01A3BF5C-CC93-4C12-A4C3-09B0BBE7F63F}\InProcServer32\,%SystemRoot%\system32\iasnap.dll
ST869VRJ,Classes\CLSID\{AE53ED01-CAB4-39CE-854A-8BF544EEEC35}\InProcServer32,REG_SZ,,NT AUTHORITY\SYSTEM,HKEY_LOCAL_MACHINE\Software\Classes\CLSID\{AE53ED01-CAB4-39CE-854A-8BF544EEEC35}\InProcServer32\,C:\Windows\System32\mscoree.dll
ST869VRJ,Classes\CLSID\{475E398F-8AFA-43A7-A3BE-F4EF8D6787C9}\InProcServer32,REG_SZ,,NT AUTHORITY\SYSTEM,HKEY_LOCAL_MACHINE\Software\Classes\CLSID\{475E398F-8AFA-43A7-A3BE-F4EF8D6787C9}\InProcServer32\,C:\Windows\System32\mscoree.dll
ST869VRJ,Classes\CLSID\{57C596D0-9370-40C0-BA0D-AB491B63255D}\InProcServer32,REG_SZ,,NT AUTHORITY\SYSTEM,HKEY_LOCAL_MACHINE\Software\Classes\CLSID\{57C596D0-9370-40C0-BA0D-AB491B63255D}\InProcServer32\,C:\Windows\System32\ipsmsnap.dll
ST869VRJ,Classes\CLSID\{C4D2D8E0-D1DD-11CE-940F-008029004347}\InProcServer32,REG_EXPAND_SZ,,NT AUTHORITY\SYSTEM,HKEY_LOCAL_MACHINE\Software\Classes\CLSID\{C4D2D8E0-D1DD-11CE-940F-008029004347}\InProcServer32\,%SystemRoot%\System32\sysmon.ocx
ST869VRJ,Classes\CLSID\{777BA8FB-2498-4875-933A-3067DE883070}\InProcServer32,REG_EXPAND_SZ,,NT AUTHORITY\SYSTEM,HKEY_LOCAL_MACHINE\Software\Classes\CLSID\{777BA8FB-2498-4875-933A-3067DE883070}\InProcServer32\,%SystemRoot%\system32\xwreg.dll
ST869VRJ,Classes\CLSID\{10898C3A-D2EB-483A-BC44-66BCCF03D6F4}\InProcServer32,REG_EXPAND_SZ,,NT AUTHORITY\SYSTEM,HKEY_LOCAL_MACHINE\Software\Classes\CLSID\{10898C3A-D2EB-483A-BC44-66BCCF03D6F4}\InProcServer32\,%SystemRoot%\system32\Windows.Devices.HumanInterfaceDevice.dll
ST869VRJ,Wow6432Node\Classes\CLSID\{34E72398-AB74-43DA-8355-7F60D1BE3F73}\InProcServer32,REG_SZ,,NT AUTHORITY\SYSTEM,HKEY_LOCAL_MACHINE\Software\Wow6432Node\Classes\CLSID\{34E72398-AB74-43DA-8355-7F60D1BE3F73}\InProcServer32\,C:\Windows\SysWOW64\Windows.Networking.Connectivity.dll
ST869VRJ,Classes\CLSID\{DFD888A7-A6B0-3B1B-985E-4CDAB0E4C17D}\InProcServer32,REG_SZ,,NT AUTHORITY\SYSTEM,HKEY_LOCAL_MACHINE\Software\Classes\CLSID\{DFD888A7-A6B0-3B1B-985E-4CDAB0E4C17D}\InProcServer32\,C:\Windows\System32\mscoree.dll
ST869VRJ,Classes\CLSID\{CB1DFE3A-EDFF-4d1f-867D-8ADB02926F4B}\InProcServer32,REG_EXPAND_SZ,,NT AUTHORITY\SYSTEM,HKEY_LOCAL_MACHINE\Software\Classes\CLSID\{CB1DFE3A-EDFF-4d1f-867D-8ADB02926F4B}\InProcServer32\,%SystemRoot%\system32\shell32.dll
ST869VRJ,CurrentControlSet\Services\rspndr\,REG_EXPAND_SZ,ImagePath,NT AUTHORITY\SYSTEM,HKEY_LOCAL_MACHINE\SYSTEM\CurrentControlSet\Services\rspndr\ImagePath,\SystemRoot\system32\DRIVERS\rspndr.sys
ST869VRJ,Classes\CLSID\{09799AFB-AD67-11d1-ABCD-00C04FC30936}\InProcServer32,REG_EXPAND_SZ,,NT AUTHORITY\SYSTEM,HKEY_LOCAL_MACHINE\Software\Classes\CLSID\{09799AFB-AD67-11d1-ABCD-00C04FC30936}\InProcServer32\,%SystemRoot%\system32\shell32.dll
ST869VRJ,Classes\CLSID\{1E66C960-3DF9-4d3a-A1A7-CEC25E938C60}\InProcServer32,REG_SZ,,NT AUTHORITY\SYSTEM,HKEY_LOCAL_MACHINE\Software\Classes\CLSID\{1E66C960-3DF9-4d3a-A1A7-CEC25E938C60}\InProcServer32\,C:\Windows\System32\shell32.dll
ST869VRJ,Classes\CLSID\{2DEA658F-54C1-4227-AF9B-260AB5FC3543}\InProcServer32,REG_EXPAND_SZ,,NT AUTHORITY\SYSTEM,HKEY_LOCAL_MACHINE\Software\Classes\CLSID\{2DEA658F-54C1-4227-AF9B-260AB5FC3543}\InProcServer32\,%SystemRoot%\System32\PlaySndSrv.dll
ST869VRJ,Classes\CLSID\{3BD1F243-9BC4-305D-9B1C-0D10C80329FC}\InProcServer32,REG_SZ,,NT AUTHORITY\SYSTEM,HKEY_LOCAL_MACHINE\Software\Classes\CLSID\{3BD1F243-9BC4-305D-9B1C-0D10C80329FC}\InProcServer32\,C:\Windows\System32\mscoree.dll
ST869VRJ,Classes\CLSID\{FE217CB2-0B2C-48c9-90CA-8D8BCA79248D}\InProcServer32,REG_EXPAND_SZ,,NT AUTHORITY\SYSTEM,HKEY_LOCAL_MACHINE\Software\Classes\CLSID\{FE217CB2-0B2C-48c9-90CA-8D8BCA79248D}\InProcServer32\,%SystemRoot%\system32\netcorehc.dll
ST869VRJ,Classes\CLSID\{68ddbb56-9d1d-4fd9-89c5-c0da2a625392}\InProcServer32,REG_EXPAND_SZ,,NT AUTHORITY\SYSTEM,HKEY_LOCAL_MACHINE\Software\Classes\CLSID\{68ddbb56-9d1d-4fd9-89c5-c0da2a625392}\InProcServer32\,%SystemRoot%\system32\stobject.dll
ST869VRJ,Classes\CLSID\{8b3ca2d7-9965-41a7-ad63-d113df1667fd}\InProcServer32,REG_SZ,,NT AUTHORITY\SYSTEM,HKEY_LOCAL_MACHINE\Software\Classes\CLSID\{8b3ca2d7-9965-41a7-ad63-d113df1667fd}\InProcServer32\,C:\Windows\System32\DevicePairingProxy.dll
ST869VRJ,Classes\CLSID\{356F2F88-05A6-4728-B9A4-1BFBCE04D838}\InProcServer32,REG_EXPAND_SZ,,NT AUTHORITY\SYSTEM,HKEY_LOCAL_MACHINE\Software\Classes\CLSID\{356F2F88-05A6-4728-B9A4-1BFBCE04D838}\InProcServer32\,%SystemRoot%\system32\windowscodecs.dll
ST869VRJ,Classes\CLSID\{BF782CC9-5A52-4A17-806C-2A894FFEEAC5}\InProcServer32,REG_EXPAND_SZ,,NT AUTHORITY\SYSTEM,HKEY_LOCAL_MACHINE\Software\Classes\CLSID\{BF782CC9-5A52-4A17-806C-2A894FFEEAC5}\InProcServer32\,%SystemRoot%\System32\shdocvw.dll
ST869VRJ,Classes\CLSID\{3E4D4F1C-2AEE-11D1-9D3D-00C04FC30DF6}\InProcServer32,REG_EXPAND_SZ,,NT AUTHORITY\SYSTEM,HKEY_LOCAL_MACHINE\Software\Classes\CLSID\{3E4D4F1C-2AEE-11D1-9D3D-00C04FC30DF6}\InProcServer32\,%SystemRoot%\system32\oleprn.dll
ST869VRJ,Classes\CLSID\{bd69ecaa-ae5c-40d0-b968-7848f3778f56}\InProcServer32,REG_EXPAND_SZ,,NT AUTHORITY\SYSTEM,HKEY_LOCAL_MACHINE\Software\Classes\CLSID\{bd69ecaa-ae5c-40d0-b968-7848f3778f56}\InProcServer32\,%SystemRoot%\system32\netcorehc.dll
ST869VRJ,Classes\CLSID\{2F5C3DEB-80B1-484A-9843-BBCDF6CAA0B2}\InProcServer32,REG_EXPAND_SZ,,NT AUTHORITY\SYSTEM,HKEY_LOCAL_MACHINE\Software\Classes\CLSID\{2F5C3DEB-80B1-484A-9843-BBCDF6CAA0B2}\InProcServer32\,%SystemRoot%\system32\AepRoam.dll
ST869VRJ,Classes\CLSID\{1968106d-f3b5-44cf-890e-116fcb9ecef1}\InProcServer32,REG_EXPAND_SZ,,NT AUTHORITY\SYSTEM,HKEY_LOCAL_MACHINE\Software\Classes\CLSID\{1968106d-f3b5-44cf-890e-116fcb9ecef1}\InProcServer32\,%SystemRoot%\System32\sud.dll
ST869VRJ,Classes\CLSID\{8FD730C1-DD1B-3694-84A1-8CE7159E266B}\InProcServer32,REG_SZ,,NT AUTHORITY\SYSTEM,HKEY_LOCAL_MACHINE\Software\Classes\CLSID\{8FD730C1-DD1B-3694-84A1-8CE7159E266B}\InProcServer32\,C:\Windows\System32\mscoree.dll
ST869VRJ,Classes\CLSID\{F7A4F1DA-96C3-4BCF-BEB3-1D9FFDE89EE9}\InProcServer32,REG_EXPAND_SZ,,NT AUTHORITY\SYSTEM,HKEY_LOCAL_MACHINE\Software\Classes\CLSID\{F7A4F1DA-96C3-4BCF-BEB3-1D9FFDE89EE9}\InProcServer32\,%SystemRoot%\system32\mmcndmgr.dll
ST869VRJ,Classes\CLSID\{299D0193-6DAA-11d2-B679-006097DF5BD4}\InProcServer32,REG_EXPAND_SZ,,NT AUTHORITY\SYSTEM,HKEY_LOCAL_MACHINE\Software\Classes\CLSID\{299D0193-6DAA-11d2-B679-006097DF5BD4}\InProcServer32\,%SystemRoot%\system32\msieftp.dll
ST869VRJ,Classes\CLSID\{D4692569-5A04-351D-8BA7-5F43AB458DF6}\InProcServer32,REG_SZ,,NT AUTHORITY\SYSTEM,HKEY_LOCAL_MACHINE\Software\Classes\CLSID\{D4692569-5A04-351D-8BA7-5F43AB458DF6}\InProcServer32\,C:\Windows\System32\mscoree.dll
ST869VRJ,Wow6432Node\Classes\CLSID\{B9BC2A50-43C3-41AA-A086-5DB14E184BAE}\InProcServer32,REG_SZ,,NT AUTHORITY\SYSTEM,HKEY_LOCAL_MACHINE\Software\Wow6432Node\Classes\CLSID\{B9BC2A50-43C3-41AA-A086-5DB14E184BAE}\InProcServer32\,C:\Windows\SysWOW64\InputSwitch.dll
ST869VRJ,Classes\CLSID\{3918D75F-0ACB-41F2-B733-92AA15BCECF6}\InProcServer32,REG_EXPAND_SZ,,NT AUTHORITY\SYSTEM,HKEY_LOCAL_MACHINE\Software\Classes\CLSID\{3918D75F-0ACB-41F2-B733-92AA15BCECF6}\InProcServer32\,%SystemRoot%\System32\Speech\Common\sapi.dll
ST869VRJ,Classes\CLSID\{f4e8bc67-9616-4a28-a332-cf27a5ca6736}\InProcServer32,REG_EXPAND_SZ,,NT AUTHORITY\SYSTEM,HKEY_LOCAL_MACHINE\Software\Classes\CLSID\{f4e8bc67-9616-4a28-a332-cf27a5ca6736}\InProcServer32\,%SystemRoot%\system32\shell32.dll
ST869VRJ,Microsoft\Windows NT\CurrentVersion\Image File Execution Options\mshta.exe\,REG_QWORD,MitigationOptions,NT AUTHORITY\SYSTEM,HKEY_LOCAL_MACHINE\Software\Microsoft\Windows NT\CurrentVersion\Image File Execution Options\mshta.exe\MitigationOptions,256
ST869VRJ,Microsoft\Windows\CurrentVersion\Policies\Explorer\,REG_DWORD,ShowSuperHidden,NT AUTHORITY\SYSTEM,HKEY_LOCAL_MACHINE\Software\Microsoft\Windows\CurrentVersion\Policies\Explorer\ShowSuperHidden,1
ST869VRJ,Classes\CLSID\{72422AA4-3536-41FA-965E-D5D9DD130297}\InProcServer32,REG_EXPAND_SZ,,NT AUTHORITY\SYSTEM,HKEY_LOCAL_MACHINE\Software\Classes\CLSID\{72422AA4-3536-41FA-965E-D5D9DD130297}\InProcServer32\,%SystemRoot%\System32\twinui.dll
ST869VRJ,Classes\CLSID\{60173D16-A550-47f0-A14B-C6F9E4DA0831}\InProcServer32,REG_EXPAND_SZ,,NT AUTHORITY\SYSTEM,HKEY_LOCAL_MACHINE\Software\Classes\CLSID\{60173D16-A550-47f0-A14B-C6F9E4DA0831}\InProcServer32\,%SystemRoot%\system32\shell32.dll
ST869VRJ,Classes\CLSID\{973A7390-2608-3943-9015-D798D1217C08}\InProcServer32,REG_SZ,,NT AUTHORITY\SYSTEM,HKEY_LOCAL_MACHINE\Software\Classes\CLSID\{973A7390-2608-3943-9015-D798D1217C08}\InProcServer32\,C:\Windows\System32\mscoree.dll
ST869VRJ,Classes\CLSID\{CCAEAA6D-3A50-488F-A664-5FACF424BC46}\InProcServer32,REG_EXPAND_SZ,,NT AUTHORITY\SYSTEM,HKEY_LOCAL_MACHINE\Software\Classes\CLSID\{CCAEAA6D-3A50-488F-A664-5FACF424BC46}\InProcServer32\,%SystemRoot%\system32\shell32.dll
ST869VRJ,Classes\CLSID\{CC6EEFFB-43F6-46c5-9619-51D571967F7D}\InProcServer32,REG_EXPAND_SZ,,NT AUTHORITY\SYSTEM,HKEY_LOCAL_MACHINE\Software\Classes\CLSID\{CC6EEFFB-43F6-46c5-9619-51D571967F7D}\InProcServer32\,%SystemRoot%\System32\shwebsvc.dll
ST869VRJ,Classes\CLSID\{C96401CC-0E17-11D3-885B-00C04F72C717}\InProcServer32,REG_EXPAND_SZ,,NT AUTHORITY\SYSTEM,HKEY_LOCAL_MACHINE\Software\Classes\CLSID\{C96401CC-0E17-11D3-885B-00C04F72C717}\InProcServer32\,%SystemRoot%\system32\mmcndmgr.dll
ST869VRJ,Classes\CLSID\{888DCA60-FC0A-11CF-8F0F-00C04FD7D062}\InProcServer32,REG_EXPAND_SZ,,NT AUTHORITY\SYSTEM,HKEY_LOCAL_MACHINE\Software\Classes\CLSID\{888DCA60-FC0A-11CF-8F0F-00C04FD7D062}\InProcServer32\,%SystemRoot%\system32\zipfldr.dll
ST869VRJ,Classes\CLSID\{8DBEF13F-1948-4AA8-8CF0-048EEBED95D8}\InProcServer32,REG_EXPAND_SZ,,NT AUTHORITY\SYSTEM,HKEY_LOCAL_MACHINE\Software\Classes\CLSID\{8DBEF13F-1948-4AA8-8CF0-048EEBED95D8}\InProcServer32\,%SystemRoot%\System32\Speech\Common\sapi.dll
ST869VRJ,Classes\CLSID\{167c0a56-c490-4623-9225-8ffdc546e56c}\InProcServer32,REG_EXPAND_SZ,,NT AUTHORITY\SYSTEM,HKEY_LOCAL_MACHINE\Software\Classes\CLSID\{167c0a56-c490-4623-9225-8ffdc546e56c}\InProcServer32\,%SystemRoot%\system32\shell32.dll
ST869VRJ,Classes\htafile\shell\open\command,REG_SZ,,NT AUTHORITY\SYSTEM,HKEY_LOCAL_MACHINE\Software\Classes\htafile\shell\open\command\,"C:\Windows\SysWOW64\mshta.exe ""%1"" {1E460BD7-F1C3-4B2E-88BF-4E770A288AF5}%U{1E460BD7-F1C3-4B2E-88BF-4E770A288AF5} %*"
ST869VRJ,Classes\CLSID\{7E3393AB-2AB2-320B-8F6F-EAB6F5CF2CAF}\InProcServer32,REG_SZ,,NT AUTHORITY\SYSTEM,HKEY_LOCAL_MACHINE\Software\Classes\CLSID\{7E3393AB-2AB2-320B-8F6F-EAB6F5CF2CAF}\InProcServer32\,C:\Windows\System32\mscoree.dll
ST869VRJ,Classes\CLSID\{a8a881fb-bee9-4cdf-b052-ae42e427e319}\InProcServer32,REG_EXPAND_SZ,,NT AUTHORITY\SYSTEM,HKEY_LOCAL_MACHINE\Software\Classes\CLSID\{a8a881fb-bee9-4cdf-b052-ae42e427e319}\InProcServer32\,%SystemRoot%\system32\authui.dll
ST869VRJ,Classes\CLSID\{F6F390DB-9953-497B-B2F8-9F9B7C8A1B1C}\InProcServer32,REG_SZ,,BUILTIN\Administrators,HKEY_LOCAL_MACHINE\Software\Classes\CLSID\{F6F390DB-9953-497B-B2F8-9F9B7C8A1B1C}\InProcServer32\,c:\PROGRA~1\mcafee\msc\mcuinshm.dll
ST869VRJ,Classes\CLSID\{593817A0-7DB3-11CF-A2DE-00AA00B93356}\InProcServer32,REG_EXPAND_SZ,,NT AUTHORITY\SYSTEM,HKEY_LOCAL_MACHINE\Software\Classes\CLSID\{593817A0-7DB3-11CF-A2DE-00AA00B93356}\InProcServer32\,%SystemRoot%\system32\ddraw.dll
ST869VRJ,Classes\CLSID\{7F8C7DC5-D8B4-3758-981F-02AF6B42461A}\InProcServer32,REG_SZ,,NT AUTHORITY\SYSTEM,HKEY_LOCAL_MACHINE\Software\Classes\CLSID\{7F8C7DC5-D8B4-3758-981F-02AF6B42461A}\InProcServer32\,C:\Windows\System32\mscoree.dll
ST869VRJ,CurrentControlSet\Services\MsBridge\,REG_EXPAND_SZ,ImagePath,NT AUTHORITY\SYSTEM,HKEY_LOCAL_MACHINE\SYSTEM\CurrentControlSet\Services\MsBridge\ImagePath,\SystemRoot\system32\DRIVERS\bridge.sys
ST869VRJ,Classes\CLSID\{BB331DDE-CA08-4436-9C2F-4A84964703F4}\InProcServer32,REG_SZ,,NT AUTHORITY\SYSTEM,HKEY_LOCAL_MACHINE\Software\Classes\CLSID\{BB331DDE-CA08-4436-9C2F-4A84964703F4}\InProcServer32\,C:\Windows\System32\Windows.Storage.ApplicationData.dll
ST869VRJ,Classes\CLSID\{17B75166-928F-417d-9685-64AA135565C1}\InProcServer32,REG_EXPAND_SZ,,NT AUTHORITY\SYSTEM,HKEY_LOCAL_MACHINE\Software\Classes\CLSID\{17B75166-928F-417d-9685-64AA135565C1}\InProcServer32\,%SystemRoot%\system32\PhotoMetadataHandler.dll
ST869VRJ,Classes\CLSID\{3C305196-50DB-11D3-9CFE-00C04FD930C5}\InProcServer32,REG_EXPAND_SZ,,NT AUTHORITY\SYSTEM,HKEY_LOCAL_MACHINE\Software\Classes\CLSID\{3C305196-50DB-11D3-9CFE-00C04FD930C5}\InProcServer32\,%SystemRoot%\system32\ddraw.dll
ST869VRJ,Classes\CLSID\{0AC71593-60FC-4a6a-BF85-A0B93BCC3785}\InProcServer32,REG_EXPAND_SZ,,NT AUTHORITY\SYSTEM,HKEY_LOCAL_MACHINE\Software\Classes\CLSID\{0AC71593-60FC-4a6a-BF85-A0B93BCC3785}\InProcServer32\,%SystemRoot%\System32\oobe\msoobeplugins.dll
ST869VRJ,Classes\CLSID\{D6AD10F3-70AB-41E1-96B3-4C36E35D333C}\InProcServer32,REG_EXPAND_SZ,,NT AUTHORITY\SYSTEM,HKEY_LOCAL_MACHINE\Software\Classes\CLSID\{D6AD10F3-70AB-41E1-96B3-4C36E35D333C}\InProcServer32\,%SystemRoot%\System32\Speech\Common\sapi.dll
ST869VRJ,Classes\CLSID\{AF8C5F8A-9999-3E92-BB41-C5F4955174CD}\InProcServer32,REG_SZ,,NT AUTHORITY\SYSTEM,HKEY_LOCAL_MACHINE\Software\Classes\CLSID\{AF8C5F8A-9999-3E92-BB41-C5F4955174CD}\InProcServer32\,C:\Windows\System32\mscoree.dll
ST869VRJ,Classes\CLSID\{0AE2DEB0-F901-478b-BB9F-881EE8066788}\InProcServer32,REG_SZ,,NT AUTHORITY\SYSTEM,HKEY_LOCAL_MACHINE\Software\Classes\CLSID\{0AE2DEB0-F901-478b-BB9F-881EE8066788}\InProcServer32\,C:\Windows\System32\mscoree.dll
ST869VRJ,Classes\CLSID\{79eac9f2-baf9-11ce-8c82-00aa004ba90b}\InProcServer32,REG_SZ,,NT AUTHORITY\SYSTEM,HKEY_LOCAL_MACHINE\Software\Classes\CLSID\{79eac9f2-baf9-11ce-8c82-00aa004ba90b}\InProcServer32\,C:\Windows\System32\urlmon.dll
ST869VRJ,Classes\CLSID\{1bef2128-2f96-4500-ba7c-098dc0049cb2}\InProcServer32,REG_EXPAND_SZ,,NT AUTHORITY\SYSTEM,HKEY_LOCAL_MACHINE\Software\Classes\CLSID\{1bef2128-2f96-4500-ba7c-098dc0049cb2}\InProcServer32\,%SystemRoot%\system32\SearchFolder.dll
ST869VRJ,Classes\CLSID\{863FA3AC-9D97-4560-9587-7FA58727608B}\InProcServer32,REG_EXPAND_SZ,,NT AUTHORITY\SYSTEM,HKEY_LOCAL_MACHINE\Software\Classes\CLSID\{863FA3AC-9D97-4560-9587-7FA58727608B}\InProcServer32\,%SystemRoot%\system32\filemgmt.dll
ST869VRJ,Classes\CLSID\{03837531-098B-11D8-9414-505054503030}\InProcServer32,REG_EXPAND_SZ,,NT AUTHORITY\SYSTEM,HKEY_LOCAL_MACHINE\Software\Classes\CLSID\{03837531-098B-11D8-9414-505054503030}\InProcServer32\,%SystemRoot%\System32\pla.dll
ST869VRJ,Classes\CLSID\{463AE13F-C7E5-357E-A41C-DF8762FFF85C}\InProcServer32,REG_SZ,,NT AUTHORITY\SYSTEM,HKEY_LOCAL_MACHINE\Software\Classes\CLSID\{463AE13F-C7E5-357E-A41C-DF8762FFF85C}\InProcServer32\,C:\Windows\System32\mscoree.dll
ST869VRJ,Classes\CLSID\{E4206432-01A1-4BEE-B3E1-3702C8EDC574}\InProcServer32,REG_SZ,,NT AUTHORITY\SYSTEM,HKEY_LOCAL_MACHINE\Software\Classes\CLSID\{E4206432-01A1-4BEE-B3E1-3702C8EDC574}\InProcServer32\,C:\Windows\System32\quartz.dll
ST869VRJ,Classes\CLSID\{CAA817CC-0C04-4D22-A05C-2B7E162F4E8F}\InProcServer32,REG_SZ,,NT AUTHORITY\SYSTEM,HKEY_LOCAL_MACHINE\Software\Classes\CLSID\{CAA817CC-0C04-4D22-A05C-2B7E162F4E8F}\InProcServer32\,C:\Windows\System32\mscoree.dll
ST869VRJ,Classes\CLSID\{4D187AC2-D815-3B7E-BCEA-8E0BBC702F7C}\InProcServer32,REG_SZ,,NT AUTHORITY\SYSTEM,HKEY_LOCAL_MACHINE\Software\Classes\CLSID\{4D187AC2-D815-3B7E-BCEA-8E0BBC702F7C}\InProcServer32\,C:\Windows\System32\mscoree.dll
ST869VRJ,Classes\CLSID\{4df0c730-df9d-4ae3-9153-aa6b82e9795a}\InProcServer32,REG_EXPAND_SZ,,NT AUTHORITY\SYSTEM,HKEY_LOCAL_MACHINE\Software\Classes\CLSID\{4df0c730-df9d-4ae3-9153-aa6b82e9795a}\InProcServer32\,%SystemRoot%\system32\shell32.dll
ST869VRJ,Classes\CLSID\{90954C68-4D60-4023-A1F8-C6AF6F62E1C8}\InProcServer32,REG_EXPAND_SZ,,NT AUTHORITY\SYSTEM,HKEY_LOCAL_MACHINE\Software\Classes\CLSID\{90954C68-4D60-4023-A1F8-C6AF6F62E1C8}\InProcServer32\,%SystemRoot%\System32\netcenter.dll
ST869VRJ,Classes\CLSID\{c51b83e5-9edd-4250-b45a-da672ee3c70e}\InProcServer32,REG_EXPAND_SZ,,NT AUTHORITY\SYSTEM,HKEY_LOCAL_MACHINE\Software\Classes\CLSID\{c51b83e5-9edd-4250-b45a-da672ee3c70e}\InProcServer32\,%SystemRoot%\system32\shell32.dll
ST869VRJ,Classes\CLSID\{A4B07E49-6567-4FB8-8D39-01920E3B2357}\InProcServer32,REG_EXPAND_SZ,,NT AUTHORITY\SYSTEM,HKEY_LOCAL_MACHINE\Software\Classes\CLSID\{A4B07E49-6567-4FB8-8D39-01920E3B2357}\InProcServer32\,%SystemRoot%\System32\shpafact.dll
ST869VRJ,Classes\CLSID\{0A56C6F4-527A-4E21-96DB-B87B60CF46E3}\InProcServer32,REG_SZ,,BUILTIN\Administrators,HKEY_LOCAL_MACHINE\Software\Classes\CLSID\{0A56C6F4-527A-4E21-96DB-B87B60CF46E3}\InProcServer32\,c:\PROGRA~1\COMMON~1\mcafee\msgsdk\USRENV~1.DLL
ST869VRJ,Classes\CLSID\{00020424-0000-0000-C000-000000000046}\InProcServer32,REG_SZ,,NT AUTHORITY\SYSTEM,HKEY_LOCAL_MACHINE\Software\Classes\CLSID\{00020424-0000-0000-C000-000000000046}\InProcServer32\,C:\Windows\System32\oleaut32.dll
ST869VRJ,Classes\CLSID\{41070793-59E4-479A-A1F7-954ADC2EF5FC}\InProcServer32,REG_EXPAND_SZ,,NT AUTHORITY\SYSTEM,HKEY_LOCAL_MACHINE\Software\Classes\CLSID\{41070793-59E4-479A-A1F7-954ADC2EF5FC}\InProcServer32\,%SystemRoot%\system32\windowscodecs.dll
ST869VRJ,Classes\CLSID\{A1BFB370-5A9F-4429-BB72-B13E2FEAEDEF}\InProcServer32,REG_SZ,,NT AUTHORITY\SYSTEM,HKEY_LOCAL_MACHINE\Software\Classes\CLSID\{A1BFB370-5A9F-4429-BB72-B13E2FEAEDEF}\InProcServer32\,C:\Windows\System32\Dxtmsft.dll
ST869VRJ,Classes\CLSID\{6BC0969F-0CE6-11D1-BAAE-00C04FC2E20D}\InProcServer32,REG_EXPAND_SZ,,NT AUTHORITY\SYSTEM,HKEY_LOCAL_MACHINE\Software\Classes\CLSID\{6BC0969F-0CE6-11D1-BAAE-00C04FC2E20D}\InProcServer32\,%SystemRoot%\system32\iassvcs.dll
ST869VRJ,Classes\CLSID\{FA3E1D55-16DF-446d-872E-BD04D4F39C93}\InProcServer32,REG_SZ,,NT AUTHORITY\SYSTEM,HKEY_LOCAL_MACHINE\Software\Classes\CLSID\{FA3E1D55-16DF-446d-872E-BD04D4F39C93}\InProcServer32\,C:\Windows\System32\comsnap.dll
ST869VRJ,Wow6432Node\Classes\CLSID\{6279b7cb-d768-4fbe-a6d5-add4f711e53b}\InProcServer32,REG_SZ,,NT AUTHORITY\SYSTEM,HKEY_LOCAL_MACHINE\Software\Wow6432Node\Classes\CLSID\{6279b7cb-d768-4fbe-a6d5-add4f711e53b}\InProcServer32\,C:\Windows\SysWOW64\IME\IMEJP\APPLETS\imjpkdic.dll
ST869VRJ,Classes\CLSID\{4f6bcd94-c2a5-42ce-8dbc-31e794be4630}\InProcServer32,REG_EXPAND_SZ,,NT AUTHORITY\SYSTEM,HKEY_LOCAL_MACHINE\Software\Classes\CLSID\{4f6bcd94-c2a5-42ce-8dbc-31e794be4630}\InProcServer32\,%SystemRoot%\System32\shacct.dll
ST869VRJ,Classes\CLSID\{9C4D3346-650D-472d-A867-6F595B39D973}\InProcServer32,REG_EXPAND_SZ,,NT AUTHORITY\SYSTEM,HKEY_LOCAL_MACHINE\Software\Classes\CLSID\{9C4D3346-650D-472d-A867-6F595B39D973}\InProcServer32\,%SystemRoot%\system32\AuditPolicyGPInterop.dll
ST869VRJ,Classes\CLSID\{E48B2549-D510-4A76-8A5F-FC126A6215F0}\InProcServer32,REG_SZ,,NT AUTHORITY\SYSTEM,HKEY_LOCAL_MACHINE\Software\Classes\CLSID\{E48B2549-D510-4A76-8A5F-FC126A6215F0}\InProcServer32\,C:\Windows\System32\ieapfltr.dll
ST869VRJ,Classes\CLSID\{4FD2A832-86C8-11D0-8FCA-00C04FD9189D}\InProcServer32,REG_SZ,,NT AUTHORITY\SYSTEM,HKEY_LOCAL_MACHINE\Software\Classes\CLSID\{4FD2A832-86C8-11D0-8FCA-00C04FD9189D}\InProcServer32\,C:\Windows\System32\ddrawex.dll
ST869VRJ,Classes\CLSID\{C6E13370-30AC-11D0-A18C-00A0C9118956}\InProcServer32,REG_SZ,,NT AUTHORITY\SYSTEM,HKEY_LOCAL_MACHINE\Software\Classes\CLSID\{C6E13370-30AC-11D0-A18C-00A0C9118956}\InProcServer32\,C:\Windows\System32\kswdmcap.ax
ST869VRJ,Classes\CLSID\{0BE35204-8F91-11CE-9DE3-00AA004BB851}\InProcServer32,REG_SZ,,NT AUTHORITY\SYSTEM,HKEY_LOCAL_MACHINE\Software\Classes\CLSID\{0BE35204-8F91-11CE-9DE3-00AA004BB851}\InProcServer32\,C:\Windows\System32\oleaut32.dll
ST869VRJ,Classes\CLSID\{0002000D-0000-0000-C000-000000000046}\InProcServer32,REG_EXPAND_SZ,,NT AUTHORITY\SYSTEM,HKEY_LOCAL_MACHINE\Software\Classes\CLSID\{0002000D-0000-0000-C000-000000000046}\InProcServer32\,C:\Windows\System32\avifil32.dll
ST869VRJ,Classes\CLSID\{C555438B-3C23-4769-A71F-B6D3D9B6053A}\InProcServer32,REG_EXPAND_SZ,,NT AUTHORITY\SYSTEM,HKEY_LOCAL_MACHINE\Software\Classes\CLSID\{C555438B-3C23-4769-A71F-B6D3D9B6053A}\InProcServer32\,%SystemRoot%\System32\shdocvw.dll
ST869VRJ,Classes\CLSID\{5D43F9BA-EE77-485B-ACFC-4AD067DAF7BD}\InProcServer32,REG_SZ,,NT AUTHORITY\SYSTEM,HKEY_LOCAL_MACHINE\Software\Classes\CLSID\{5D43F9BA-EE77-485B-ACFC-4AD067DAF7BD}\InProcServer32\,C:\Windows\System32\InputMethod\Shared\JpnKorRoaming.DLL
ST869VRJ,Classes\CLSID\{AD7572AD-86A5-4211-BC54-A438E550A740}\InProcServer32,REG_EXPAND_SZ,,NT AUTHORITY\SYSTEM,HKEY_LOCAL_MACHINE\Software\Classes\CLSID\{AD7572AD-86A5-4211-BC54-A438E550A740}\InProcServer32\,%SystemRoot%\System32\twinui.appcore.dll
ST869VRJ,Classes\CLSID\{346c011f-3e1d-4029-b153-7aed109a1883}\InProcServer32,REG_EXPAND_SZ,,NT AUTHORITY\SYSTEM,HKEY_LOCAL_MACHINE\Software\Classes\CLSID\{346c011f-3e1d-4029-b153-7aed109a1883}\InProcServer32\,%SystemRoot%\System32\twinui.appcore.dll
ST869VRJ,Classes\CLSID\{11581718-2434-32E3-B559-E86CE9923744}\InProcServer32,REG_SZ,,NT AUTHORITY\SYSTEM,HKEY_LOCAL_MACHINE\Software\Classes\CLSID\{11581718-2434-32E3-B559-E86CE9923744}\InProcServer32\,C:\Windows\System32\mscoree.dll
ST869VRJ,Classes\CLSID\{F1EBA909-6621-346D-9CE2-39F266C9D011}\InProcServer32,REG_SZ,,NT AUTHORITY\SYSTEM,HKEY_LOCAL_MACHINE\Software\Classes\CLSID\{F1EBA909-6621-346D-9CE2-39F266C9D011}\InProcServer32\,C:\Windows\System32\mscoree.dll
ST869VRJ,Classes\CLSID\{48AD62E8-BD40-37F4-8FD7-F7A17478A8E6}\InProcServer32,REG_SZ,,NT AUTHORITY\SYSTEM,HKEY_LOCAL_MACHINE\Software\Classes\CLSID\{48AD62E8-BD40-37F4-8FD7-F7A17478A8E6}\InProcServer32\,C:\Windows\System32\mscoree.dll
ST869VRJ,Classes\CLSID\{C1EE01F2-B3B6-4A6A-9DDD-E988C088EC82}\InProcServer32,REG_EXPAND_SZ,,NT AUTHORITY\SYSTEM,HKEY_LOCAL_MACHINE\Software\Classes\CLSID\{C1EE01F2-B3B6-4A6A-9DDD-E988C088EC82}\InProcServer32\,%SystemRoot%\system32\msimtf.dll
ST869VRJ,Classes\CLSID\{CD000006-8B95-11D1-82DB-00C04FB1625D}\InProcServer32,REG_SZ,,NT AUTHORITY\SYSTEM,HKEY_LOCAL_MACHINE\Software\Classes\CLSID\{CD000006-8B95-11D1-82DB-00C04FB1625D}\InProcServer32\,C:\Windows\System32\cdosys.dll
ST869VRJ,Classes\CLSID\{F56F6FDD-AA9D-4618-A949-C1B91AF43B1A}\InProcServer32,REG_EXPAND_SZ,,NT AUTHORITY\SYSTEM,HKEY_LOCAL_MACHINE\Software\Classes\CLSID\{F56F6FDD-AA9D-4618-A949-C1B91AF43B1A}\InProcServer32\,%SystemRoot%\System32\Actioncenter.dll
ST869VRJ,Classes\CLSID\{99a73266-0cdf-4479-88af-1842cbaada22}\InProcServer32,REG_SZ,,NT AUTHORITY\SYSTEM,HKEY_LOCAL_MACHINE\Software\Classes\CLSID\{99a73266-0cdf-4479-88af-1842cbaada22}\InProcServer32\,C:\Windows\System32\IME\IMEJP\imjpapi.dll
ST869VRJ,Classes\CLSID\{92dbad9f-5025-49b0-9078-2d78f935e341}\InProcServer32,REG_SZ,,NT AUTHORITY\SYSTEM,HKEY_LOCAL_MACHINE\Software\Classes\CLSID\{92dbad9f-5025-49b0-9078-2d78f935e341}\InProcServer32\,C:\Windows\System32\inetcomm.dll
ST869VRJ,Classes\CLSID\{CF0F2F7C-F7BF-11d0-900D-00C04FD9189D}\InProcServer32,REG_SZ,,NT AUTHORITY\SYSTEM,HKEY_LOCAL_MACHINE\Software\Classes\CLSID\{CF0F2F7C-F7BF-11d0-900D-00C04FD9189D}\InProcServer32\,C:\Windows\System32\amstream.dll
ST869VRJ,Classes\CLSID\{458AA3B5-265A-4B75-BC05-9BEA4630CF18}\InProcServer32,REG_SZ,,NT AUTHORITY\SYSTEM,HKEY_LOCAL_MACHINE\Software\Classes\CLSID\{458AA3B5-265A-4B75-BC05-9BEA4630CF18}\InProcServer32\,C:\Windows\System32\mscoree.dll
ST869VRJ,Microsoft\Windows NT\CurrentVersion\Winlogon\,REG_SZ,VMApplet,NT AUTHORITY\SYSTEM,HKEY_LOCAL_MACHINE\SOFTWARE\Microsoft\Windows NT\CurrentVersion\Winlogon\VMApplet,SystemPropertiesPerformance.exe /pagefile
ST869VRJ,Classes\CLSID\{4955DD33-B159-11D0-8FCF-00AA006BCC59}\InProcServer32,REG_EXPAND_SZ,,NT AUTHORITY\SYSTEM,HKEY_LOCAL_MACHINE\Software\Classes\CLSID\{4955DD33-B159-11D0-8FCF-00AA006BCC59}\InProcServer32\,%SystemRoot%\system32\msimtf.dll
ST869VRJ,Classes\CLSID\{E4785230-0E43-47DC-826A-07DBC3AA63D8}\InProcServer32,REG_EXPAND_SZ,,NT AUTHORITY\SYSTEM,HKEY_LOCAL_MACHINE\Software\Classes\CLSID\{E4785230-0E43-47DC-826A-07DBC3AA63D8}\InProcServer32\,%SystemRoot%\System32\DeviceSetupManagerAPI.dll
ST869VRJ,CurrentControlSet\Services\storvsp\,REG_EXPAND_SZ,ImagePath,NT AUTHORITY\SYSTEM,HKEY_LOCAL_MACHINE\SYSTEM\CurrentControlSet\Services\storvsp\ImagePath,\SystemRoot\System32\drivers\storvsp.sys
ST869VRJ,Wow6432Node\Classes\CLSID\{A7C06739-500F-4E8C-99A8-2BD6955899EB}\InProcServer32,REG_SZ,,NT AUTHORITY\SYSTEM,HKEY_LOCAL_MACHINE\Software\Wow6432Node\Classes\CLSID\{A7C06739-500F-4E8C-99A8-2BD6955899EB}\InProcServer32\,C:\Windows\SysWOW64\wksprtPS.dll
ST869VRJ,Wow6432Node\Classes\CLSID\{E0EA5F46-A285-4ebd-9AA9-0CD334F5A9C5}\InProcServer32,REG_SZ,,BUILTIN\Administrators,HKEY_LOCAL_MACHINE\Software\Wow6432Node\Classes\CLSID\{E0EA5F46-A285-4ebd-9AA9-0CD334F5A9C5}\InProcServer32\,c:\PROGRA~1\mcafee\msk\mskset.dll
ST869VRJ,Classes\CLSID\{855fec53-d2e4-4999-9e87-3414e9cf0ff4}\InProcServer32,REG_EXPAND_SZ,,NT AUTHORITY\SYSTEM,HKEY_LOCAL_MACHINE\Software\Classes\CLSID\{855fec53-d2e4-4999-9e87-3414e9cf0ff4}\InProcServer32\,%SystemRoot%\system32\wdc.dll
ST869VRJ,Classes\CLSID\{E4D5B02C-82A9-4363-BD02-8BA595200BCF}\InProcServer32,REG_EXPAND_SZ,,NT AUTHORITY\SYSTEM,HKEY_LOCAL_MACHINE\Software\Classes\CLSID\{E4D5B02C-82A9-4363-BD02-8BA595200BCF}\InProcServer32\,%SystemRoot%\system32\hgcpl.dll
ST869VRJ,Classes\CLSID\{FD853CD9-7F86-11d0-8252-00C04FD85AB4}\InProcServer32,REG_SZ,,NT AUTHORITY\SYSTEM,HKEY_LOCAL_MACHINE\Software\Classes\CLSID\{FD853CD9-7F86-11d0-8252-00C04FD85AB4}\InProcServer32\,C:\Windows\System32\inetcomm.dll
ST869VRJ,Classes\CLSID\{7B19A919-A9D6-49E5-BD45-02C34E4E4CD5}\InProcServer32,REG_EXPAND_SZ,,NT AUTHORITY\SYSTEM,HKEY_LOCAL_MACHINE\Software\Classes\CLSID\{7B19A919-A9D6-49E5-BD45-02C34E4E4CD5}\InProcServer32\,%SystemRoot%\system32\windowscodecs.dll
ST869VRJ,Classes\CLSID\{05238C14-A6E1-11D0-9A84-00C04FD8DBF7}\InProcServer32,REG_EXPAND_SZ,,NT AUTHORITY\SYSTEM,HKEY_LOCAL_MACHINE\Software\Classes\CLSID\{05238C14-A6E1-11D0-9A84-00C04FD8DBF7}\InProcServer32\,%SystemRoot%\system32\els.dll
ST869VRJ,Classes\CLSID\{D2E7041B-2927-42fb-8E9F-7CE93B6DC937}\InProcServer32,REG_SZ,,NT AUTHORITY\SYSTEM,HKEY_LOCAL_MACHINE\Software\Classes\CLSID\{D2E7041B-2927-42fb-8E9F-7CE93B6DC937}\InProcServer32\,C:\Windows\System32\colorui.dll
ST869VRJ,Wow6432Node\Classes\CLSID\{4FD2A832-86C8-11D0-8FCA-00C04FD9189D}\InProcServer32,REG_SZ,,NT AUTHORITY\SYSTEM,HKEY_LOCAL_MACHINE\Software\Wow6432Node\Classes\CLSID\{4FD2A832-86C8-11D0-8FCA-00C04FD9189D}\InProcServer32\,C:\Windows\SysWOW64\ddrawex.dll
ST869VRJ,Classes\CLSID\{D4C4F382-D9B2-41C9-8817-0DA701BB213B}\InProcServer32,REG_EXPAND_SZ,,NT AUTHORITY\SYSTEM,HKEY_LOCAL_MACHINE\Software\Classes\CLSID\{D4C4F382-D9B2-41C9-8817-0DA701BB213B}\InProcServer32\,%SystemRoot%\System32\DeviceSetupManagerAPI.dll
ST869VRJ,Classes\CLSID\{50AAD4C2-61FA-3B1F-8157-5BA3B27AEE61}\InProcServer32,REG_SZ,,NT AUTHORITY\SYSTEM,HKEY_LOCAL_MACHINE\Software\Classes\CLSID\{50AAD4C2-61FA-3B1F-8157-5BA3B27AEE61}\InProcServer32\,C:\Windows\System32\mscoree.dll
ST869VRJ,Classes\CLSID\{41B89B6B-9399-11D2-9623-00C04F8EE628}\InProcServer32,REG_EXPAND_SZ,,NT AUTHORITY\SYSTEM,HKEY_LOCAL_MACHINE\Software\Classes\CLSID\{41B89B6B-9399-11D2-9623-00C04F8EE628}\InProcServer32\,%SystemRoot%\System32\Speech\Common\sapi.dll
ST869VRJ,Classes\CLSID\{15756be1-a4ad-449c-b576-df3df0e068d3}\InProcServer32,REG_EXPAND_SZ,,NT AUTHORITY\SYSTEM,HKEY_LOCAL_MACHINE\Software\Classes\CLSID\{15756be1-a4ad-449c-b576-df3df0e068d3}\InProcServer32\,%SystemRoot%\system32\shell32.dll
ST869VRJ,Classes\CLSID\{CA2AF3B4-C15E-412b-B453-557746675FB7}\InProcServer32,REG_SZ,,NT AUTHORITY\SYSTEM,HKEY_LOCAL_MACHINE\Software\Classes\CLSID\{CA2AF3B4-C15E-412b-B453-557746675FB7}\InProcServer32\,C:\Windows\System32\wbem\WmiPerfInst.dll
ST869VRJ,Classes\CLSID\{D7C1AEB5-10F2-48cb-A182-F7EF79C51B19}\InProcServer32,REG_EXPAND_SZ,,NT AUTHORITY\SYSTEM,HKEY_LOCAL_MACHINE\Software\Classes\CLSID\{D7C1AEB5-10F2-48cb-A182-F7EF79C51B19}\InProcServer32\,%SystemRoot%\system32\shell32.dll
ST869VRJ,Classes\CLSID\{F6D90F14-9C73-11D3-B32E-00C04F990BB4}\InProcServer32,REG_EXPAND_SZ,,NT AUTHORITY\SYSTEM,HKEY_LOCAL_MACHINE\Software\Classes\CLSID\{F6D90F14-9C73-11D3-B32E-00C04F990BB4}\InProcServer32\,%SystemRoot%\System32\msxml3.dll
ST869VRJ,Classes\CLSID\{00020001-0000-0000-C000-000000000046}\InProcServer32,REG_EXPAND_SZ,,NT AUTHORITY\SYSTEM,HKEY_LOCAL_MACHINE\Software\Classes\CLSID\{00020001-0000-0000-C000-000000000046}\InProcServer32\,C:\Windows\System32\avifil32.dll
ST869VRJ,Classes\CLSID\{AA94DCC2-B8B0-4898-B835-000AABD74393}\InProcServer32,REG_EXPAND_SZ,,NT AUTHORITY\SYSTEM,HKEY_LOCAL_MACHINE\Software\Classes\CLSID\{AA94DCC2-B8B0-4898-B835-000AABD74393}\InProcServer32\,%SystemRoot%\system32\windowscodecsext.dll
ST869VRJ,Classes\CLSID\{0131BE10-2001-4C5F-A9B0-CC88FAB64CE8}\InProcServer32,REG_EXPAND_SZ,,NT AUTHORITY\SYSTEM,HKEY_LOCAL_MACHINE\Software\Classes\CLSID\{0131BE10-2001-4C5F-A9B0-CC88FAB64CE8}\InProcServer32\,%SystemRoot%\system32\windowscodecs.dll
ST869VRJ,CurrentControlSet\Services\SharedAccess\Parameters\,REG_EXPAND_SZ,ServiceDll,NT AUTHORITY\SYSTEM,HKEY_LOCAL_MACHINE\SYSTEM\CurrentControlSet\Services\SharedAccess\Parameters\ServiceDll,%SystemRoot%\System32\ipnathlp.dll
ST869VRJ,Classes\CLSID\{8be9f5ea-e746-4e47-ad57-3fb191ca1eed}\InProcServer32,REG_EXPAND_SZ,,NT AUTHORITY\SYSTEM,HKEY_LOCAL_MACHINE\Software\Classes\CLSID\{8be9f5ea-e746-4e47-ad57-3fb191ca1eed}\InProcServer32\,%SystemRoot%\system32\explorerframe.dll
ST869VRJ,Wow6432Node\Classes\CLSID\{0E681C52-CD03-11D2-8853-0000F80883E3}\InProcServer32,REG_SZ,,NT AUTHORITY\SYSTEM,HKEY_LOCAL_MACHINE\Software\Wow6432Node\Classes\CLSID\{0E681C52-CD03-11D2-8853-0000F80883E3}\InProcServer32\,C:\Windows\SysWOW64\qdvd.dll
ST869VRJ,Classes\CLSID\{7E1A1FA9-EF4F-41E6-8F95-684ED50E039A}\InProcServer32,REG_SZ,,NT AUTHORITY\SYSTEM,HKEY_LOCAL_MACHINE\Software\Classes\CLSID\{7E1A1FA9-EF4F-41E6-8F95-684ED50E039A}\InProcServer32\,C:\Windows\System32\Windows.Graphics.Printing.dll
ST869VRJ,Classes\CLSID\{ea72d00e-4960-42fa-ba92-7792a7944c1d}\InProcServer32,REG_EXPAND_SZ,,NT AUTHORITY\SYSTEM,HKEY_LOCAL_MACHINE\Software\Classes\CLSID\{ea72d00e-4960-42fa-ba92-7792a7944c1d}\InProcServer32\,%SystemRoot%\System32\explorerframe.dll
ST869VRJ,Classes\CLSID\{78EFC69B-FD0E-4F47-90D6-2FAD478C468D}\InProcServer32,REG_SZ,,BUILTIN\Administrators,HKEY_LOCAL_MACHINE\Software\Classes\CLSID\{78EFC69B-FD0E-4F47-90D6-2FAD478C468D}\InProcServer32\,c:\PROGRA~1\COMMON~1\mcafee\platform\mcdspwrp.dll
ST869VRJ,Wow6432Node\Classes\CLSID\{661FF7F6-F4D1-4593-B59D-4C54C1ECE68B}\InProcServer32,REG_SZ,,NT AUTHORITY\SYSTEM,HKEY_LOCAL_MACHINE\Software\Wow6432Node\Classes\CLSID\{661FF7F6-F4D1-4593-B59D-4C54C1ECE68B}\InProcServer32\,C:\Windows\SysWOW64\wbem\WmiPerfClass.dll
ST869VRJ,CurrentControlSet\Services\TieringEngineService\,REG_EXPAND_SZ,ImagePath,NT AUTHORITY\SYSTEM,HKEY_LOCAL_MACHINE\SYSTEM\CurrentControlSet\Services\TieringEngineService\ImagePath,%SystemRoot%\system32\TieringEngineService.exe
ST869VRJ,Classes\CLSID\{ecabafb7-7f19-11d2-978e-0000f8757e2a}\InProcServer32,REG_SZ,,NT AUTHORITY\SYSTEM,HKEY_LOCAL_MACHINE\Software\Classes\CLSID\{ecabafb7-7f19-11d2-978e-0000f8757e2a}\InProcServer32\,C:\Windows\System32\comsvcs.dll
ST869VRJ,Classes\CLSID\{1F17C39C-99D5-37E0-8E98-8F27044BD50A}\InProcServer32,REG_SZ,,NT AUTHORITY\SYSTEM,HKEY_LOCAL_MACHINE\Software\Classes\CLSID\{1F17C39C-99D5-37E0-8E98-8F27044BD50A}\InProcServer32\,C:\Windows\System32\mscoree.dll
ST869VRJ,Classes\CLSID\{2D0F7985-9EE6-427C-AAAA-A9D72CBFA853}\InProcServer32,REG_EXPAND_SZ,,NT AUTHORITY\SYSTEM,HKEY_LOCAL_MACHINE\Software\Classes\CLSID\{2D0F7985-9EE6-427C-AAAA-A9D72CBFA853}\InProcServer32\,%SystemRoot%\System32\Windows.Security.Credentials.UI.UserConsentVerifier.dll
ST869VRJ,Classes\CLSID\{ceefea1b-3e29-4ef1-b34c-fec79c4f70af}\InProcServer32,REG_EXPAND_SZ,,NT AUTHORITY\SYSTEM,HKEY_LOCAL_MACHINE\Software\Classes\CLSID\{ceefea1b-3e29-4ef1-b34c-fec79c4f70af}\InProcServer32\,%SystemRoot%\System32\appwiz.cpl
ST869VRJ,Wow6432Node\Classes\CLSID\{D26AA4A5-92AD-48DB-8D59-95EF0DCE6939}\InProcServer32,REG_SZ,,NT AUTHORITY\SYSTEM,HKEY_LOCAL_MACHINE\Software\Wow6432Node\Classes\CLSID\{D26AA4A5-92AD-48DB-8D59-95EF0DCE6939}\InProcServer32\,C:\Windows\SysWOW64\setup\rasmigplugin.dll
ST869VRJ,Classes\CLSID\{18E6F425-4735-4DD4-94A0-EB2006451C30}\InProcServer32,REG_EXPAND_SZ,,NT AUTHORITY\SYSTEM,HKEY_LOCAL_MACHINE\Software\Classes\CLSID\{18E6F425-4735-4DD4-94A0-EB2006451C30}\InProcServer32\,%SystemRoot%\system32\Windows.UI.Search.dll
ST869VRJ,Classes\CLSID\{9C86F320-DEE3-4DD1-B972-A303F26B061E}\InProcServer32,REG_SZ,,NT AUTHORITY\SYSTEM,HKEY_LOCAL_MACHINE\Software\Classes\CLSID\{9C86F320-DEE3-4DD1-B972-A303F26B061E}\InProcServer32\,C:\Windows\System32\TaskSchdPS.dll
ST869VRJ,Classes\CLSID\{56F62E3E-8904-43F6-B841-DAC177F7FEB9}\InProcServer32,REG_EXPAND_SZ,,NT AUTHORITY\SYSTEM,HKEY_LOCAL_MACHINE\Software\Classes\CLSID\{56F62E3E-8904-43F6-B841-DAC177F7FEB9}\InProcServer32\,%SystemRoot%\system32\sqlcecompact40.dll
ST869VRJ,Classes\CLSID\{21B22460-3AEA-1069-A2DC-08002B30309D}\InProcServer32,REG_EXPAND_SZ,,NT AUTHORITY\SYSTEM,HKEY_LOCAL_MACHINE\Software\Classes\CLSID\{21B22460-3AEA-1069-A2DC-08002B30309D}\InProcServer32\,%SystemRoot%\system32\shell32.dll
ST869VRJ,Classes\CLSID\{d63c23c5-53e6-48d5-adda-a385b6bb9c7b}\InProcServer32,REG_SZ,,NT AUTHORITY\SYSTEM,HKEY_LOCAL_MACHINE\Software\Classes\CLSID\{d63c23c5-53e6-48d5-adda-a385b6bb9c7b}\InProcServer32\,C:\Windows\System32\ieframe.dll
ST869VRJ,Classes\CLSID\{4662DAA6-D393-11D0-9A56-00C04FB68BF7}\InProcServer32,REG_SZ,,NT AUTHORITY\SYSTEM,HKEY_LOCAL_MACHINE\Software\Classes\CLSID\{4662DAA6-D393-11D0-9A56-00C04FB68BF7}\InProcServer32\,C:\Windows\System32\itircl.dll
ST869VRJ,Classes\CLSID\{bc65fb43-1958-4349-971a-210290480130}\InProcServer32,REG_EXPAND_SZ,,NT AUTHORITY\SYSTEM,HKEY_LOCAL_MACHINE\Software\Classes\CLSID\{bc65fb43-1958-4349-971a-210290480130}\InProcServer32\,%SystemRoot%\System32\NcdProp.dll
ST869VRJ,Classes\CLSID\{470C0EBD-5D73-4d58-9CED-E91E22E23282}\InProcServer32,REG_EXPAND_SZ,,NT AUTHORITY\SYSTEM,HKEY_LOCAL_MACHINE\Software\Classes\CLSID\{470C0EBD-5D73-4d58-9CED-E91E22E23282}\InProcServer32\,%SystemRoot%\system32\shell32.dll
ST869VRJ,Classes\CLSID\{ACA97E00-0C7D-11d2-A484-00C04F8EFB69}\InProcServer32,REG_SZ,,NT AUTHORITY\SYSTEM,HKEY_LOCAL_MACHINE\Software\Classes\CLSID\{ACA97E00-0C7D-11d2-A484-00C04F8EFB69}\InProcServer32\,C:\Windows\System32\Dxtmsft.dll
ST869VRJ,CurrentControlSet\Services\THREADORDER\Parameters\,REG_EXPAND_SZ,ServiceDll,NT AUTHORITY\SYSTEM,HKEY_LOCAL_MACHINE\SYSTEM\CurrentControlSet\Services\THREADORDER\Parameters\ServiceDll,%SystemRoot%\system32\mmcss.dll
ST869VRJ,Classes\CLSID\{7057e952-bd1b-11d1-8919-00c04fc2c836}\InProcServer32,REG_SZ,,NT AUTHORITY\SYSTEM,HKEY_LOCAL_MACHINE\Software\Classes\CLSID\{7057e952-bd1b-11d1-8919-00c04fc2c836}\InProcServer32\,C:\Windows\System32\ieframe.dll
ST869VRJ,Wow6432Node\Classes\CLSID\{19fb28d1-0e3f-4b94-bd34-8e841aa8b85e}\InProcServer32,REG_SZ,,NT AUTHORITY\SYSTEM,HKEY_LOCAL_MACHINE\Software\Wow6432Node\Classes\CLSID\{19fb28d1-0e3f-4b94-bd34-8e841aa8b85e}\InProcServer32\,C:\Windows\SysWOW64\Windows.Devices.Enumeration.PS.dll
ST869VRJ,Classes\CLSID\{05d7b0f4-2121-4eff-bf6b-ed3f69b894d9}\InProcServer32,REG_EXPAND_SZ,,NT AUTHORITY\SYSTEM,HKEY_LOCAL_MACHINE\Software\Classes\CLSID\{05d7b0f4-2121-4eff-bf6b-ed3f69b894d9}\InProcServer32\,%SystemRoot%\System32\shdocvw.dll
ST869VRJ,Classes\CLSID\{3C374A40-BAE4-11CF-BF7D-00AA006946EE}\InProcServer32,REG_SZ,,NT AUTHORITY\SYSTEM,HKEY_LOCAL_MACHINE\Software\Classes\CLSID\{3C374A40-BAE4-11CF-BF7D-00AA006946EE}\InProcServer32\,C:\Windows\System32\ieframe.dll
ST869VRJ,Classes\CLSID\{7FC0B86E-5FA7-11d1-BC7C-00C04FD929DB}\InProcServer32,REG_SZ,,NT AUTHORITY\SYSTEM,HKEY_LOCAL_MACHINE\Software\Classes\CLSID\{7FC0B86E-5FA7-11d1-BC7C-00C04FD929DB}\InProcServer32\,C:\Windows\System32\webcheck.dll
ST869VRJ,Classes\CLSID\{DBFCA500-8C31-11D0-AA2C-00A0C92749A3}\InProcServer32,REG_EXPAND_SZ,,NT AUTHORITY\SYSTEM,HKEY_LOCAL_MACHINE\Software\Classes\CLSID\{DBFCA500-8C31-11D0-AA2C-00A0C92749A3}\InProcServer32\,%SystemRoot%\System32\dmdskmgr.dll
ST869VRJ,CurrentControlSet\Services\hkmsvc\Parameters\,REG_EXPAND_SZ,ServiceDLL,NT AUTHORITY\SYSTEM,HKEY_LOCAL_MACHINE\SYSTEM\CurrentControlSet\Services\hkmsvc\Parameters\ServiceDLL,%SystemRoot%\system32\kmsvc.dll
ST869VRJ,Classes\CLSID\{220898A1-E3F3-46B4-96EA-B0855DC968B6}\InProcServer32,REG_EXPAND_SZ,,NT AUTHORITY\SYSTEM,HKEY_LOCAL_MACHINE\Software\Classes\CLSID\{220898A1-E3F3-46B4-96EA-B0855DC968B6}\InProcServer32\,%SystemRoot%\system32\shell32.dll
ST869VRJ,CurrentControlSet\Services\NlaSvc\Parameters\,REG_EXPAND_SZ,ServiceDll,NT AUTHORITY\SYSTEM,HKEY_LOCAL_MACHINE\SYSTEM\CurrentControlSet\Services\NlaSvc\Parameters\ServiceDll,%SystemRoot%\System32\nlasvc.dll
ST869VRJ,Classes\CLSID\{5BE4911E-3D99-4546-898D-7EE70201C519}\InProcServer32,REG_EXPAND_SZ,,NT AUTHORITY\SYSTEM,HKEY_LOCAL_MACHINE\Software\Classes\CLSID\{5BE4911E-3D99-4546-898D-7EE70201C519}\InProcServer32\,%SystemRoot%\system32\usercpl.dll
ST869VRJ,Classes\CLSID\{86EB3FD8-E142-4f3d-B3D3-5D8F41097D58}\InProcServer32,REG_EXPAND_SZ,,NT AUTHORITY\SYSTEM,HKEY_LOCAL_MACHINE\Software\Classes\CLSID\{86EB3FD8-E142-4f3d-B3D3-5D8F41097D58}\InProcServer32\,%SystemRoot%\System32\oobe\msoobeplugins.dll
ST869VRJ,Classes\CLSID\{540D8A8B-1C3F-4E32-8132-530F6A502090}\InProcServer32,REG_EXPAND_SZ,,NT AUTHORITY\SYSTEM,HKEY_LOCAL_MACHINE\Software\Classes\CLSID\{540D8A8B-1C3F-4E32-8132-530F6A502090}\InProcServer32\,%SystemRoot%\system32\msutb.dll
ST869VRJ,CurrentControlSet\Services\WinSock2\Parameters\NameSpace_Catalog5\Catalog_Entries\000000000001\,REG_SZ,LibraryPath,NT AUTHORITY\SYSTEM,HKEY_LOCAL_MACHINE\System\CurrentControlSet\Services\WinSock2\Parameters\NameSpace_Catalog5\Catalog_Entries\000000000001\LibraryPath,%SystemRoot%\system32\napinsp.dll
ST869VRJ,Classes\CLSID\{DE4874D2-FEEE-11d1-A0B0-00C04FA31A86}\InProcServer32,REG_EXPAND_SZ,,NT AUTHORITY\SYSTEM,HKEY_LOCAL_MACHINE\Software\Classes\CLSID\{DE4874D2-FEEE-11d1-A0B0-00C04FA31A86}\InProcServer32\,%SystemRoot%\system32\dsquery.dll
ST869VRJ,CurrentControlSet\Services\SstpSvc\Parameters\,REG_EXPAND_SZ,ServiceDll,NT AUTHORITY\SYSTEM,HKEY_LOCAL_MACHINE\SYSTEM\CurrentControlSet\Services\SstpSvc\Parameters\ServiceDll,%SystemRoot%\system32\sstpsvc.dll
ST869VRJ,Classes\CLSID\{00021400-0000-0000-C000-000000000046}\InProcServer32,REG_EXPAND_SZ,,NT AUTHORITY\SYSTEM,HKEY_LOCAL_MACHINE\Software\Classes\CLSID\{00021400-0000-0000-C000-000000000046}\InProcServer32\,%SystemRoot%\system32\shell32.dll
ST869VRJ,Microsoft\Windows NT\CurrentVersion\Image File Execution Options\DllNXOptions\,REG_DWORD,NPMLIC.dll,NT AUTHORITY\SYSTEM,HKEY_LOCAL_MACHINE\Software\Microsoft\Windows NT\CurrentVersion\Image File Execution Options\DllNXOptions\NPMLIC.dll,1
ST869VRJ,Classes\CLSID\{3F30C968-480A-4C6C-862D-EFC0897BB84B}\InProcServer32,REG_EXPAND_SZ,,NT AUTHORITY\SYSTEM,HKEY_LOCAL_MACHINE\Software\Classes\CLSID\{3F30C968-480A-4C6C-862D-EFC0897BB84B}\InProcServer32\,%SystemRoot%\system32\PhotoMetadataHandler.dll
ST869VRJ,Classes\CLSID\{602B8D3A-4102-44C5-AAA2-DEC8AEA11BAF}\InProcServer32,REG_EXPAND_SZ,,NT AUTHORITY\SYSTEM,HKEY_LOCAL_MACHINE\Software\Classes\CLSID\{602B8D3A-4102-44C5-AAA2-DEC8AEA11BAF}\InProcServer32\,%SystemRoot%\System32\twinui.dll
ST869VRJ,Classes\CLSID\{1E66F26B-79EE-11D2-8710-00C04F79ED0D}\InProcServer32,REG_SZ,,NT AUTHORITY\SYSTEM,HKEY_LOCAL_MACHINE\Software\Classes\CLSID\{1E66F26B-79EE-11D2-8710-00C04F79ED0D}\InProcServer32\,C:\Windows\System32\mscoree.dll
ST869VRJ,Classes\CLSID\{3F28C523-6880-4BF8-92AF-E7B2F3EA761B}\InProcServer32,REG_EXPAND_SZ,,NT AUTHORITY\SYSTEM,HKEY_LOCAL_MACHINE\Software\Classes\CLSID\{3F28C523-6880-4BF8-92AF-E7B2F3EA761B}\InProcServer32\,%SystemRoot%\system32\twinui.dll
ST869VRJ,Classes\CLSID\{AF2AC6EE-2B16-4756-9475-F319E543EFAA}\InProcServer32,REG_EXPAND_SZ,,NT AUTHORITY\SYSTEM,HKEY_LOCAL_MACHINE\Software\Classes\CLSID\{AF2AC6EE-2B16-4756-9475-F319E543EFAA}\InProcServer32\,%SystemRoot%\system32\upnp.dll
ST869VRJ,Classes\CLSID\{b905275e-d600-4aa4-9139-d7bd214d375b}\InProcServer32,REG_SZ,,NT AUTHORITY\SYSTEM,HKEY_LOCAL_MACHINE\Software\Classes\CLSID\{b905275e-d600-4aa4-9139-d7bd214d375b}\InProcServer32\,C:\Windows\System32\WSShared.dll
ST869VRJ,Classes\CLSID\{4662DAAD-D393-11D0-9A56-00C04FB68BF7}\InProcServer32,REG_SZ,,NT AUTHORITY\SYSTEM,HKEY_LOCAL_MACHINE\Software\Classes\CLSID\{4662DAAD-D393-11D0-9A56-00C04FB68BF7}\InProcServer32\,C:\Windows\System32\itircl.dll
ST869VRJ,Classes\CLSID\{C424F25A-6774-48BC-9F1E-02CCA8C1BE62}\InProcServer32,REG_EXPAND_SZ,,NT AUTHORITY\SYSTEM,HKEY_LOCAL_MACHINE\Software\Classes\CLSID\{C424F25A-6774-48BC-9F1E-02CCA8C1BE62}\InProcServer32\,%SystemRoot%\System32\DiagCpl.dll
ST869VRJ,Classes\CLSID\{4DF929E7-4C5E-4587-A598-7ED7B3D6E462}\InProcServer32,REG_EXPAND_SZ,,NT AUTHORITY\SYSTEM,HKEY_LOCAL_MACHINE\Software\Classes\CLSID\{4DF929E7-4C5E-4587-A598-7ED7B3D6E462}\InProcServer32\,%SystemRoot%\System32\UICOM.dll
ST869VRJ,Microsoft\Windows NT\CurrentVersion\Image File Execution Options\ielowutil.exe\,REG_QWORD,MitigationOptions,NT AUTHORITY\SYSTEM,HKEY_LOCAL_MACHINE\Software\Microsoft\Windows NT\CurrentVersion\Image File Execution Options\ielowutil.exe\MitigationOptions,256
ST869VRJ,Classes\CLSID\{5AFFD66E-3C01-4217-BE18-414C155F67B1}\InProcServer32,REG_EXPAND_SZ,,NT AUTHORITY\SYSTEM,HKEY_LOCAL_MACHINE\Software\Classes\CLSID\{5AFFD66E-3C01-4217-BE18-414C155F67B1}\InProcServer32\,%SystemRoot%\system32\authui.dll
ST869VRJ,Classes\CLSID\{41970D73-92F6-36D9-874D-3BD0762A0D6F}\InProcServer32,REG_SZ,,NT AUTHORITY\SYSTEM,HKEY_LOCAL_MACHINE\Software\Classes\CLSID\{41970D73-92F6-36D9-874D-3BD0762A0D6F}\InProcServer32\,C:\Windows\System32\mscoree.dll
ST869VRJ,Classes\CLSID\{01B90D9A-8209-47F7-9C52-E1244BF50CED}\InProcServer32,REG_EXPAND_SZ,,NT AUTHORITY\SYSTEM,HKEY_LOCAL_MACHINE\Software\Classes\CLSID\{01B90D9A-8209-47F7-9C52-E1244BF50CED}\InProcServer32\,%SystemRoot%\system32\windowscodecsext.dll
ST869VRJ,Classes\CLSID\{6BC098A7-0CE6-11D1-BAAE-00C04FC2E20D}\InProcServer32,REG_EXPAND_SZ,,NT AUTHORITY\SYSTEM,HKEY_LOCAL_MACHINE\Software\Classes\CLSID\{6BC098A7-0CE6-11D1-BAAE-00C04FC2E20D}\InProcServer32\,%SystemRoot%\system32\iasnap.dll
ST869VRJ,Classes\CLSID\{8FADC6A8-183E-4DFC-944A-84A323334B98}\InProcServer32,REG_SZ,,NT AUTHORITY\SYSTEM,HKEY_LOCAL_MACHINE\Software\Classes\CLSID\{8FADC6A8-183E-4DFC-944A-84A323334B98}\InProcServer32\,C:\Windows\System32\findnetprinters.dll
ST869VRJ,Classes\CLSID\{60664caf-af0d-0005-a300-5c7d25ff22a0}\InProcServer32,REG_EXPAND_SZ,,NT AUTHORITY\SYSTEM,HKEY_LOCAL_MACHINE\Software\Classes\CLSID\{60664caf-af0d-0005-a300-5c7d25ff22a0}\InProcServer32\,%SystemRoot%\system32\shgina.dll
ST869VRJ,Classes\CLSID\{7ED25D63-48E5-4BE3-8539-3040B0B8991C}\InProcServer32,REG_EXPAND_SZ,,NT AUTHORITY\SYSTEM,HKEY_LOCAL_MACHINE\Software\Classes\CLSID\{7ED25D63-48E5-4BE3-8539-3040B0B8991C}\InProcServer32\,%SystemRoot%\system32\twinui.dll
ST869VRJ,Classes\CLSID\{F46316E4-FB1B-46eb-AEDF-9520BFBB916A}\InProcServer32,REG_EXPAND_SZ,,NT AUTHORITY\SYSTEM,HKEY_LOCAL_MACHINE\Software\Classes\CLSID\{F46316E4-FB1B-46eb-AEDF-9520BFBB916A}\InProcServer32\,%SystemRoot%\system32\shell32.dll
ST869VRJ,Classes\CLSID\{3050f67D-98b5-11cf-bb82-00aa00bdce0b}\InProcServer32,REG_SZ,,NT AUTHORITY\SYSTEM,HKEY_LOCAL_MACHINE\Software\Classes\CLSID\{3050f67D-98b5-11cf-bb82-00aa00bdce0b}\InProcServer32\,C:\Windows\System32\mshtml.dll
ST869VRJ,Classes\CLSID\{B091E540-83E3-11CF-A713-0020AFD79762}\InProcServer32,REG_EXPAND_SZ,,NT AUTHORITY\SYSTEM,HKEY_LOCAL_MACHINE\Software\Classes\CLSID\{B091E540-83E3-11CF-A713-0020AFD79762}\InProcServer32\,%SystemRoot%\system32\shell32.dll
ST869VRJ,Classes\CLSID\{FC5B8A24-DB05-4A01-8388-22EDF6C2BBBA}\InProcServer32,REG_EXPAND_SZ,,NT AUTHORITY\SYSTEM,HKEY_LOCAL_MACHINE\Software\Classes\CLSID\{FC5B8A24-DB05-4A01-8388-22EDF6C2BBBA}\InProcServer32\,%SystemRoot%\System32\bidispl.dll
ST869VRJ,Classes\CLSID\{79DEA627-A08A-43AC-8EF5-6900B9299126}\InProcServer32,REG_EXPAND_SZ,,NT AUTHORITY\SYSTEM,HKEY_LOCAL_MACHINE\Software\Classes\CLSID\{79DEA627-A08A-43AC-8EF5-6900B9299126}\InProcServer32\,%SystemRoot%\system32\Uxtheme.dll
ST869VRJ,Classes\CLSID\{a76de978-f3eb-4a4f-9f99-304ad619e2ab}\InProcServer32,REG_EXPAND_SZ,,NT AUTHORITY\SYSTEM,HKEY_LOCAL_MACHINE\Software\Classes\CLSID\{a76de978-f3eb-4a4f-9f99-304ad619e2ab}\InProcServer32\,%SystemRoot%\system32\shell32.dll
ST869VRJ,Classes\CLSID\{065377f7-9876-4d5a-9f2a-1b4721255a67}\InProcServer32,REG_SZ,,NT AUTHORITY\SYSTEM,HKEY_LOCAL_MACHINE\Software\Classes\CLSID\{065377f7-9876-4d5a-9f2a-1b4721255a67}\InProcServer32\,C:\Windows\System32\shell32.dll
ST869VRJ,Classes\CLSID\{84f0fae1-c27b-4f6f-807b-28cf6f96287d}\InProcServer32,REG_SZ,,NT AUTHORITY\SYSTEM,HKEY_LOCAL_MACHINE\Software\Classes\CLSID\{84f0fae1-c27b-4f6f-807b-28cf6f96287d}\InProcServer32\,C:\Windows\System32\mscoree.dll
ST869VRJ,Classes\CLSID\{34a13fc7-86ab-42e6-a32c-b50666f04ff9}\InProcServer32,REG_SZ,,NT AUTHORITY\SYSTEM,HKEY_LOCAL_MACHINE\Software\Classes\CLSID\{34a13fc7-86ab-42e6-a32c-b50666f04ff9}\InProcServer32\,C:\Windows\System32\jscript9.dll
ST869VRJ,Classes\CLSID\{948CFD8C-1888-4E52-8703-99610347EBB6}\InProcServer32,REG_EXPAND_SZ,,NT AUTHORITY\SYSTEM,HKEY_LOCAL_MACHINE\Software\Classes\CLSID\{948CFD8C-1888-4E52-8703-99610347EBB6}\InProcServer32\,%SystemRoot%\System32\audioeng.dll
ST869VRJ,Classes\CLSID\{0bf754aa-c967-445c-ab3d-d8fda9bae7ef}\InProcServer32,REG_EXPAND_SZ,,NT AUTHORITY\SYSTEM,HKEY_LOCAL_MACHINE\Software\Classes\CLSID\{0bf754aa-c967-445c-ab3d-d8fda9bae7ef}\InProcServer32\,%SystemRoot%\system32\stobject.dll
ST869VRJ,Classes\CLSID\{E724B749-18D6-36AB-9F6D-09C36D9C6016}\InProcServer32,REG_SZ,,NT AUTHORITY\SYSTEM,HKEY_LOCAL_MACHINE\Software\Classes\CLSID\{E724B749-18D6-36AB-9F6D-09C36D9C6016}\InProcServer32\,C:\Windows\System32\mscoree.dll
ST869VRJ,Wow6432Node\Classes\CLSID\{0CA545C6-37AD-4A6C-BF92-9F7610067EF5}\InProcServer32,REG_SZ,,NT AUTHORITY\SYSTEM,HKEY_LOCAL_MACHINE\Software\Wow6432Node\Classes\CLSID\{0CA545C6-37AD-4A6C-BF92-9F7610067EF5}\InProcServer32\,C:\Windows\SysWOW64\FirewallAPI.dll
ST869VRJ,Classes\CLSID\{900be39d-6be8-461a-bc4d-b0fa71f5ecb1}\InProcServer32,REG_EXPAND_SZ,,NT AUTHORITY\SYSTEM,HKEY_LOCAL_MACHINE\Software\Classes\CLSID\{900be39d-6be8-461a-bc4d-b0fa71f5ecb1}\InProcServer32\,%SystemRoot%\System32\wdi.dll
ST869VRJ,Classes\CLSID\{F3364BA0-65B9-11CE-A9BA-00AA004AE837}\InProcServer32,REG_EXPAND_SZ,,NT AUTHORITY\SYSTEM,HKEY_LOCAL_MACHINE\Software\Classes\CLSID\{F3364BA0-65B9-11CE-A9BA-00AA004AE837}\InProcServer32\,%SystemRoot%\system32\shell32.dll
ST869VRJ,Classes\CLSID\{6BC098A4-0CE6-11D1-BAAE-00C04FC2E20D}\InProcServer32,REG_EXPAND_SZ,,NT AUTHORITY\SYSTEM,HKEY_LOCAL_MACHINE\Software\Classes\CLSID\{6BC098A4-0CE6-11D1-BAAE-00C04FC2E20D}\InProcServer32\,%SystemRoot%\system32\iasnap.dll
ST869VRJ,Classes\CLSID\{53067330-01CE-4027-947F-FF8580E92463}\InProcServer32,REG_SZ,,NT AUTHORITY\SYSTEM,HKEY_LOCAL_MACHINE\Software\Classes\CLSID\{53067330-01CE-4027-947F-FF8580E92463}\InProcServer32\,C:\Windows\System32\twinapi.appcore.dll
ST869VRJ,Classes\CLSID\{c8c97725-c948-4720-bf0f-e3c2273bfb7d}\InProcServer32,REG_EXPAND_SZ,,NT AUTHORITY\SYSTEM,HKEY_LOCAL_MACHINE\Software\Classes\CLSID\{c8c97725-c948-4720-bf0f-e3c2273bfb7d}\InProcServer32\,%SystemRoot%\system32\shell32.dll
ST869VRJ,Wow6432Node\Classes\CLSID\{25983561-9D65-49CE-B335-40630D901227}\InProcServer32,REG_SZ,,NT AUTHORITY\SYSTEM,HKEY_LOCAL_MACHINE\Software\Wow6432Node\Classes\CLSID\{25983561-9D65-49CE-B335-40630D901227}\InProcServer32\,C:\Windows\SysWOW64\imapi2.dll
ST869VRJ,Classes\CLSID\{5A8A3AAB-D614-46B9-B814-18D168A4B838}\InProcServer32,REG_SZ,,NT AUTHORITY\SYSTEM,HKEY_LOCAL_MACHINE\Software\Classes\CLSID\{5A8A3AAB-D614-46B9-B814-18D168A4B838}\InProcServer32\,C:\Windows\System32\shell32.dll
ST869VRJ,Classes\CLSID\{B9A160BE-0EB0-46A4-9942-30EB90BD792D}\InProcServer32,REG_EXPAND_SZ,,NT AUTHORITY\SYSTEM,HKEY_LOCAL_MACHINE\Software\Classes\CLSID\{B9A160BE-0EB0-46A4-9942-30EB90BD792D}\InProcServer32\,%SystemRoot%\system32\twinui.dll
ST869VRJ,Classes\CLSID\{F5078F39-C551-11D3-89B9-0000F81FE221}\InProcServer32,REG_EXPAND_SZ,,NT AUTHORITY\SYSTEM,HKEY_LOCAL_MACHINE\Software\Classes\CLSID\{F5078F39-C551-11D3-89B9-0000F81FE221}\InProcServer32\,%SystemRoot%\System32\msxml3.dll
ST869VRJ,Classes\CLSID\{424bed78-ef88-4b7c-945c-b8cf46d56e20}\InProcServer32,REG_EXPAND_SZ,,NT AUTHORITY\SYSTEM,HKEY_LOCAL_MACHINE\Software\Classes\CLSID\{424bed78-ef88-4b7c-945c-b8cf46d56e20}\InProcServer32\,%SystemRoot%\system32\authui.dll
ST869VRJ,Classes\CLSID\{48e7caab-b918-4e58-a94d-505519c795dc}\InProcServer32,REG_EXPAND_SZ,,NT AUTHORITY\SYSTEM,HKEY_LOCAL_MACHINE\Software\Classes\CLSID\{48e7caab-b918-4e58-a94d-505519c795dc}\InProcServer32\,%SystemRoot%\system32\shell32.dll
ST869VRJ,Classes\CLSID\{d9b3211d-e57f-4426-aaef-30a806add397}\InProcServer32,REG_EXPAND_SZ,,NT AUTHORITY\SYSTEM,HKEY_LOCAL_MACHINE\Software\Classes\CLSID\{d9b3211d-e57f-4426-aaef-30a806add397}\InProcServer32\,%SystemRoot%\system32\shell32.dll
ST869VRJ,Classes\CLSID\{d912f8cf-0396-4915-884e-fb425d32943b}\InProcServer32,REG_EXPAND_SZ,,NT AUTHORITY\SYSTEM,HKEY_LOCAL_MACHINE\Software\Classes\CLSID\{d912f8cf-0396-4915-884e-fb425d32943b}\InProcServer32\,%SystemRoot%\system32\shell32.dll
ST869VRJ,Classes\CLSID\{53DEC7F6-5448-43E2-9573-3F7B91B751DC}\InProcServer32,REG_EXPAND_SZ,,NT AUTHORITY\SYSTEM,HKEY_LOCAL_MACHINE\Software\Classes\CLSID\{53DEC7F6-5448-43E2-9573-3F7B91B751DC}\InProcServer32\,%SystemRoot%\System32\DeviceSetupManagerAPI.dll
ST869VRJ,Classes\CLSID\{a3c3d402-e56c-4033-95f7-4885e80b0111}\InProcServer32,REG_EXPAND_SZ,,NT AUTHORITY\SYSTEM,HKEY_LOCAL_MACHINE\Software\Classes\CLSID\{a3c3d402-e56c-4033-95f7-4885e80b0111}\InProcServer32\,%SystemRoot%\system32\twext.dll
ST869VRJ,Classes\CLSID\{3050f3B3-98b5-11cf-bb82-00aa00bdce0b}\InProcServer32,REG_SZ,,NT AUTHORITY\SYSTEM,HKEY_LOCAL_MACHINE\Software\Classes\CLSID\{3050f3B3-98b5-11cf-bb82-00aa00bdce0b}\InProcServer32\,C:\Windows\System32\mshtml.dll
ST869VRJ,Classes\CLSID\{ecabafc0-7f19-11d2-978e-0000f8757e2a}\InProcServer32,REG_SZ,,NT AUTHORITY\SYSTEM,HKEY_LOCAL_MACHINE\Software\Classes\CLSID\{ecabafc0-7f19-11d2-978e-0000f8757e2a}\InProcServer32\,C:\Windows\System32\comsvcs.dll
ST869VRJ,Classes\CLSID\{84F70B6C-D59E-394A-B879-FFCC30DDCAA2}\InProcServer32,REG_SZ,,NT AUTHORITY\SYSTEM,HKEY_LOCAL_MACHINE\Software\Classes\CLSID\{84F70B6C-D59E-394A-B879-FFCC30DDCAA2}\InProcServer32\,C:\Windows\System32\mscoree.dll
ST869VRJ,Classes\CLSID\{135698D2-3A37-4d26-99DF-E2BB6AE3AC61}\InProcServer32,REG_EXPAND_SZ,,NT AUTHORITY\SYSTEM,HKEY_LOCAL_MACHINE\Software\Classes\CLSID\{135698D2-3A37-4d26-99DF-E2BB6AE3AC61}\InProcServer32\,%SystemRoot%\System32\dmintf.dll
ST869VRJ,Classes\CLSID\{c6887882-a444-4b32-960d-e40d0af7851e}\InProcServer32,REG_EXPAND_SZ,,NT AUTHORITY\SYSTEM,HKEY_LOCAL_MACHINE\Software\Classes\CLSID\{c6887882-a444-4b32-960d-e40d0af7851e}\InProcServer32\,%SystemRoot%\System32\shell32.dll
ST869VRJ,Classes\CLSID\{25BE9228-00AF-11D2-BF87-00C04FD8D5B0}\InProcServer32,REG_EXPAND_SZ,,NT AUTHORITY\SYSTEM,HKEY_LOCAL_MACHINE\Software\Classes\CLSID\{25BE9228-00AF-11D2-BF87-00C04FD8D5B0}\InProcServer32\,%SystemRoot%\system32\dsquery.dll
ST869VRJ,Classes\CLSID\{673DFE75-9F93-304F-ABA8-D2A86BA87D7C}\InProcServer32,REG_SZ,,NT AUTHORITY\SYSTEM,HKEY_LOCAL_MACHINE\Software\Classes\CLSID\{673DFE75-9F93-304F-ABA8-D2A86BA87D7C}\InProcServer32\,C:\Windows\System32\mscoree.dll
ST869VRJ,Classes\CLSID\{66742402-F9B9-11D1-A202-0000F81FEDEE}\InProcServer32,REG_EXPAND_SZ,,NT AUTHORITY\SYSTEM,HKEY_LOCAL_MACHINE\Software\Classes\CLSID\{66742402-F9B9-11D1-A202-0000F81FEDEE}\InProcServer32\,%SystemRoot%\system32\shell32.dll
ST869VRJ,Classes\CLSID\{B9BC2A50-43C3-41AA-A086-5DB14E184BAE}\InProcServer32,REG_SZ,,NT AUTHORITY\SYSTEM,HKEY_LOCAL_MACHINE\Software\Classes\CLSID\{B9BC2A50-43C3-41AA-A086-5DB14E184BAE}\InProcServer32\,C:\Windows\System32\InputSwitch.dll
ST869VRJ,Classes\CLSID\{0D43FE01-F093-11CF-8940-00A0C9054228}\InProcServer32,REG_SZ,,NT AUTHORITY\SYSTEM,HKEY_LOCAL_MACHINE\Software\Classes\CLSID\{0D43FE01-F093-11CF-8940-00A0C9054228}\InProcServer32\,C:\Windows\System32\scrrun.dll
ST869VRJ,Classes\CLSID\{231727DB-4A5A-4c85-B844-64E3A30BE7A3}\InProcServer32,REG_SZ,,BUILTIN\Administrators,HKEY_LOCAL_MACHINE\Software\Classes\CLSID\{231727DB-4A5A-4c85-B844-64E3A30BE7A3}\InProcServer32\,c:\PROGRA~1\COMMON~1\mcafee\HACKER~1\hwapi.dll
ST869VRJ,Classes\CLSID\{20051D1B-321F-3E4D-A3DA-5FBE892F7EC5}\InProcServer32,REG_SZ,,NT AUTHORITY\SYSTEM,HKEY_LOCAL_MACHINE\Software\Classes\CLSID\{20051D1B-321F-3E4D-A3DA-5FBE892F7EC5}\InProcServer32\,C:\Windows\System32\mscoree.dll
ST869VRJ,Classes\CLSID\{6E65CBC4-926D-11D0-8E27-00C04FC99DCF}\InProcServer32,REG_SZ,,NT AUTHORITY\SYSTEM,HKEY_LOCAL_MACHINE\Software\Classes\CLSID\{6E65CBC4-926D-11D0-8E27-00C04FC99DCF}\InProcServer32\,C:\Windows\System32\rascfg.dll
ST869VRJ,Wow6432Node\Classes\CLSID\{0095b496-f121-4256-96a0-09179828cc16}\InProcServer32,REG_SZ,,NT AUTHORITY\SYSTEM,HKEY_LOCAL_MACHINE\Software\Wow6432Node\Classes\CLSID\{0095b496-f121-4256-96a0-09179828cc16}\InProcServer32\,C:\Windows\SysWOW64\IME\shared\imjkapi.dll
ST869VRJ,Classes\CLSID\{F8D253D9-89A4-4daa-87B6-1168369F0B21}\InProcServer32,REG_SZ,,NT AUTHORITY\SYSTEM,HKEY_LOCAL_MACHINE\Software\Classes\CLSID\{F8D253D9-89A4-4daa-87B6-1168369F0B21}\InProcServer32\,C:\Windows\System32\wuapi.dll
ST869VRJ,Classes\CLSID\{b289af55-2833-44e0-a46f-96e5ebbd5c1b}\InProcServer32,REG_EXPAND_SZ,,NT AUTHORITY\SYSTEM,HKEY_LOCAL_MACHINE\Software\Classes\CLSID\{b289af55-2833-44e0-a46f-96e5ebbd5c1b}\InProcServer32\,%SystemRoot%\system32\shell32.dll
ST869VRJ,Classes\CLSID\{12C21EA7-2EB8-4B55-9249-AC243DA8C666}\InProcServer32,REG_EXPAND_SZ,,NT AUTHORITY\SYSTEM,HKEY_LOCAL_MACHINE\Software\Classes\CLSID\{12C21EA7-2EB8-4B55-9249-AC243DA8C666}\InProcServer32\,%SystemRoot%\System32\shpafact.dll
ST869VRJ,Classes\CLSID\{4BDAFC52-FE6A-11d2-93F8-00105A11164A}\InProcServer32,REG_EXPAND_SZ,,NT AUTHORITY\SYSTEM,HKEY_LOCAL_MACHINE\Software\Classes\CLSID\{4BDAFC52-FE6A-11d2-93F8-00105A11164A}\InProcServer32\,%SystemRoot%\System32\dmintf.dll
ST869VRJ,Classes\CLSID\{4CB43D7F-7EEE-4906-8698-60DA1C38F2FE}\InProcServer32,REG_SZ,,NT AUTHORITY\SYSTEM,HKEY_LOCAL_MACHINE\Software\Classes\CLSID\{4CB43D7F-7EEE-4906-8698-60DA1C38F2FE}\InProcServer32\,C:\Windows\System32\wuapi.dll
ST869VRJ,Classes\CLSID\{647053C3-1879-34D7-AE57-67015C91FC70}\InProcServer32,REG_SZ,,NT AUTHORITY\SYSTEM,HKEY_LOCAL_MACHINE\Software\Classes\CLSID\{647053C3-1879-34D7-AE57-67015C91FC70}\InProcServer32\,C:\Windows\System32\mscoree.dll
ST869VRJ,Classes\CLSID\{46b73c9c-0e62-41ee-86c0-2f8997777f48}\InProcServer32,REG_SZ,,NT AUTHORITY\SYSTEM,HKEY_LOCAL_MACHINE\Software\Classes\CLSID\{46b73c9c-0e62-41ee-86c0-2f8997777f48}\InProcServer32\,C:\Windows\System32\IME\IMEJP\imjpapi.dll
ST869VRJ,Classes\CLSID\{22c6c651-f6ea-46be-bc83-54e83314c67f}\InProcServer32,REG_EXPAND_SZ,,NT AUTHORITY\SYSTEM,HKEY_LOCAL_MACHINE\Software\Classes\CLSID\{22c6c651-f6ea-46be-bc83-54e83314c67f}\InProcServer32\,%SystemRoot%\system32\shell32.dll
ST869VRJ,Classes\CLSID\{75847177-f077-4171-bd2c-a6bb2164fbd0}\InProcServer32,REG_EXPAND_SZ,,NT AUTHORITY\SYSTEM,HKEY_LOCAL_MACHINE\Software\Classes\CLSID\{75847177-f077-4171-bd2c-a6bb2164fbd0}\InProcServer32\,%SystemRoot%\system32\shell32.dll
ST869VRJ,Classes\CLSID\{9EA1A0AD-B6AA-4f94-849C-02C8223CE619}\InProcServer32,REG_SZ,,BUILTIN\Administrators,HKEY_LOCAL_MACHINE\Software\Classes\CLSID\{9EA1A0AD-B6AA-4f94-849C-02C8223CE619}\InProcServer32\,C:\PROGRA~1\McAfee\MfeAV\McOasShm.dll
ST869VRJ,Classes\CLSID\{94C00EC1-6E51-447A-87FA-8DF83767C155}\InProcServer32,REG_SZ,,NT AUTHORITY\SYSTEM,HKEY_LOCAL_MACHINE\Software\Classes\CLSID\{94C00EC1-6E51-447A-87FA-8DF83767C155}\InProcServer32\,C:\Windows\System32\jscript9diag.dll
ST869VRJ,Microsoft\Windows NT\CurrentVersion\Drivers32\,REG_SZ,vidc.yvu9,NT AUTHORITY\SYSTEM,HKEY_LOCAL_MACHINE\SOFTWARE\Microsoft\Windows NT\CurrentVersion\Drivers32\vidc.yvu9,tsbyuv.dll
ST869VRJ,Classes\CLSID\{2aa2b5fe-b846-4d07-810c-b21ee45320e3}\InProcServer32,REG_EXPAND_SZ,,NT AUTHORITY\SYSTEM,HKEY_LOCAL_MACHINE\Software\Classes\CLSID\{2aa2b5fe-b846-4d07-810c-b21ee45320e3}\InProcServer32\,%SystemRoot%\System32\xmlprovi.dll
ST869VRJ,Classes\CLSID\{72b36e70-8700-42d6-a7f7-c9ab3323ee51}\InProcServer32,REG_EXPAND_SZ,,NT AUTHORITY\SYSTEM,HKEY_LOCAL_MACHINE\Software\Classes\CLSID\{72b36e70-8700-42d6-a7f7-c9ab3323ee51}\InProcServer32\,%SystemRoot%\system32\shell32.dll
ST869VRJ,Classes\CLSID\{74F5A028-DD3C-4724-B0E5-1D8A52C948DD}\InProcServer32,REG_EXPAND_SZ,,NT AUTHORITY\SYSTEM,HKEY_LOCAL_MACHINE\Software\Classes\CLSID\{74F5A028-DD3C-4724-B0E5-1D8A52C948DD}\InProcServer32\,%SystemRoot%\System32\SearchFolder.dll
ST869VRJ,CurrentControlSet\Services\Dhcp\Parameters\,REG_EXPAND_SZ,ServiceDll,NT AUTHORITY\SYSTEM,HKEY_LOCAL_MACHINE\SYSTEM\CurrentControlSet\Services\Dhcp\Parameters\ServiceDll,%SystemRoot%\system32\dhcpcore.dll
ST869VRJ,Classes\CLSID\{CD000008-8B95-11D1-82DB-00C04FB1625D}\InProcServer32,REG_SZ,,NT AUTHORITY\SYSTEM,HKEY_LOCAL_MACHINE\Software\Classes\CLSID\{CD000008-8B95-11D1-82DB-00C04FB1625D}\InProcServer32\,C:\Windows\System32\cdosys.dll
ST869VRJ,Classes\CLSID\{4662DAB0-D393-11D0-9A56-00C04FB68B66}\InProcServer32,REG_SZ,,NT AUTHORITY\SYSTEM,HKEY_LOCAL_MACHINE\Software\Classes\CLSID\{4662DAB0-D393-11D0-9A56-00C04FB68B66}\InProcServer32\,C:\Windows\System32\hhctrl.ocx
ST869VRJ,Classes\CLSID\{4BC67F23-D805-4384-BCA3-6F1EDFF50E2C}\InProcServer32,REG_SZ,,NT AUTHORITY\SYSTEM,HKEY_LOCAL_MACHINE\Software\Classes\CLSID\{4BC67F23-D805-4384-BCA3-6F1EDFF50E2C}\InProcServer32\,C:\Windows\System32\wercplsupport.dll
ST869VRJ,Classes\CLSID\{101193C0-0BFE-11D0-AF91-00AA00B67A42}\InProcServer32,REG_SZ,,NT AUTHORITY\SYSTEM,HKEY_LOCAL_MACHINE\Software\Classes\CLSID\{101193C0-0BFE-11D0-AF91-00AA00B67A42}\InProcServer32\,C:\Windows\System32\qdv.dll
ST869VRJ,Classes\CLSID\{c2467d33-71c5-4057-977c-e847c2286882}\InProcServer32,REG_SZ,,NT AUTHORITY\SYSTEM,HKEY_LOCAL_MACHINE\Software\Classes\CLSID\{c2467d33-71c5-4057-977c-e847c2286882}\InProcServer32\,C:\Windows\System32\shell32.dll
ST869VRJ,Wow6432Node\Classes\CLSID\{a8c3476d-20e1-4d56-96e7-84e24952228b}\InProcServer32,REG_SZ,,NT AUTHORITY\SYSTEM,HKEY_LOCAL_MACHINE\Software\Wow6432Node\Classes\CLSID\{a8c3476d-20e1-4d56-96e7-84e24952228b}\InProcServer32\,C:\Windows\SysWOW64\IME\IMEKR\imkrudt.dll
ST869VRJ,Classes\CLSID\{FBF23B40-E3F0-101B-8488-00AA003E56F8}\InProcServer32,REG_SZ,,NT AUTHORITY\SYSTEM,HKEY_LOCAL_MACHINE\Software\Classes\CLSID\{FBF23B40-E3F0-101B-8488-00AA003E56F8}\InProcServer32\,C:\Windows\System32\ieframe.dll
ST869VRJ,Classes\CLSID\{6BC09899-0CE6-11D1-BAAE-00C04FC2E20D}\InProcServer32,REG_EXPAND_SZ,,NT AUTHORITY\SYSTEM,HKEY_LOCAL_MACHINE\Software\Classes\CLSID\{6BC09899-0CE6-11D1-BAAE-00C04FC2E20D}\InProcServer32\,%SystemRoot%\system32\iassam.dll
ST869VRJ,Classes\CLSID\{9A4A4A51-FB3A-4F4B-9B57-A2912A289769}\InProcServer32,REG_SZ,,NT AUTHORITY\SYSTEM,HKEY_LOCAL_MACHINE\Software\Classes\CLSID\{9A4A4A51-FB3A-4F4B-9B57-A2912A289769}\InProcServer32\,C:\Windows\System32\Dxtmsft.dll
ST869VRJ,Classes\CLSID\{a028ae76-01b1-46c2-99c4-acd9858ae02f}\InProcServer32,REG_SZ,,NT AUTHORITY\SYSTEM,HKEY_LOCAL_MACHINE\Software\Classes\CLSID\{a028ae76-01b1-46c2-99c4-acd9858ae02f}\InProcServer32\,C:\Windows\System32\IME\IMEKR\imkrtip.dll
ST869VRJ,Classes\CLSID\{204D5A28-46A0-3F04-BD7C-B5672631E57F}\InProcServer32,REG_SZ,,NT AUTHORITY\SYSTEM,HKEY_LOCAL_MACHINE\Software\Classes\CLSID\{204D5A28-46A0-3F04-BD7C-B5672631E57F}\InProcServer32\,C:\Windows\System32\mscoree.dll
ST869VRJ,Classes\CLSID\{080d0d78-f421-11d0-a36e-00c04fb950dc}\InProcServer32,REG_EXPAND_SZ,,NT AUTHORITY\SYSTEM,HKEY_LOCAL_MACHINE\Software\Classes\CLSID\{080d0d78-f421-11d0-a36e-00c04fb950dc}\InProcServer32\,%SystemRoot%\system32\activeds.dll
ST869VRJ,CurrentControlSet\Services\WinSock2\Parameters\Protocol_Catalog9\Catalog_Entries\000000000008\,REG_BINARY,PackedCatalogItem,NT AUTHORITY\SYSTEM,HKEY_LOCAL_MACHINE\System\CurrentControlSet\Services\WinSock2\Parameters\Protocol_Catalog9\Catalog_Entries\000000000008\PackedCatalogItem,"%SystemRoot%\system32\mswsock.dll."".h.t.t.p.:././.s.c.h.e.m.a.s...m.i.c.r.o.s.o.f.t...c.o.m./.w.i.n./.2.0.0.4./.0.8./.e.v.e.n.t.s."".&gt;..... . .&lt;.t.e.m.p.l.a.t.e. .t.i.d.=."".R.e.s.u.l.t."".&gt;..... . . . .&lt;.d.a.t.a. .i.n.T.y.p.e.=."".w.i.n.:.U.I.n.t.3.2."". .n.a.m.e.f ....................`.z3..........................................................................................@.%.S.y.s.t.e.m.R.o.o.t.%.\.S.y.s.t.e.m.3.2.\.w.s.h.q.o.s...d.l.l. .-.1.0.1....................................................................................................................................................................................................................................................................................................................................................................................................................................................."
ST869VRJ,Wow6432Node\Classes\CLSID\{A95B959F-64A9-43E4-A874-C8A77905854A}\InProcServer32,REG_SZ,,BUILTIN\Administrators,HKEY_LOCAL_MACHINE\Software\Wow6432Node\Classes\CLSID\{A95B959F-64A9-43E4-A874-C8A77905854A}\InProcServer32\,C:\Program Files\Common Files\McAfee\Platform\McSvcHost\McSvHVer.dll
ST869VRJ,Classes\CLSID\{1DA08500-9EDC-11CF-BC10-00AA00AC74F6}\InProcServer32,REG_SZ,,NT AUTHORITY\SYSTEM,HKEY_LOCAL_MACHINE\Software\Classes\CLSID\{1DA08500-9EDC-11CF-BC10-00AA00AC74F6}\InProcServer32\,C:\Windows\System32\quartz.dll
ST869VRJ,Classes\CLSID\{A3A1F076-1FA7-3A26-886D-8841CB45382F}\InProcServer32,REG_SZ,,NT AUTHORITY\SYSTEM,HKEY_LOCAL_MACHINE\Software\Classes\CLSID\{A3A1F076-1FA7-3A26-886D-8841CB45382F}\InProcServer32\,C:\Windows\System32\mscoree.dll
ST869VRJ,Classes\CLSID\{DDB93701-527B-4250-B619-672EFD3C5B21}\InProcServer32,REG_SZ,,NT AUTHORITY\SYSTEM,HKEY_LOCAL_MACHINE\Software\Classes\CLSID\{DDB93701-527B-4250-B619-672EFD3C5B21}\InProcServer32\,C:\Windows\System32\OneDriveSettingSyncProvider.dll
ST869VRJ,Classes\CLSID\{7071EC31-663B-4bc1-A1FA-B97F3B917C55}\InProcServer32,REG_EXPAND_SZ,,NT AUTHORITY\SYSTEM,HKEY_LOCAL_MACHINE\Software\Classes\CLSID\{7071EC31-663B-4bc1-A1FA-B97F3B917C55}\InProcServer32\,%SystemRoot%\system32\connect.dll
ST869VRJ,Classes\CLSID\{8A23E65E-31C2-11d0-891C-00A024AB2DBB}\InProcServer32,REG_EXPAND_SZ,,NT AUTHORITY\SYSTEM,HKEY_LOCAL_MACHINE\Software\Classes\CLSID\{8A23E65E-31C2-11d0-891C-00A024AB2DBB}\InProcServer32\,%SystemRoot%\system32\dsquery.dll
ST869VRJ,Classes\CLSID\{69D76D1B-B12E-4913-8F48-671B90195A2B}\InProcServer32,REG_EXPAND_SZ,,NT AUTHORITY\SYSTEM,HKEY_LOCAL_MACHINE\Software\Classes\CLSID\{69D76D1B-B12E-4913-8F48-671B90195A2B}\InProcServer32\,%SystemRoot%\system32\wbem\policman.dll
ST869VRJ,Microsoft\Windows NT\CurrentVersion\Aedebug\,REG_DWORD,UserDebuggerHotKey,NT AUTHORITY\SYSTEM,HKEY_LOCAL_MACHINE\Software\Microsoft\Windows NT\CurrentVersion\Aedebug\UserDebuggerHotKey,0
ST869VRJ,Classes\CLSID\{58221C67-EA27-11CF-ADCF-00AA00A80033}\InProcServer32,REG_SZ,,NT AUTHORITY\SYSTEM,HKEY_LOCAL_MACHINE\Software\Classes\CLSID\{58221C67-EA27-11CF-ADCF-00AA00A80033}\InProcServer32\,C:\Windows\System32\mycomput.dll
ST869VRJ,Classes\CLSID\{18845040-0fa5-11d1-ba19-00c04fd912d0}\InProcServer32,REG_SZ,,NT AUTHORITY\SYSTEM,HKEY_LOCAL_MACHINE\Software\Classes\CLSID\{18845040-0fa5-11d1-ba19-00c04fd912d0}\InProcServer32\,C:\Windows\System32\mshtml.dll
ST869VRJ,Classes\CLSID\{b5866878-bd99-11d0-b04b-00c04fd91550}\InProcServer32,REG_EXPAND_SZ,,NT AUTHORITY\SYSTEM,HKEY_LOCAL_MACHINE\Software\Classes\CLSID\{b5866878-bd99-11d0-b04b-00c04fd91550}\InProcServer32\,%SystemRoot%\system32\rpcrt4.dll
ST869VRJ,Classes\CLSID\{BBD8C065-5E6C-4e88-BFD7-BE3E6D1C063B}\InProcServer32,REG_EXPAND_SZ,,NT AUTHORITY\SYSTEM,HKEY_LOCAL_MACHINE\Software\Classes\CLSID\{BBD8C065-5E6C-4e88-BFD7-BE3E6D1C063B}\InProcServer32\,%SystemRoot%\System32\shpafact.dll
ST869VRJ,Classes\CLSID\{E0BBDE88-67BA-4A0A-A452-86EF70F69FFE}\InProcServer32,REG_SZ,,NT AUTHORITY\SYSTEM,HKEY_LOCAL_MACHINE\Software\Classes\CLSID\{E0BBDE88-67BA-4A0A-A452-86EF70F69FFE}\InProcServer32\,C:\Windows\System32\PrintDialogs.dll
ST869VRJ,Classes\CLSID\{00BB2765-6A77-11D0-A535-00C04FD7D062}\InProcServer32,REG_EXPAND_SZ,,NT AUTHORITY\SYSTEM,HKEY_LOCAL_MACHINE\Software\Classes\CLSID\{00BB2765-6A77-11D0-A535-00C04FD7D062}\InProcServer32\,%SystemRoot%\system32\shell32.dll
ST869VRJ,Classes\CLSID\{7abbbcca-e01b-4560-8228-92e1eedbc908}\InProcServer32,REG_EXPAND_SZ,,NT AUTHORITY\SYSTEM,HKEY_LOCAL_MACHINE\Software\Classes\CLSID\{7abbbcca-e01b-4560-8228-92e1eedbc908}\InProcServer32\,%SystemRoot%\system32\shell32.dll
ST869VRJ,Classes\CLSID\{61B7F4E6-ECD0-4da8-AB2F-9517CDB4B8F1}\InProcServer32,REG_SZ,,NT AUTHORITY\SYSTEM,HKEY_LOCAL_MACHINE\Software\Classes\CLSID\{61B7F4E6-ECD0-4da8-AB2F-9517CDB4B8F1}\InProcServer32\,C:\Windows\System32\InputMethod\CHS\ChsWubiDS.dll
ST869VRJ,Classes\CLSID\{BB7BF430-E4E7-48CF-A803-B0CEDA968D2E}\InProcServer32,REG_EXPAND_SZ,,NT AUTHORITY\SYSTEM,HKEY_LOCAL_MACHINE\Software\Classes\CLSID\{BB7BF430-E4E7-48CF-A803-B0CEDA968D2E}\InProcServer32\,%SystemRoot%\System32\MSWB7.dll
ST869VRJ,Classes\CLSID\{72C24DD5-D70A-438B-8A42-98424B88AFB8}\InProcServer32,REG_SZ,,NT AUTHORITY\SYSTEM,HKEY_LOCAL_MACHINE\Software\Classes\CLSID\{72C24DD5-D70A-438B-8A42-98424B88AFB8}\InProcServer32\,C:\Windows\System32\wshom.ocx
ST869VRJ,Classes\CLSID\{317D06E8-5F24-433D-BDF7-79CE68D8ABC2}\InProcServer32,REG_EXPAND_SZ,,NT AUTHORITY\SYSTEM,HKEY_LOCAL_MACHINE\Software\Classes\CLSID\{317D06E8-5F24-433D-BDF7-79CE68D8ABC2}\InProcServer32\,%SystemRoot%\system32\windowscodecs.dll
ST869VRJ,CurrentControlSet\Services\dot3svc\Parameters\,REG_EXPAND_SZ,ServiceDll,NT AUTHORITY\SYSTEM,HKEY_LOCAL_MACHINE\SYSTEM\CurrentControlSet\Services\dot3svc\Parameters\ServiceDll,%SystemRoot%\System32\dot3svc.dll
ST869VRJ,Classes\CLSID\{1D858A97-49A3-4805-8390-3BD5976E7ABB}\InProcServer32,REG_EXPAND_SZ,,NT AUTHORITY\SYSTEM,HKEY_LOCAL_MACHINE\Software\Classes\CLSID\{1D858A97-49A3-4805-8390-3BD5976E7ABB}\InProcServer32\,%SystemRoot%\system32\twinui.dll
ST869VRJ,CurrentControlSet\Services\Audiosrv\Parameters\,REG_EXPAND_SZ,ServiceDll,NT AUTHORITY\SYSTEM,HKEY_LOCAL_MACHINE\SYSTEM\CurrentControlSet\Services\Audiosrv\Parameters\ServiceDll,%SystemRoot%\System32\Audiosrv.dll
ST869VRJ,Classes\CLSID\{C2FBB631-2971-11d1-A18C-00C04FD75D13}\InProcServer32,REG_EXPAND_SZ,,NT AUTHORITY\SYSTEM,HKEY_LOCAL_MACHINE\Software\Classes\CLSID\{C2FBB631-2971-11d1-A18C-00C04FD75D13}\InProcServer32\,%SystemRoot%\system32\shell32.dll
ST869VRJ,Wow6432Node\Classes\CLSID\{9a2584c3-f7d2-457a-9a5e-22b67bffc7d2}\InProcServer32,REG_SZ,,NT AUTHORITY\SYSTEM,HKEY_LOCAL_MACHINE\Software\Wow6432Node\Classes\CLSID\{9a2584c3-f7d2-457a-9a5e-22b67bffc7d2}\InProcServer32\,C:\Windows\SysWOW64\bitsprx6.dll
ST869VRJ,CurrentControlSet\Services\WdiSystemHost\Parameters\,REG_EXPAND_SZ,ServiceDll,NT AUTHORITY\SYSTEM,HKEY_LOCAL_MACHINE\SYSTEM\CurrentControlSet\Services\WdiSystemHost\Parameters\ServiceDll,%SystemRoot%\system32\wdi.dll
ST869VRJ,Classes\CLSID\{4E112792-FF8F-4f97-818B-2D7B9492F897}\InProcServer32,REG_SZ,,BUILTIN\Administrators,HKEY_LOCAL_MACHINE\Software\Classes\CLSID\{4E112792-FF8F-4f97-818B-2D7B9492F897}\InProcServer32\,C:\Program Files\McAfee\MPF\MpfSvc.dll
ST869VRJ,Classes\CLSID\{C529C7EF-A3AF-45F2-8A47-767B33AA5CC0}\InProcServer32,REG_EXPAND_SZ,,NT AUTHORITY\SYSTEM,HKEY_LOCAL_MACHINE\Software\Classes\CLSID\{C529C7EF-A3AF-45F2-8A47-767B33AA5CC0}\InProcServer32\,%SystemRoot%\system32\ndfapi.dll
ST869VRJ,Classes\CLSID\{823B8267-735C-477E-8151-0FA9ADC8AB3A}\InProcServer32,REG_EXPAND_SZ,,NT AUTHORITY\SYSTEM,HKEY_LOCAL_MACHINE\Software\Classes\CLSID\{823B8267-735C-477E-8151-0FA9ADC8AB3A}\InProcServer32\,%SystemRoot%\system32\shell32.dll
ST869VRJ,Classes\CLSID\{AF95DC76-16B2-47F4-B3EA-3C31796693E7}\InProcServer32,REG_EXPAND_SZ,,NT AUTHORITY\SYSTEM,HKEY_LOCAL_MACHINE\Software\Classes\CLSID\{AF95DC76-16B2-47F4-B3EA-3C31796693E7}\InProcServer32\,%SystemRoot%\system32\windowscodecs.dll
ST869VRJ,Classes\CLSID\{AF65E2EA-3739-4e57-9C5F-7F43C949CE5E}\InProcServer32,REG_EXPAND_SZ,,NT AUTHORITY\SYSTEM,HKEY_LOCAL_MACHINE\Software\Classes\CLSID\{AF65E2EA-3739-4e57-9C5F-7F43C949CE5E}\InProcServer32\,%SystemRoot%\system32\shell32.dll
ST869VRJ,CurrentControlSet\Services\DPS\Parameters\,REG_EXPAND_SZ,ServiceDll,NT AUTHORITY\SYSTEM,HKEY_LOCAL_MACHINE\SYSTEM\CurrentControlSet\Services\DPS\Parameters\ServiceDll,%SystemRoot%\system32\dps.dll
ST869VRJ,Wow6432Node\Microsoft\Windows NT\CurrentVersion\Drivers32\,REG_SZ,vidc.mrle,NT AUTHORITY\SYSTEM,HKEY_LOCAL_MACHINE\Software\Wow6432Node\Microsoft\Windows NT\CurrentVersion\Drivers32\vidc.mrle,msrle32.dll
ST869VRJ,CurrentControlSet\Services\mfesapsn\,REG_EXPAND_SZ,ImagePath,BUILTIN\Administrators,HKEY_LOCAL_MACHINE\SYSTEM\CurrentControlSet\Services\mfesapsn\ImagePath,\??\C:\Program Files\McAfee\WebAdvisor\mfesapsn.sys
ST869VRJ,Classes\CLSID\{777BA87C-2498-4875-933A-3067DE883070}\InProcServer32,REG_EXPAND_SZ,,NT AUTHORITY\SYSTEM,HKEY_LOCAL_MACHINE\Software\Classes\CLSID\{777BA87C-2498-4875-933A-3067DE883070}\InProcServer32\,%SystemRoot%\system32\xwizards.dll
ST869VRJ,Classes\CLSID\{645FF040-5081-101B-9F08-00AA002F954E}\InProcServer32,REG_EXPAND_SZ,,NT AUTHORITY\SYSTEM,HKEY_LOCAL_MACHINE\Software\Classes\CLSID\{645FF040-5081-101B-9F08-00AA002F954E}\InProcServer32\,%SystemRoot%\system32\shell32.dll
ST869VRJ,Classes\CLSID\{6E65CBC6-926D-11D0-8E27-00C04FC99DCF}\InProcServer32,REG_SZ,,NT AUTHORITY\SYSTEM,HKEY_LOCAL_MACHINE\Software\Classes\CLSID\{6E65CBC6-926D-11D0-8E27-00C04FC99DCF}\InProcServer32\,C:\Windows\System32\rascfg.dll
ST869VRJ,Classes\CLSID\{29B24532-6CE1-41BA-8BF0-F580EA174AF1}\InProcServer32,REG_SZ,,BUILTIN\Administrators,HKEY_LOCAL_MACHINE\Software\Classes\CLSID\{29B24532-6CE1-41BA-8BF0-F580EA174AF1}\InProcServer32\,C:\Program Files\McAfee\WebAdvisor\x64\IEPlugin.dll
ST869VRJ,Classes\CLSID\{E573236F-55B1-4EDA-81EA-9F65DB0290D3}\InProcServer32,REG_EXPAND_SZ,,NT AUTHORITY\SYSTEM,HKEY_LOCAL_MACHINE\Software\Classes\CLSID\{E573236F-55B1-4EDA-81EA-9F65DB0290D3}\InProcServer32\,%SystemRoot%\system32\windowscodecs.dll
ST869VRJ,Classes\CLSID\{68E3F2FD-31AE-4441-BB6A-FD7047525F90}\InProcServer32,REG_EXPAND_SZ,,NT AUTHORITY\SYSTEM,HKEY_LOCAL_MACHINE\Software\Classes\CLSID\{68E3F2FD-31AE-4441-BB6A-FD7047525F90}\InProcServer32\,%SystemRoot%\system32\windowscodecs.dll
ST869VRJ,Classes\CLSID\{3B1599F9-E00A-4BBF-AD3E-B3F99FA87779}\InProcServer32,REG_EXPAND_SZ,,NT AUTHORITY\SYSTEM,HKEY_LOCAL_MACHINE\Software\Classes\CLSID\{3B1599F9-E00A-4BBF-AD3E-B3F99FA87779}\InProcServer32\,%SystemRoot%\system32\shell32.dll
ST869VRJ,Classes\CLSID\{7c27a1a1-0da5-45ac-a3d2-4fe7cb7a40e8}\InProcServer32,REG_EXPAND_SZ,,NT AUTHORITY\SYSTEM,HKEY_LOCAL_MACHINE\Software\Classes\CLSID\{7c27a1a1-0da5-45ac-a3d2-4fe7cb7a40e8}\InProcServer32\,%SystemRoot%\system32\twinui.dll
ST869VRJ,Wow6432Node\Classes\CLSID\{10E2414A-EC59-49D2-BC51-5ADD2C36FEBC}\InProcServer32,REG_SZ,,NT AUTHORITY\SYSTEM,HKEY_LOCAL_MACHINE\Software\Wow6432Node\Classes\CLSID\{10E2414A-EC59-49D2-BC51-5ADD2C36FEBC}\InProcServer32\,C:\Windows\SysWOW64\dispex.dll
ST869VRJ,Classes\CLSID\{0CA2640D-5B9C-4c59-A5FB-2DA61A7437CF}\InProcServer32,REG_SZ,,NT AUTHORITY\SYSTEM,HKEY_LOCAL_MACHINE\Software\Classes\CLSID\{0CA2640D-5B9C-4c59-A5FB-2DA61A7437CF}\InProcServer32\,C:\Windows\System32\shell32.dll
ST869VRJ,Classes\CLSID\{5E6AB780-7743-11CF-A12B-00AA004AE837}\InProcServer32,REG_EXPAND_SZ,,NT AUTHORITY\SYSTEM,HKEY_LOCAL_MACHINE\Software\Classes\CLSID\{5E6AB780-7743-11CF-A12B-00AA004AE837}\InProcServer32\,%SystemRoot%\system32\explorerframe.dll
ST869VRJ,Classes\CLSID\{2C941FCE-975B-59BE-A960-9A2A262853A5}\InProcServer32,REG_SZ,,NT AUTHORITY\SYSTEM,HKEY_LOCAL_MACHINE\Software\Classes\CLSID\{2C941FCE-975B-59BE-A960-9A2A262853A5}\InProcServer32\,C:\Windows\System32\imapi2fs.dll
ST869VRJ,Classes\CLSID\{dd5cf606-9ea7-49e1-8e82-b789e4443b4f}\InProcServer32,REG_SZ,,NT AUTHORITY\SYSTEM,HKEY_LOCAL_MACHINE\Software\Classes\CLSID\{dd5cf606-9ea7-49e1-8e82-b789e4443b4f}\InProcServer32\,C:\Windows\System32\IME\IMEJP\Applets\imjpcac.dll
ST869VRJ,Classes\CLSID\{c04b329e-5823-4415-9c93-ba44688947b0}\InProcServer32,REG_EXPAND_SZ,,NT AUTHORITY\SYSTEM,HKEY_LOCAL_MACHINE\Software\Classes\CLSID\{c04b329e-5823-4415-9c93-ba44688947b0}\InProcServer32\,%SystemRoot%\system32\themeui.dll
ST869VRJ,Classes\CLSID\{E06A0DDD-E81A-4E93-8A8D-F386C3A1B670}\InProcServer32,REG_EXPAND_SZ,,NT AUTHORITY\SYSTEM,HKEY_LOCAL_MACHINE\Software\Classes\CLSID\{E06A0DDD-E81A-4E93-8A8D-F386C3A1B670}\InProcServer32\,%SystemRoot%\System32\MSWB7.dll
ST869VRJ,Classes\CLSID\{032EE239-DEB8-436E-9043-A2767D457274}\InProcServer32,REG_SZ,,NT AUTHORITY\SYSTEM,HKEY_LOCAL_MACHINE\Software\Classes\CLSID\{032EE239-DEB8-436E-9043-A2767D457274}\InProcServer32\,C:\Windows\System32\twinui.dll
ST869VRJ,Classes\CLSID\{30510483-98B5-11CF-BB82-00AA00BDCE0B}\InProcServer32,REG_SZ,,NT AUTHORITY\SYSTEM,HKEY_LOCAL_MACHINE\Software\Classes\CLSID\{30510483-98B5-11CF-BB82-00AA00BDCE0B}\InProcServer32\,C:\Windows\System32\mshtml.dll
ST869VRJ,Classes\CLSID\{fe5afcf2-e681-4ada-9703-ef39b8ecb9bf}\InProcServer32,REG_EXPAND_SZ,,NT AUTHORITY\SYSTEM,HKEY_LOCAL_MACHINE\Software\Classes\CLSID\{fe5afcf2-e681-4ada-9703-ef39b8ecb9bf}\InProcServer32\,%SystemRoot%\system32\shell32.dll
ST869VRJ,CurrentControlSet\Services\RasPppoe\,REG_EXPAND_SZ,ImagePath,NT AUTHORITY\SYSTEM,HKEY_LOCAL_MACHINE\SYSTEM\CurrentControlSet\Services\RasPppoe\ImagePath,\SystemRoot\System32\drivers\raspppoe.sys
ST869VRJ,Classes\CLSID\{4ac6c205-2853-4bf5-b47c-919a42a48a16}\InProcServer32,REG_EXPAND_SZ,,NT AUTHORITY\SYSTEM,HKEY_LOCAL_MACHINE\Software\Classes\CLSID\{4ac6c205-2853-4bf5-b47c-919a42a48a16}\InProcServer32\,%SystemRoot%\system32\shell32.dll
ST869VRJ,Classes\CLSID\{593FB605-4854-4965-B5A1-70AB54AB6475}\InProcServer32,REG_EXPAND_SZ,,NT AUTHORITY\SYSTEM,HKEY_LOCAL_MACHINE\Software\Classes\CLSID\{593FB605-4854-4965-B5A1-70AB54AB6475}\InProcServer32\,%SystemRoot%\System32\fontext.dll
ST869VRJ,CurrentControlSet\Services\USBSTOR\,REG_EXPAND_SZ,ImagePath,NT AUTHORITY\SYSTEM,HKEY_LOCAL_MACHINE\SYSTEM\CurrentControlSet\Services\USBSTOR\ImagePath,\SystemRoot\System32\drivers\USBSTOR.SYS
ST869VRJ,Classes\CLSID\{faeb54c4-f66f-4806-83a0-805299f5e3ad}\InProcServer32,REG_SZ,,NT AUTHORITY\SYSTEM,HKEY_LOCAL_MACHINE\Software\Classes\CLSID\{faeb54c4-f66f-4806-83a0-805299f5e3ad}\InProcServer32\,C:\Windows\System32\msfeeds.dll
ST869VRJ,Classes\CLSID\{F9EBBF2D-0C5D-4BF1-AE24-A30F7796D178}\InProcServer32,REG_EXPAND_SZ,,NT AUTHORITY\SYSTEM,HKEY_LOCAL_MACHINE\Software\Classes\CLSID\{F9EBBF2D-0C5D-4BF1-AE24-A30F7796D178}\InProcServer32\,%SystemRoot%\system32\SyncInfrastructurePS.dll
ST869VRJ,Classes\CLSID\{BBC035D1-E5A1-44F5-A166-E70DAED1CB02}\InProcServer32,REG_SZ,,NT AUTHORITY\SYSTEM,HKEY_LOCAL_MACHINE\Software\Classes\CLSID\{BBC035D1-E5A1-44F5-A166-E70DAED1CB02}\InProcServer32\,C:\Windows\System32\RADCUI.dll
ST869VRJ,Classes\CLSID\{25E609E1-B259-11CF-BFC7-444553540000}\InProcServer32,REG_SZ,,NT AUTHORITY\SYSTEM,HKEY_LOCAL_MACHINE\Software\Classes\CLSID\{25E609E1-B259-11CF-BFC7-444553540000}\InProcServer32\,C:\Windows\System32\dinput.dll
ST869VRJ,Classes\CLSID\{2735412B-7F64-5B0F-8F00-5D77AFBE261E}\InProcServer32,REG_SZ,,NT AUTHORITY\SYSTEM,HKEY_LOCAL_MACHINE\Software\Classes\CLSID\{2735412B-7F64-5B0F-8F00-5D77AFBE261E}\InProcServer32\,C:\Windows\System32\imapi2.dll
ST869VRJ,Classes\CLSID\{FD853CE2-7F86-11d0-8252-00C04FD85AB4}\InProcServer32,REG_SZ,,NT AUTHORITY\SYSTEM,HKEY_LOCAL_MACHINE\Software\Classes\CLSID\{FD853CE2-7F86-11d0-8252-00C04FD85AB4}\InProcServer32\,C:\Windows\System32\inetcomm.dll
ST869VRJ,Classes\CLSID\{06B32AEE-77DA-484B-973B-5D64F47201B0}\InProcServer32,REG_SZ,,NT AUTHORITY\SYSTEM,HKEY_LOCAL_MACHINE\Software\Classes\CLSID\{06B32AEE-77DA-484B-973B-5D64F47201B0}\InProcServer32\,C:\Windows\System32\quartz.dll
ST869VRJ,Classes\CLSID\{EF114C90-CD1D-484E-96E5-09CFAF912A21}\InProcServer32,REG_EXPAND_SZ,,NT AUTHORITY\SYSTEM,HKEY_LOCAL_MACHINE\Software\Classes\CLSID\{EF114C90-CD1D-484E-96E5-09CFAF912A21}\InProcServer32\,%SystemRoot%\System32\dsdmo.dll
ST869VRJ,Classes\CLSID\{3F4A4283-6A08-3E90-A976-2C2D3BE4EB0B}\InProcServer32,REG_SZ,,NT AUTHORITY\SYSTEM,HKEY_LOCAL_MACHINE\Software\Classes\CLSID\{3F4A4283-6A08-3E90-A976-2C2D3BE4EB0B}\InProcServer32\,C:\Windows\System32\mscoree.dll
ST869VRJ,Classes\CLSID\{77CA5A73-1D99-4E2A-8D16-D2D7D00E9A9B}\InProcServer32,REG_SZ,,NT AUTHORITY\SYSTEM,HKEY_LOCAL_MACHINE\Software\Classes\CLSID\{77CA5A73-1D99-4E2A-8D16-D2D7D00E9A9B}\InProcServer32\,C:\Windows\System32\DevicePairing.dll
ST869VRJ,Classes\CLSID\{860d36ee-748e-4b73-ae45-c33187e6f166}\InProcServer32,REG_SZ,,NT AUTHORITY\SYSTEM,HKEY_LOCAL_MACHINE\Software\Classes\CLSID\{860d36ee-748e-4b73-ae45-c33187e6f166}\InProcServer32\,C:\Windows\System32\IME\IMEJP\applets\imjpclst.dll
ST869VRJ,Classes\CLSID\{ec8f67f0-a2de-4868-98e6-eaad214bcdc6}\InProcServer32,REG_SZ,,NT AUTHORITY\SYSTEM,HKEY_LOCAL_MACHINE\Software\Classes\CLSID\{ec8f67f0-a2de-4868-98e6-eaad214bcdc6}\InProcServer32\,C:\Windows\System32\InputMethod\SHARED\ChxProxyDS.dll
ST869VRJ,Classes\CLSID\{98F275B4-4FFF-11E0-89E2-7B86DFD72085}\InProcServer32,REG_EXPAND_SZ,,NT AUTHORITY\SYSTEM,HKEY_LOCAL_MACHINE\Software\Classes\CLSID\{98F275B4-4FFF-11E0-89E2-7B86DFD72085}\InProcServer32\,%SystemRoot%\system32\SearchFolder.dll
ST869VRJ,Classes\CLSID\{00020421-0000-0000-C000-000000000046}\InProcServer32,REG_SZ,,NT AUTHORITY\SYSTEM,HKEY_LOCAL_MACHINE\Software\Classes\CLSID\{00020421-0000-0000-C000-000000000046}\InProcServer32\,C:\Windows\System32\oleaut32.dll
ST869VRJ,Classes\CLSID\{B832674A-F36F-4780-AE4C-1566AAE3A4F4}\InProcServer32,REG_EXPAND_SZ,,NT AUTHORITY\SYSTEM,HKEY_LOCAL_MACHINE\Software\Classes\CLSID\{B832674A-F36F-4780-AE4C-1566AAE3A4F4}\InProcServer32\,%SystemRoot%\System32\oobe\msoobeplugins.dll
ST869VRJ,CurrentControlSet\Services\HyperVideo\,REG_EXPAND_SZ,ImagePath,NT AUTHORITY\SYSTEM,HKEY_LOCAL_MACHINE\SYSTEM\CurrentControlSet\Services\HyperVideo\ImagePath,\SystemRoot\system32\DRIVERS\HyperVideo.sys
ST869VRJ,Classes\CLSID\{d26c7a0a-83a0-48d3-9174-529db999b4a4}\InProcServer32,REG_SZ,,NT AUTHORITY\SYSTEM,HKEY_LOCAL_MACHINE\Software\Classes\CLSID\{d26c7a0a-83a0-48d3-9174-529db999b4a4}\InProcServer32\,C:\Windows\System32\IME\shared\imjkapi.dll
ST869VRJ,Classes\CLSID\{E10A508F-1699-40ba-A0DD-9DEB2D4DCAC3}\InProcServer32,REG_SZ,,NT AUTHORITY\SYSTEM,HKEY_LOCAL_MACHINE\Software\Classes\CLSID\{E10A508F-1699-40ba-A0DD-9DEB2D4DCAC3}\InProcServer32\,C:\Windows\System32\catsrvut.dll
ST869VRJ,Classes\CLSID\{C3C39131-B182-4801-B437-6D1E65B72F57}\InProcServer32,REG_EXPAND_SZ,,NT AUTHORITY\SYSTEM,HKEY_LOCAL_MACHINE\Software\Classes\CLSID\{C3C39131-B182-4801-B437-6D1E65B72F57}\InProcServer32\,%SystemRoot%\System32\shacct.dll
ST869VRJ,Classes\CLSID\{19204EDD-187C-40B7-ADA4-79772BD10FB2}\InProcServer32,REG_EXPAND_SZ,,NT AUTHORITY\SYSTEM,HKEY_LOCAL_MACHINE\Software\Classes\CLSID\{19204EDD-187C-40B7-ADA4-79772BD10FB2}\InProcServer32\,%SystemRoot%\System32\Windows.Devices.SmartCards.dll
ST869VRJ,Classes\CLSID\{36C29AB6-FF73-4f74-A2D1-C5C09B54E5C9}\InProcServer32,REG_SZ,,BUILTIN\Administrators,HKEY_LOCAL_MACHINE\Software\Classes\CLSID\{36C29AB6-FF73-4f74-A2D1-C5C09B54E5C9}\InProcServer32\,c:\PROGRA~1\COMMON~1\mcafee\HACKER~1\hwapi.dll
ST869VRJ,CurrentControlSet\Services\napagent\Parameters\,REG_EXPAND_SZ,ServiceDLL,NT AUTHORITY\SYSTEM,HKEY_LOCAL_MACHINE\SYSTEM\CurrentControlSet\Services\napagent\Parameters\ServiceDLL,%SystemRoot%\system32\qagentRT.dll
ST869VRJ,Classes\CLSID\{FC47060E-6153-4B34-B975-8E4121EB7F3C}\InProcServer32,REG_EXPAND_SZ,,NT AUTHORITY\SYSTEM,HKEY_LOCAL_MACHINE\Software\Classes\CLSID\{FC47060E-6153-4B34-B975-8E4121EB7F3C}\InProcServer32\,%SystemRoot%\system32\dpnet.dll
ST869VRJ,Classes\CLSID\{C9A14CDA-C339-460B-9078-D4DEBCFABE91}\InProcServer32,REG_EXPAND_SZ,,NT AUTHORITY\SYSTEM,HKEY_LOCAL_MACHINE\Software\Classes\CLSID\{C9A14CDA-C339-460B-9078-D4DEBCFABE91}\InProcServer32\,%SystemRoot%\system32\windowscodecs.dll
ST869VRJ,Classes\CLSID\{8F914656-9D0A-4EB2-9019-0BF96D8A9EE6}\InProcServer32,REG_EXPAND_SZ,,NT AUTHORITY\SYSTEM,HKEY_LOCAL_MACHINE\Software\Classes\CLSID\{8F914656-9D0A-4EB2-9019-0BF96D8A9EE6}\InProcServer32\,%SystemRoot%\system32\windowscodecs.dll
ST869VRJ,Classes\CLSID\{A896FD50-87BE-449A-9149-D10BA1FAAEE2}\InProcServer32,REG_EXPAND_SZ,,NT AUTHORITY\SYSTEM,HKEY_LOCAL_MACHINE\Software\Classes\CLSID\{A896FD50-87BE-449A-9149-D10BA1FAAEE2}\InProcServer32\,%SystemRoot%\system32\twinui.dll
ST869VRJ,Classes\CLSID\{F4D36777-EAED-4cc5-9FE7-827BE5190B20}\InProcServer32,REG_SZ,,NT AUTHORITY\SYSTEM,HKEY_LOCAL_MACHINE\Software\Classes\CLSID\{F4D36777-EAED-4cc5-9FE7-827BE5190B20}\InProcServer32\,C:\Windows\System32\msfeeds.dll
ST869VRJ,Classes\CLSID\{5A40054F-2EBB-41bd-8A94-38C91AAFBC43}\InProcServer32,REG_SZ,,BUILTIN\Administrators,HKEY_LOCAL_MACHINE\Software\Classes\CLSID\{5A40054F-2EBB-41bd-8A94-38C91AAFBC43}\InProcServer32\,c:\PROGRA~1\mcafee\msc\mcdbmgr.dll
ST869VRJ,Classes\CLSID\{59099400-57FF-11CE-BD94-0020AF85B590}\InProcServer32,REG_EXPAND_SZ,,NT AUTHORITY\SYSTEM,HKEY_LOCAL_MACHINE\Software\Classes\CLSID\{59099400-57FF-11CE-BD94-0020AF85B590}\InProcServer32\,%SystemRoot%\system32\diskcopy.dll
ST869VRJ,Classes\CLSID\{2d3468c1-36a7-43b6-ac24-d3f02fd9607a}\InProcServer32,REG_EXPAND_SZ,,NT AUTHORITY\SYSTEM,HKEY_LOCAL_MACHINE\Software\Classes\CLSID\{2d3468c1-36a7-43b6-ac24-d3f02fd9607a}\InProcServer32\,%SystemRoot%\system32\shell32.dll
ST869VRJ,Classes\CLSID\{659CDEAD-489E-11D9-A9CD-000D56965251}\InProcServer32,REG_SZ,,NT AUTHORITY\SYSTEM,HKEY_LOCAL_MACHINE\Software\Classes\CLSID\{659CDEAD-489E-11D9-A9CD-000D56965251}\InProcServer32\,C:\Windows\System32\bitsprx5.dll
ST869VRJ,Classes\CLSID\{91591469-EFEF-3D63-90F9-88520F0AA1EF}\InProcServer32,REG_SZ,,NT AUTHORITY\SYSTEM,HKEY_LOCAL_MACHINE\Software\Classes\CLSID\{91591469-EFEF-3D63-90F9-88520F0AA1EF}\InProcServer32\,C:\Windows\System32\mscoree.dll
ST869VRJ,Classes\CLSID\{58D052BC-A3DF-3508-AC95-FF297BDC9F0C}\InProcServer32,REG_SZ,,NT AUTHORITY\SYSTEM,HKEY_LOCAL_MACHINE\Software\Classes\CLSID\{58D052BC-A3DF-3508-AC95-FF297BDC9F0C}\InProcServer32\,C:\Windows\System32\mscoree.dll
ST869VRJ,Classes\CLSID\{112BC2E7-9EF9-3648-AF9E-45C0D4B89929}\InProcServer32,REG_SZ,,NT AUTHORITY\SYSTEM,HKEY_LOCAL_MACHINE\Software\Classes\CLSID\{112BC2E7-9EF9-3648-AF9E-45C0D4B89929}\InProcServer32\,C:\Windows\System32\mscoree.dll
ST869VRJ,Classes\CLSID\{C498F2D9-A77C-3D4B-A1A5-12CC7B99115D}\InProcServer32,REG_SZ,,NT AUTHORITY\SYSTEM,HKEY_LOCAL_MACHINE\Software\Classes\CLSID\{C498F2D9-A77C-3D4B-A1A5-12CC7B99115D}\InProcServer32\,C:\Windows\System32\mscoree.dll
ST869VRJ,Classes\CLSID\{44181B13-AE94-3CFB-81D1-37DB59145030}\InProcServer32,REG_SZ,,NT AUTHORITY\SYSTEM,HKEY_LOCAL_MACHINE\Software\Classes\CLSID\{44181B13-AE94-3CFB-81D1-37DB59145030}\InProcServer32\,C:\Windows\System32\mscoree.dll
ST869VRJ,Classes\CLSID\{80CB8C11-0E10-45F4-A1BA-EAD3838D7034}\InProcServer32,REG_EXPAND_SZ,,NT AUTHORITY\SYSTEM,HKEY_LOCAL_MACHINE\Software\Classes\CLSID\{80CB8C11-0E10-45F4-A1BA-EAD3838D7034}\InProcServer32\,%SystemRoot%\System32\vdsvd.dll
ST869VRJ,Classes\CLSID\{BDF9E8B8-6C66-4E45-BA15-E050393DD079}\InProcServer32,REG_EXPAND_SZ,,NT AUTHORITY\SYSTEM,HKEY_LOCAL_MACHINE\Software\Classes\CLSID\{BDF9E8B8-6C66-4E45-BA15-E050393DD079}\InProcServer32\,%SystemRoot%\system32\tscfgwmi.dll
ST869VRJ,Classes\CLSID\{165D4642-1278-4486-A3FD-439F5888FCA3}\InProcServer32,REG_SZ,,NT AUTHORITY\SYSTEM,HKEY_LOCAL_MACHINE\Software\Classes\CLSID\{165D4642-1278-4486-A3FD-439F5888FCA3}\InProcServer32\,C:\Windows\System32\tsworkspace.dll
ST869VRJ,Classes\CLSID\{2559a1f5-21d7-11d4-bdaf-00c04f60b9f0}\InProcServer32,REG_EXPAND_SZ,,NT AUTHORITY\SYSTEM,HKEY_LOCAL_MACHINE\Software\Classes\CLSID\{2559a1f5-21d7-11d4-bdaf-00c04f60b9f0}\InProcServer32\,%SystemRoot%\System32\shell32.dll
ST869VRJ,Classes\CLSID\{7AE7416D-AD97-4A4B-B5AC-B3CA7865AFBE}\InProcServer32,REG_EXPAND_SZ,,NT AUTHORITY\SYSTEM,HKEY_LOCAL_MACHINE\Software\Classes\CLSID\{7AE7416D-AD97-4A4B-B5AC-B3CA7865AFBE}\InProcServer32\,%SystemRoot%\System32\NaturalLanguage6.dll
ST869VRJ,Classes\CLSID\{ADE27590-4C84-4ABB-AE56-8233CC73D80F}\InProcServer32,REG_SZ,,NT AUTHORITY\SYSTEM,HKEY_LOCAL_MACHINE\Software\Classes\CLSID\{ADE27590-4C84-4ABB-AE56-8233CC73D80F}\InProcServer32\,C:\Windows\System32\MrmCoreR.dll
ST869VRJ,Classes\CLSID\{DFE49CFE-CD09-11D2-9643-00C04f79ADF0}\InProcServer32,REG_EXPAND_SZ,,NT AUTHORITY\SYSTEM,HKEY_LOCAL_MACHINE\Software\Classes\CLSID\{DFE49CFE-CD09-11D2-9643-00C04f79ADF0}\InProcServer32\,%SystemRoot%\system32\cabview.dll
ST869VRJ,Classes\CLSID\{E66D03F6-C1CF-4D8C-997C-FAE8763375F6}\InProcServer32,REG_SZ,,BUILTIN\Administrators,HKEY_LOCAL_MACHINE\Software\Classes\CLSID\{E66D03F6-C1CF-4D8C-997C-FAE8763375F6}\InProcServer32\,c:\PROGRA~1\COMMON~1\mcafee\platform\mcdspwrp.dll
ST869VRJ,Classes\CLSID\{1AB78400-B5A3-4D91-8ACE-33FCD1499BE6}\InProcServer32,REG_EXPAND_SZ,,NT AUTHORITY\SYSTEM,HKEY_LOCAL_MACHINE\Software\Classes\CLSID\{1AB78400-B5A3-4D91-8ACE-33FCD1499BE6}\InProcServer32\,%SystemRoot%\system32\windowscodecs.dll
ST869VRJ,Classes\CLSID\{1D09B407-A97F-378A-ACCB-82CA0082F9F3}\InProcServer32,REG_SZ,,NT AUTHORITY\SYSTEM,HKEY_LOCAL_MACHINE\Software\Classes\CLSID\{1D09B407-A97F-378A-ACCB-82CA0082F9F3}\InProcServer32\,C:\Windows\System32\mscoree.dll
ST869VRJ,Classes\CLSID\{EC5F8EE1-A52B-4841-85C2-362990D50919}\InProcServer32,REG_SZ,,BUILTIN\Administrators,HKEY_LOCAL_MACHINE\Software\Classes\CLSID\{EC5F8EE1-A52B-4841-85C2-362990D50919}\InProcServer32\,c:\PROGRA~1\mcafee\msc\mcgsshm.dll
ST869VRJ,Classes\CLSID\{A9C6B8DD-3CBB-44CB-AA44-4B1C0DBB404D}\InProcServer32,REG_EXPAND_SZ,,NT AUTHORITY\SYSTEM,HKEY_LOCAL_MACHINE\Software\Classes\CLSID\{A9C6B8DD-3CBB-44CB-AA44-4B1C0DBB404D}\InProcServer32\,%SystemRoot%\System32\NaturalLanguage6.dll
ST869VRJ,Classes\CLSID\{EE0BDDFA-8373-4cc4-85D8-0618E453187C}\InProcServer32,REG_SZ,,NT AUTHORITY\SYSTEM,HKEY_LOCAL_MACHINE\Software\Classes\CLSID\{EE0BDDFA-8373-4cc4-85D8-0618E453187C}\InProcServer32\,C:\Windows\System32\ieframe.dll
ST869VRJ,CurrentControlSet\Services\iScsiPrt\,REG_EXPAND_SZ,ImagePath,NT AUTHORITY\SYSTEM,HKEY_LOCAL_MACHINE\SYSTEM\CurrentControlSet\Services\iScsiPrt\ImagePath,\SystemRoot\System32\drivers\msiscsi.sys
ST869VRJ,Classes\CLSID\{56198675-BD59-3B10-8346-583781462CEF}\InProcServer32,REG_SZ,,NT AUTHORITY\SYSTEM,HKEY_LOCAL_MACHINE\Software\Classes\CLSID\{56198675-BD59-3B10-8346-583781462CEF}\InProcServer32\,C:\Windows\System32\mscoree.dll
ST869VRJ,Microsoft\Windows NT\CurrentVersion\Image File Execution Options\DllNXOptions\,REG_DWORD,Vegas60k.dll,NT AUTHORITY\SYSTEM,HKEY_LOCAL_MACHINE\Software\Microsoft\Windows NT\CurrentVersion\Image File Execution Options\DllNXOptions\Vegas60k.dll,1
ST869VRJ,Classes\CLSID\{ca767aa8-9157-4604-b64b-40747123d5f2}\InProcServer32,REG_EXPAND_SZ,,NT AUTHORITY\SYSTEM,HKEY_LOCAL_MACHINE\Software\Classes\CLSID\{ca767aa8-9157-4604-b64b-40747123d5f2}\InProcServer32\,%SystemRoot%\System32\regidle.dll
ST869VRJ,Classes\CLSID\{A37B2DFB-4204-4476-B1D9-29413836093D}\InProcServer32,REG_EXPAND_SZ,,NT AUTHORITY\SYSTEM,HKEY_LOCAL_MACHINE\Software\Classes\CLSID\{A37B2DFB-4204-4476-B1D9-29413836093D}\InProcServer32\,%SystemRoot%\system32\usercpl.dll
ST869VRJ,Classes\CLSID\{EFCA3D92-DFD8-4672-A603-7420894BAD98}\InProcServer32,REG_EXPAND_SZ,,NT AUTHORITY\SYSTEM,HKEY_LOCAL_MACHINE\Software\Classes\CLSID\{EFCA3D92-DFD8-4672-A603-7420894BAD98}\InProcServer32\,%SystemRoot%\System32\dsdmo.dll
ST869VRJ,Classes\CLSID\{EE366069-1832-420F-B381-0479AD066F19}\InProcServer32,REG_EXPAND_SZ,,NT AUTHORITY\SYSTEM,HKEY_LOCAL_MACHINE\Software\Classes\CLSID\{EE366069-1832-420F-B381-0479AD066F19}\InProcServer32\,%SystemRoot%\system32\windowscodecs.dll
ST869VRJ,Classes\CLSID\{8A3E2E1E-A40B-4650-9FB4-30072A68E661}\InProcServer32,REG_EXPAND_SZ,,NT AUTHORITY\SYSTEM,HKEY_LOCAL_MACHINE\Software\Classes\CLSID\{8A3E2E1E-A40B-4650-9FB4-30072A68E661}\InProcServer32\,%SystemRoot%\System32\StructuredQuery.dll
ST869VRJ,Classes\CLSID\{D8736336-1BE6-4B07-82ED-76995CE281DE}\InProcServer32,REG_SZ,,BUILTIN\Administrators,HKEY_LOCAL_MACHINE\Software\Classes\CLSID\{D8736336-1BE6-4B07-82ED-76995CE281DE}\InProcServer32\,c:\PROGRA~1\COMMON~1\mcafee\platform\mcdspwrp.dll
ST869VRJ,Classes\CLSID\{3D0C78BF-98BF-4B97-835E-E4269F8E038D}\InProcServer32,REG_SZ,,NT AUTHORITY\SYSTEM,HKEY_LOCAL_MACHINE\Software\Classes\CLSID\{3D0C78BF-98BF-4B97-835E-E4269F8E038D}\InProcServer32\,C:\Windows\System32\TSWorkspace.dll
ST869VRJ,Classes\CLSID\{75048700-EF1F-11D0-9888-006097DEACF9}\InProcServer32,REG_EXPAND_SZ,,NT AUTHORITY\SYSTEM,HKEY_LOCAL_MACHINE\Software\Classes\CLSID\{75048700-EF1F-11D0-9888-006097DEACF9}\InProcServer32\,%SystemRoot%\system32\shell32.dll
ST869VRJ,Classes\CLSID\{E7E4BC40-E76A-11CE-A9BB-00AA004AE837}\InProcServer32,REG_SZ,,NT AUTHORITY\SYSTEM,HKEY_LOCAL_MACHINE\Software\Classes\CLSID\{E7E4BC40-E76A-11CE-A9BB-00AA004AE837}\InProcServer32\,C:\Windows\System32\ieframe.dll
ST869VRJ,Classes\CLSID\{D8013FF1-730B-45E2-BA24-874B7242C425}\InProcServer32,REG_SZ,,NT AUTHORITY\SYSTEM,HKEY_LOCAL_MACHINE\Software\Classes\CLSID\{D8013FF1-730B-45E2-BA24-874B7242C425}\InProcServer32\,C:\Windows\System32\mscoree.dll
ST869VRJ,Classes\CLSID\{1f486a52-3cb1-48fd-8f50-b8dc300d9f9d}\InProcServer32,REG_EXPAND_SZ,,NT AUTHORITY\SYSTEM,HKEY_LOCAL_MACHINE\Software\Classes\CLSID\{1f486a52-3cb1-48fd-8f50-b8dc300d9f9d}\InProcServer32\,%SystemRoot%\system32\propsys.dll
ST869VRJ,Classes\CLSID\{4D111E08-CBF7-4f12-A926-2C7920AF52FC}\InProcServer32,REG_EXPAND_SZ,,NT AUTHORITY\SYSTEM,HKEY_LOCAL_MACHINE\Software\Classes\CLSID\{4D111E08-CBF7-4f12-A926-2C7920AF52FC}\InProcServer32\,%SystemRoot%\System32\shell32.dll
ST869VRJ,Classes\CLSID\{B9F8AC3E-0F71-11D2-B72C-00C04FB6BD3D}\InProcServer32,REG_SZ,,NT AUTHORITY\SYSTEM,HKEY_LOCAL_MACHINE\Software\Classes\CLSID\{B9F8AC3E-0F71-11D2-B72C-00C04FB6BD3D}\InProcServer32\,C:\Windows\System32\ksproxy.ax
ST869VRJ,Classes\CLSID\{48025243-2D39-11CE-875D-00608CB78066}\InProcServer32,REG_SZ,,NT AUTHORITY\SYSTEM,HKEY_LOCAL_MACHINE\Software\Classes\CLSID\{48025243-2D39-11CE-875D-00608CB78066}\InProcServer32\,C:\Windows\System32\quartz.dll
ST869VRJ,Classes\CLSID\{A1B9E04A-3226-11D2-883E-00104B2AFB46}\InProcServer32,REG_EXPAND_SZ,,NT AUTHORITY\SYSTEM,HKEY_LOCAL_MACHINE\Software\Classes\CLSID\{A1B9E04A-3226-11D2-883E-00104B2AFB46}\InProcServer32\,%SystemRoot%\system32\wbem\servdeps.dll
ST869VRJ,Classes\CLSID\{D772327B-027D-48BE-AD01-9FD96388255F}\InProcServer32,REG_EXPAND_SZ,,NT AUTHORITY\SYSTEM,HKEY_LOCAL_MACHINE\Software\Classes\CLSID\{D772327B-027D-48BE-AD01-9FD96388255F}\InProcServer32\,%SystemRoot%\System32\oobe\msoobeplugins.dll
ST869VRJ,Classes\CLSID\{D5ED6B03-EDA3-4cbc-9FF1-60182438C8F6}\InProcServer32,REG_EXPAND_SZ,,NT AUTHORITY\SYSTEM,HKEY_LOCAL_MACHINE\Software\Classes\CLSID\{D5ED6B03-EDA3-4cbc-9FF1-60182438C8F6}\InProcServer32\,%SystemRoot%\System32\WSDPrintProxy.dll
ST869VRJ,Classes\CLSID\{F1ED7D4C-F863-4de6-A1CA-7253EFDEE1F3}\InProcServer32,REG_SZ,,NT AUTHORITY\SYSTEM,HKEY_LOCAL_MACHINE\Software\Classes\CLSID\{F1ED7D4C-F863-4de6-A1CA-7253EFDEE1F3}\InProcServer32\,C:\Windows\System32\AppIdPolicyEngineApi.dll
ST869VRJ,Wow6432Node\Classes\CLSID\{443C8934-90FF-48ED-BCDE-26F5C7450042}\InProcServer32,REG_SZ,,NT AUTHORITY\SYSTEM,HKEY_LOCAL_MACHINE\Software\Wow6432Node\Classes\CLSID\{443C8934-90FF-48ED-BCDE-26F5C7450042}\InProcServer32\,C:\Windows\SysWOW64\bitsprx3.dll
ST869VRJ,Classes\CLSID\{d69e0717-dd4b-4b25-997a-da813833b8ac}\InProcServer32,REG_EXPAND_SZ,,NT AUTHORITY\SYSTEM,HKEY_LOCAL_MACHINE\Software\Classes\CLSID\{d69e0717-dd4b-4b25-997a-da813833b8ac}\InProcServer32\,%SystemRoot%\System32\AUDIOENG.dll
ST869VRJ,Classes\CLSID\{E0393303-90D4-4A97-AB71-E9B671EE2729}\InProcServer32,REG_EXPAND_SZ,,NT AUTHORITY\SYSTEM,HKEY_LOCAL_MACHINE\Software\Classes\CLSID\{E0393303-90D4-4A97-AB71-E9B671EE2729}\InProcServer32\,%SystemRoot%\System32\vds_ps.dll
ST869VRJ,CurrentControlSet\Services\ws2ifsl\,REG_EXPAND_SZ,ImagePath,NT AUTHORITY\SYSTEM,HKEY_LOCAL_MACHINE\SYSTEM\CurrentControlSet\Services\ws2ifsl\ImagePath,\SystemRoot\system32\drivers\ws2ifsl.sys
ST869VRJ,Classes\CLSID\{F89E9E58-BD2F-4008-9AC2-0F816C09F4EE}\InProcServer32,REG_EXPAND_SZ,,NT AUTHORITY\SYSTEM,HKEY_LOCAL_MACHINE\Software\Classes\CLSID\{F89E9E58-BD2F-4008-9AC2-0F816C09F4EE}\InProcServer32\,%SystemRoot%\system32\softkbd.dll
ST869VRJ,Classes\CLSID\{6BC096B1-0CE6-11D1-BAAE-00C04FC2E20D}\InProcServer32,REG_EXPAND_SZ,,NT AUTHORITY\SYSTEM,HKEY_LOCAL_MACHINE\Software\Classes\CLSID\{6BC096B1-0CE6-11D1-BAAE-00C04FC2E20D}\InProcServer32\,%SystemRoot%\System32\iaspolcy.dll
ST869VRJ,Classes\CLSID\{8bf9a910-a8ff-457f-999f-a5ca10b4a885}\InProcServer32,REG_EXPAND_SZ,,NT AUTHORITY\SYSTEM,HKEY_LOCAL_MACHINE\Software\Classes\CLSID\{8bf9a910-a8ff-457f-999f-a5ca10b4a885}\InProcServer32\,%SystemRoot%\system32\SmartcardCredentialProvider.dll
ST869VRJ,Classes\CLSID\{14D4CBD9-7490-4F25-BAA6-1C5E22F6B1E3}\InProcServer32,REG_SZ,,NT AUTHORITY\SYSTEM,HKEY_LOCAL_MACHINE\Software\Classes\CLSID\{14D4CBD9-7490-4F25-BAA6-1C5E22F6B1E3}\InProcServer32\,C:\Windows\Microsoft.NET\Framework64\v3.0\WPF\PenIMC.dll
ST869VRJ,Classes\CLSID\{1B544C20-FD0B-11CE-8C63-00AA0044B51E}\InProcServer32,REG_SZ,,NT AUTHORITY\SYSTEM,HKEY_LOCAL_MACHINE\Software\Classes\CLSID\{1B544C20-FD0B-11CE-8C63-00AA0044B51E}\InProcServer32\,C:\Windows\System32\quartz.dll
ST869VRJ,Wow6432Node\Classes\CLSID\{d2e86c4f-ea06-4a89-bf00-b49706db46e6}\InProcServer32,REG_SZ,,NT AUTHORITY\SYSTEM,HKEY_LOCAL_MACHINE\Software\Wow6432Node\Classes\CLSID\{d2e86c4f-ea06-4a89-bf00-b49706db46e6}\InProcServer32\,C:\Windows\SysWOW64\DDORes.dll
ST869VRJ,Wow6432Node\Classes\CLSID\{a1e2b86b-924a-4d43-80f6-8a820df7190f}\InProcServer32,REG_SZ,,NT AUTHORITY\SYSTEM,HKEY_LOCAL_MACHINE\Software\Wow6432Node\Classes\CLSID\{a1e2b86b-924a-4d43-80f6-8a820df7190f}\InProcServer32\,C:\Windows\SysWOW64\IME\IMEKR\imkrotip.dll
ST869VRJ,Classes\CLSID\{F1171280-BC35-45d1-8F53-8AB833267899}\InProcServer32,REG_EXPAND_SZ,,NT AUTHORITY\SYSTEM,HKEY_LOCAL_MACHINE\Software\Classes\CLSID\{F1171280-BC35-45d1-8F53-8AB833267899}\InProcServer32\,%SystemRoot%\system32\dnshc.dll
ST869VRJ,Classes\CLSID\{C9F0A842-3CE1-338F-A1D4-6D7BB397BDAA}\InProcServer32,REG_SZ,,NT AUTHORITY\SYSTEM,HKEY_LOCAL_MACHINE\Software\Classes\CLSID\{C9F0A842-3CE1-338F-A1D4-6D7BB397BDAA}\InProcServer32\,C:\Windows\System32\mscoree.dll
ST869VRJ,Wow6432Node\Classes\CLSID\{21D6D48E-A88B-11D0-83DD-00AA003CCABD}\InProcServer32,REG_SZ,,NT AUTHORITY\SYSTEM,HKEY_LOCAL_MACHINE\Software\Wow6432Node\Classes\CLSID\{21D6D48E-A88B-11D0-83DD-00AA003CCABD}\InProcServer32\,C:\Windows\SysWOW64\tapi3.dll
ST869VRJ,Classes\CLSID\{18907f3b-9afb-4f87-b764-f9a4e16a21b8}\InProcServer32,REG_EXPAND_SZ,,NT AUTHORITY\SYSTEM,HKEY_LOCAL_MACHINE\Software\Classes\CLSID\{18907f3b-9afb-4f87-b764-f9a4e16a21b8}\InProcServer32\,%SystemRoot%\system32\SearchFolder.dll
ST869VRJ,Classes\CLSID\{334857cc-f934-11d2-ba96-00c04fb6d0d1}\InProcServer32,REG_EXPAND_SZ,,NT AUTHORITY\SYSTEM,HKEY_LOCAL_MACHINE\Software\Classes\CLSID\{334857cc-f934-11d2-ba96-00c04fb6d0d1}\InProcServer32\,%SystemRoot%\system32\activeds.dll
ST869VRJ,Classes\CLSID\{02E6EC4C-96E4-42E8-B533-336916A0087D}\InProcServer32,REG_EXPAND_SZ,,NT AUTHORITY\SYSTEM,HKEY_LOCAL_MACHINE\Software\Classes\CLSID\{02E6EC4C-96E4-42E8-B533-336916A0087D}\InProcServer32\,%SystemRoot%\system32\lsmproxy.dll
ST869VRJ,Classes\CLSID\{390E92C9-FA66-3357-BEF2-45A1F34186B9}\InProcServer32,REG_SZ,,NT AUTHORITY\SYSTEM,HKEY_LOCAL_MACHINE\Software\Classes\CLSID\{390E92C9-FA66-3357-BEF2-45A1F34186B9}\InProcServer32\,C:\Windows\System32\mscoree.dll
ST869VRJ,Classes\CLSID\{30590067-98b5-11cf-bb82-00aa00bdce0b}\InProcServer32,REG_SZ,,NT AUTHORITY\SYSTEM,HKEY_LOCAL_MACHINE\Software\Classes\CLSID\{30590067-98b5-11cf-bb82-00aa00bdce0b}\InProcServer32\,C:\Windows\System32\mshtml.dll
ST869VRJ,Classes\CLSID\{7f8e7858-c362-4c0a-b868-4cdd929da715}\InProcServer32,REG_EXPAND_SZ,,NT AUTHORITY\SYSTEM,HKEY_LOCAL_MACHINE\Software\Classes\CLSID\{7f8e7858-c362-4c0a-b868-4cdd929da715}\InProcServer32\,%SystemRoot%\system32\authui.dll
ST869VRJ,Classes\CLSID\{53C74826-AB99-4d33-ACA4-3117F51D3788}\InProcServer32,REG_EXPAND_SZ,,NT AUTHORITY\SYSTEM,HKEY_LOCAL_MACHINE\Software\Classes\CLSID\{53C74826-AB99-4d33-ACA4-3117F51D3788}\InProcServer32\,%SystemRoot%\system32\shell32.dll
ST869VRJ,CurrentControlSet\Services\AppID\,REG_EXPAND_SZ,ImagePath,NT AUTHORITY\SYSTEM,HKEY_LOCAL_MACHINE\SYSTEM\CurrentControlSet\Services\AppID\ImagePath,\SystemRoot\system32\drivers\appid.sys
ST869VRJ,Classes\CLSID\{E7D574D5-2E51-3400-9FB6-A058F2D5B8AB}\InProcServer32,REG_SZ,,NT AUTHORITY\SYSTEM,HKEY_LOCAL_MACHINE\Software\Classes\CLSID\{E7D574D5-2E51-3400-9FB6-A058F2D5B8AB}\InProcServer32\,C:\Windows\System32\mscoree.dll
ST869VRJ,Classes\CLSID\{FF302BD3-3DC6-4680-9384-621A7FF574F4}\InProcServer32,REG_EXPAND_SZ,,NT AUTHORITY\SYSTEM,HKEY_LOCAL_MACHINE\Software\Classes\CLSID\{FF302BD3-3DC6-4680-9384-621A7FF574F4}\InProcServer32\,%SystemRoot%\system32\Windows.UI.Search.dll
ST869VRJ,Microsoft\Windows NT\CurrentVersion\Image File Execution Options\DllNXOptions\,REG_DWORD,DRMINST.dll,NT AUTHORITY\SYSTEM,HKEY_LOCAL_MACHINE\Software\Microsoft\Windows NT\CurrentVersion\Image File Execution Options\DllNXOptions\DRMINST.dll,1
ST869VRJ,Classes\CLSID\{49f171dd-b51a-40d3-9a6c-52d674cc729d}\InProcServer32,REG_SZ,,NT AUTHORITY\SYSTEM,HKEY_LOCAL_MACHINE\Software\Classes\CLSID\{49f171dd-b51a-40d3-9a6c-52d674cc729d}\InProcServer32\,C:\Windows\System32\uiautomationcore.dll
ST869VRJ,Classes\CLSID\{91F672A3-6B82-3E04-B2D7-BAC5D6676609}\InProcServer32,REG_SZ,,NT AUTHORITY\SYSTEM,HKEY_LOCAL_MACHINE\Software\Classes\CLSID\{91F672A3-6B82-3E04-B2D7-BAC5D6676609}\InProcServer32\,C:\Windows\System32\mscoree.dll
ST869VRJ,Classes\CLSID\{07AA0886-CC8D-4e19-A410-1C75AF686E62}\InProcServer32,REG_SZ,,NT AUTHORITY\SYSTEM,HKEY_LOCAL_MACHINE\Software\Classes\CLSID\{07AA0886-CC8D-4e19-A410-1C75AF686E62}\InProcServer32\,C:\Windows\System32\l2nacp.dll
ST869VRJ,Classes\CLSID\{937847E7-C78A-4834-9CE8-5F3EC99BD604}\InProcServer32,REG_EXPAND_SZ,,NT AUTHORITY\SYSTEM,HKEY_LOCAL_MACHINE\Software\Classes\CLSID\{937847E7-C78A-4834-9CE8-5F3EC99BD604}\InProcServer32\,%SystemRoot%\system32\AuthExt.dll
ST869VRJ,Classes\CLSID\{8FA0D5A8-DEDF-11D0-9A61-00C04FB68BF7}\InProcServer32,REG_SZ,,NT AUTHORITY\SYSTEM,HKEY_LOCAL_MACHINE\Software\Classes\CLSID\{8FA0D5A8-DEDF-11D0-9A61-00C04FB68BF7}\InProcServer32\,C:\Windows\System32\itircl.dll
ST869VRJ,Classes\CLSID\{0CE7A4A6-03E8-4A60-9D15-282EF32EE7DA}\InProcServer32,REG_EXPAND_SZ,,NT AUTHORITY\SYSTEM,HKEY_LOCAL_MACHINE\Software\Classes\CLSID\{0CE7A4A6-03E8-4A60-9D15-282EF32EE7DA}\InProcServer32\,%SystemRoot%\system32\windowscodecs.dll
ST869VRJ,Classes\CLSID\{F7F4A1B6-8E87-452f-A2D7-3077F508DBC0}\InProcServer32,REG_SZ,,NT AUTHORITY\SYSTEM,HKEY_LOCAL_MACHINE\Software\Classes\CLSID\{F7F4A1B6-8E87-452f-A2D7-3077F508DBC0}\InProcServer32\,C:\Windows\System32\Dxtmsft.dll
ST869VRJ,Classes\CLSID\{88d96a09-f192-11d4-a65f-0040963251e5}\InProcServer32,REG_EXPAND_SZ,,NT AUTHORITY\SYSTEM,HKEY_LOCAL_MACHINE\Software\Classes\CLSID\{88d96a09-f192-11d4-a65f-0040963251e5}\InProcServer32\,C:\Windows\System32\msxml6.dll
ST869VRJ,Classes\CLSID\{C03E8521-781E-49a1-8190-CE902D0B2CE7}\InProcServer32,REG_EXPAND_SZ,,NT AUTHORITY\SYSTEM,HKEY_LOCAL_MACHINE\Software\Classes\CLSID\{C03E8521-781E-49a1-8190-CE902D0B2CE7}\InProcServer32\,%SystemRoot%\system32\rasgcw.dll
ST869VRJ,Classes\CLSID\{07252659-bb6b-4b79-b78b-623f6699a579}\InProcServer32,REG_EXPAND_SZ,,NT AUTHORITY\SYSTEM,HKEY_LOCAL_MACHINE\Software\Classes\CLSID\{07252659-bb6b-4b79-b78b-623f6699a579}\InProcServer32\,%SystemRoot%\System32\AUDIOENG.dll
ST869VRJ,Classes\CLSID\{3CCF8A41-5C85-11d0-9796-00AA00B90ADF}\InProcServer32,REG_EXPAND_SZ,,NT AUTHORITY\SYSTEM,HKEY_LOCAL_MACHINE\Software\Classes\CLSID\{3CCF8A41-5C85-11d0-9796-00AA00B90ADF}\InProcServer32\,%SystemRoot%\system32\explorerframe.dll
ST869VRJ,Classes\CLSID\{06C792F8-6212-4F39-BF70-E8C0AC965C23}\InProcServer32,REG_EXPAND_SZ,,NT AUTHORITY\SYSTEM,HKEY_LOCAL_MACHINE\Software\Classes\CLSID\{06C792F8-6212-4F39-BF70-E8C0AC965C23}\InProcServer32\,%SystemRoot%\System32\UserAccountControlSettings.dll
ST869VRJ,Classes\CLSID\{61E79517-4A4E-45D8-9219-30E71A9EFF39}\InProcServer32,REG_SZ,,NT AUTHORITY\SYSTEM,HKEY_LOCAL_MACHINE\Software\Classes\CLSID\{61E79517-4A4E-45D8-9219-30E71A9EFF39}\InProcServer32\,C:\Windows\System32\TabBtnEx.dll
ST869VRJ,Classes\CLSID\{661FF7F6-F4D1-4593-B59D-4C54C1ECE68B}\InProcServer32,REG_SZ,,NT AUTHORITY\SYSTEM,HKEY_LOCAL_MACHINE\Software\Classes\CLSID\{661FF7F6-F4D1-4593-B59D-4C54C1ECE68B}\InProcServer32\,C:\Windows\System32\wbem\WmiPerfClass.dll
ST869VRJ,Classes\CLSID\{ABBB0332-21FC-4F9A-BBF0-C329B38611D9}\InProcServer32,REG_EXPAND_SZ,,NT AUTHORITY\SYSTEM,HKEY_LOCAL_MACHINE\Software\Classes\CLSID\{ABBB0332-21FC-4F9A-BBF0-C329B38611D9}\InProcServer32\,%SystemRoot%\System32\usercpl.dll
ST869VRJ,Classes\CLSID\{60254CA5-953B-11CF-8C96-00AA00B8708C}\InProcServer32,REG_SZ,,NT AUTHORITY\SYSTEM,HKEY_LOCAL_MACHINE\Software\Classes\CLSID\{60254CA5-953B-11CF-8C96-00AA00B8708C}\InProcServer32\,C:\Windows\System32\wshext.dll
ST869VRJ,Classes\CLSID\{0C3B05FB-3498-40C3-9C03-4B22D735550C}\InProcServer32,REG_EXPAND_SZ,,NT AUTHORITY\SYSTEM,HKEY_LOCAL_MACHINE\Software\Classes\CLSID\{0C3B05FB-3498-40C3-9C03-4B22D735550C}\InProcServer32\,%SystemRoot%\System32\rasdlg.dll
ST869VRJ,Classes\CLSID\{88d96a10-f192-11d4-a65f-0040963251e5}\InProcServer32,REG_EXPAND_SZ,,NT AUTHORITY\SYSTEM,HKEY_LOCAL_MACHINE\Software\Classes\CLSID\{88d96a10-f192-11d4-a65f-0040963251e5}\InProcServer32\,C:\Windows\System32\msxml6.dll
ST869VRJ,Classes\CLSID\{C72BE2EC-8E90-452c-B29A-AB8FF1C071FC}\InProcServer32,REG_SZ,,NT AUTHORITY\SYSTEM,HKEY_LOCAL_MACHINE\Software\Classes\CLSID\{C72BE2EC-8E90-452c-B29A-AB8FF1C071FC}\InProcServer32\,C:\Windows\System32\FunDisc.dll
ST869VRJ,Classes\CLSID\{992CFFA0-F557-101A-88EC-00DD010CCC48}\InProcServer32,REG_EXPAND_SZ,,NT AUTHORITY\SYSTEM,HKEY_LOCAL_MACHINE\Software\Classes\CLSID\{992CFFA0-F557-101A-88EC-00DD010CCC48}\InProcServer32\,%SystemRoot%\System32\netshell.dll
ST869VRJ,Classes\CLSID\{7BA4C740-9E81-11CF-99D3-00AA004AE837}\InProcServer32,REG_EXPAND_SZ,,NT AUTHORITY\SYSTEM,HKEY_LOCAL_MACHINE\Software\Classes\CLSID\{7BA4C740-9E81-11CF-99D3-00AA004AE837}\InProcServer32\,%SystemRoot%\system32\shell32.dll
ST869VRJ,Classes\CLSID\{A0E2E749-63CE-3651-8F4F-F5F996344C32}\InProcServer32,REG_SZ,,NT AUTHORITY\SYSTEM,HKEY_LOCAL_MACHINE\Software\Classes\CLSID\{A0E2E749-63CE-3651-8F4F-F5F996344C32}\InProcServer32\,C:\Windows\System32\mscoree.dll
ST869VRJ,Classes\CLSID\{0F352565-FD06-467A-A971-595D03388658}\InProcServer32,REG_SZ,,BUILTIN\Administrators,HKEY_LOCAL_MACHINE\Software\Classes\CLSID\{0F352565-FD06-467A-A971-595D03388658}\InProcServer32\,c:\PROGRA~1\COMMON~1\mcafee\oobe\mcoobesv.dll
ST869VRJ,Classes\CLSID\{5D75245F-29AE-450D-8924-A7611DE279AF}\InProcServer32,REG_EXPAND_SZ,,NT AUTHORITY\SYSTEM,HKEY_LOCAL_MACHINE\Software\Classes\CLSID\{5D75245F-29AE-450D-8924-A7611DE279AF}\InProcServer32\,%SystemRoot%\system32\shell32.dll
ST869VRJ,Classes\CLSID\{d1934e71-740b-47cf-b051-6551e5b80fd5}\InProcServer32,REG_EXPAND_SZ,,NT AUTHORITY\SYSTEM,HKEY_LOCAL_MACHINE\Software\Classes\CLSID\{d1934e71-740b-47cf-b051-6551e5b80fd5}\InProcServer32\,%SystemRoot%\system32\shell32.dll
ST869VRJ,Classes\CLSID\{FB40360C-547E-4956-A3B9-D4418859BA66}\InProcServer32,REG_EXPAND_SZ,,NT AUTHORITY\SYSTEM,HKEY_LOCAL_MACHINE\Software\Classes\CLSID\{FB40360C-547E-4956-A3B9-D4418859BA66}\InProcServer32\,%SystemRoot%\system32\windowscodecs.dll
ST869VRJ,Classes\CLSID\{2B4F54B1-3D6D-11d0-8258-00C04FD5AE38}\InProcServer32,REG_SZ,,NT AUTHORITY\SYSTEM,HKEY_LOCAL_MACHINE\Software\Classes\CLSID\{2B4F54B1-3D6D-11d0-8258-00C04FD5AE38}\InProcServer32\,C:\Windows\System32\ieframe.dll
ST869VRJ,Classes\CLSID\{3142DAE9-D79E-41DB-828D-3A989742E485}\InProcServer32,REG_EXPAND_SZ,,NT AUTHORITY\SYSTEM,HKEY_LOCAL_MACHINE\Software\Classes\CLSID\{3142DAE9-D79E-41DB-828D-3A989742E485}\InProcServer32\,%SystemRoot%\System32\MSWB7.dll
ST869VRJ,Classes\CLSID\{35117bca-71f9-4399-8709-f380c7aaa8bd}\InProcServer32,REG_EXPAND_SZ,,NT AUTHORITY\SYSTEM,HKEY_LOCAL_MACHINE\Software\Classes\CLSID\{35117bca-71f9-4399-8709-f380c7aaa8bd}\InProcServer32\,%SystemRoot%\system32\authui.dll
ST869VRJ,Classes\CLSID\{286AA738-2928-49af-A410-4118F5C31626}\InProcServer32,REG_EXPAND_SZ,,NT AUTHORITY\SYSTEM,HKEY_LOCAL_MACHINE\Software\Classes\CLSID\{286AA738-2928-49af-A410-4118F5C31626}\InProcServer32\,%SystemRoot%\system32\dot3hc.dll
ST869VRJ,Classes\CLSID\{CED43EC3-71D3-4534-826E-D499608BA83F}\InProcServer32,REG_EXPAND_SZ,,NT AUTHORITY\SYSTEM,HKEY_LOCAL_MACHINE\Software\Classes\CLSID\{CED43EC3-71D3-4534-826E-D499608BA83F}\InProcServer32\,%SystemRoot%\System32\twinui.dll
ST869VRJ,Classes\CLSID\{ED3AF319-8B2B-455F-91A2-AC3B76111C43}\InProcServer32,REG_SZ,,NT AUTHORITY\SYSTEM,HKEY_LOCAL_MACHINE\Software\Classes\CLSID\{ED3AF319-8B2B-455F-91A2-AC3B76111C43}\InProcServer32\,C:\Windows\System32\DeviceElementSource.dll
ST869VRJ,Classes\CLSID\{7EE0A24E-A8C6-46ae-A875-8E7C3D18AEAF}\InProcServer32,REG_SZ,,NT AUTHORITY\SYSTEM,HKEY_LOCAL_MACHINE\Software\Classes\CLSID\{7EE0A24E-A8C6-46ae-A875-8E7C3D18AEAF}\InProcServer32\,C:\Windows\System32\ieframe.dll
ST869VRJ,Classes\CLSID\{40B66650-4972-11D1-A7CA-0000F87571E3}\InProcServer32,REG_EXPAND_SZ,,NT AUTHORITY\SYSTEM,HKEY_LOCAL_MACHINE\Software\Classes\CLSID\{40B66650-4972-11D1-A7CA-0000F87571E3}\InProcServer32\,%SystemRoot%\System32\scrptadm.dll
ST869VRJ,Classes\CLSID\{4FFA70E2-405E-4180-A9A7-728A26597B23}\InProcServer32,REG_EXPAND_SZ,,NT AUTHORITY\SYSTEM,HKEY_LOCAL_MACHINE\Software\Classes\CLSID\{4FFA70E2-405E-4180-A9A7-728A26597B23}\InProcServer32\,%SystemRoot%\System32\MSWB7.dll
ST869VRJ,Classes\CLSID\{3c2654c6-7372-4f6b-b310-55d6128f49d2}\InProcServer32,REG_EXPAND_SZ,,NT AUTHORITY\SYSTEM,HKEY_LOCAL_MACHINE\Software\Classes\CLSID\{3c2654c6-7372-4f6b-b310-55d6128f49d2}\InProcServer32\,%SystemRoot%\system32\shell32.dll
ST869VRJ,Classes\CLSID\{63A4B1FC-259A-4A5B-8129-A83B8C9E6F4F}\InProcServer32,REG_SZ,,NT AUTHORITY\SYSTEM,HKEY_LOCAL_MACHINE\Software\Classes\CLSID\{63A4B1FC-259A-4A5B-8129-A83B8C9E6F4F}\InProcServer32\,C:\Windows\System32\Dxtmsft.dll
ST869VRJ,Classes\CLSID\{cee8ccc9-4f6b-4469-a235-5a22869eef03}\InProcServer32,REG_SZ,,NT AUTHORITY\SYSTEM,HKEY_LOCAL_MACHINE\Software\Classes\CLSID\{cee8ccc9-4f6b-4469-a235-5a22869eef03}\InProcServer32\,C:\Windows\System32\PNPXAssoc.dll
ST869VRJ,CurrentControlSet\Services\MsLbfoProvider\,REG_EXPAND_SZ,ImagePath,NT AUTHORITY\SYSTEM,HKEY_LOCAL_MACHINE\SYSTEM\CurrentControlSet\Services\MsLbfoProvider\ImagePath,\SystemRoot\system32\DRIVERS\MsLbfoProvider.sys
ST869VRJ,Classes\CLSID\{57249F09-6C95-43D5-977C-301EBAF7F3F5}\InProcServer32,REG_SZ,,BUILTIN\Administrators,HKEY_LOCAL_MACHINE\Software\Classes\CLSID\{57249F09-6C95-43D5-977C-301EBAF7F3F5}\InProcServer32\,c:\PROGRA~1\mcafee\msc\mcmscshm.dll
ST869VRJ,Classes\CLSID\{59FD5FD6-896A-425B-B7B6-E7A0318FC127}\InProcServer32,REG_SZ,,NT AUTHORITY\SYSTEM,HKEY_LOCAL_MACHINE\Software\Classes\CLSID\{59FD5FD6-896A-425B-B7B6-E7A0318FC127}\InProcServer32\,C:\Windows\System32\easinvoker.proxystub.dll
ST869VRJ,Classes\CLSID\{6BC096E3-0CE6-11D1-BAAE-00C04FC2E20D}\InProcServer32,REG_EXPAND_SZ,,NT AUTHORITY\SYSTEM,HKEY_LOCAL_MACHINE\Software\Classes\CLSID\{6BC096E3-0CE6-11D1-BAAE-00C04FC2E20D}\InProcServer32\,%SystemRoot%\system32\iasnap.dll
ST869VRJ,Classes\CLSID\{ddcc6bb8-4cd6-462a-9289-d82d2bee1ffd}\InProcServer32,REG_EXPAND_SZ,,NT AUTHORITY\SYSTEM,HKEY_LOCAL_MACHINE\Software\Classes\CLSID\{ddcc6bb8-4cd6-462a-9289-d82d2bee1ffd}\InProcServer32\,%SystemRoot%\system32\shell32.dll
ST869VRJ,Classes\CLSID\{9a010fcc-488b-4836-94fd-c489f8e1ed7d}\InProcServer32,REG_EXPAND_SZ,,NT AUTHORITY\SYSTEM,HKEY_LOCAL_MACHINE\Software\Classes\CLSID\{9a010fcc-488b-4836-94fd-c489f8e1ed7d}\InProcServer32\,%SystemRoot%\system32\ndishc.dll
ST869VRJ,Classes\CLSID\{B8BE1E19-B9E4-4ebb-B7F6-A8FE1B3871E0}\InProcServer32,REG_EXPAND_SZ,,NT AUTHORITY\SYSTEM,HKEY_LOCAL_MACHINE\Software\Classes\CLSID\{B8BE1E19-B9E4-4ebb-B7F6-A8FE1B3871E0}\InProcServer32\,%SystemRoot%\system32\fontext.dll
ST869VRJ,Classes\CLSID\{4BB24BC2-ABFD-433D-935F-5950B42A4B3F}\InProcServer32,REG_EXPAND_SZ,,NT AUTHORITY\SYSTEM,HKEY_LOCAL_MACHINE\Software\Classes\CLSID\{4BB24BC2-ABFD-433D-935F-5950B42A4B3F}\InProcServer32\,%SystemRoot%\System32\twinui.appcore.dll
ST869VRJ,Classes\CLSID\{B54F3742-5B07-11cf-A4B0-00AA004A55E8}\InProcServer32,REG_SZ,,NT AUTHORITY\SYSTEM,HKEY_LOCAL_MACHINE\Software\Classes\CLSID\{B54F3742-5B07-11cf-A4B0-00AA004A55E8}\InProcServer32\,C:\Windows\System32\vbscript.dll
ST869VRJ,Classes\CLSID\{9877D8A7-FDA1-43F9-AEEA-F90747EA66B0}\InProcServer32,REG_SZ,,NT AUTHORITY\SYSTEM,HKEY_LOCAL_MACHINE\Software\Classes\CLSID\{9877D8A7-FDA1-43F9-AEEA-F90747EA66B0}\InProcServer32\,C:\Windows\System32\wbem\krnlprov.dll
ST869VRJ,Classes\CLSID\{6BC096BC-0CE6-11D1-BAAE-00C04FC2E20D}\InProcServer32,REG_EXPAND_SZ,,NT AUTHORITY\SYSTEM,HKEY_LOCAL_MACHINE\Software\Classes\CLSID\{6BC096BC-0CE6-11D1-BAAE-00C04FC2E20D}\InProcServer32\,%SystemRoot%\system32\iashlpr.dll
ST869VRJ,Classes\CLSID\{164484A9-35D9-4FB7-9FAB-48273B96AA1D}\InProcServer32,REG_SZ,,NT AUTHORITY\SYSTEM,HKEY_LOCAL_MACHINE\Software\Classes\CLSID\{164484A9-35D9-4FB7-9FAB-48273B96AA1D}\InProcServer32\,C:\Windows\System32\Dxtmsft.dll
ST869VRJ,Classes\CLSID\{3CDED51A-86B4-39F0-A12A-5D1FDCED6546}\InProcServer32,REG_SZ,,NT AUTHORITY\SYSTEM,HKEY_LOCAL_MACHINE\Software\Classes\CLSID\{3CDED51A-86B4-39F0-A12A-5D1FDCED6546}\InProcServer32\,C:\Windows\System32\mscoree.dll
ST869VRJ,Classes\CLSID\{049F2CE6-D996-4721-897A-DB15CE9EB73D}\InProcServer32,REG_SZ,,NT AUTHORITY\SYSTEM,HKEY_LOCAL_MACHINE\Software\Classes\CLSID\{049F2CE6-D996-4721-897A-DB15CE9EB73D}\InProcServer32\,C:\Windows\System32\Dxtmsft.dll
ST869VRJ,Classes\CLSID\{03837527-098B-11D8-9414-505054503030}\InProcServer32,REG_EXPAND_SZ,,NT AUTHORITY\SYSTEM,HKEY_LOCAL_MACHINE\Software\Classes\CLSID\{03837527-098B-11D8-9414-505054503030}\InProcServer32\,%SystemRoot%\System32\pla.dll
ST869VRJ,CurrentControlSet\Services\WerSvc\Parameters\,REG_EXPAND_SZ,ServiceDll,NT AUTHORITY\SYSTEM,HKEY_LOCAL_MACHINE\SYSTEM\CurrentControlSet\Services\WerSvc\Parameters\ServiceDll,%SystemRoot%\System32\WerSvc.dll
ST869VRJ,Classes\CLSID\{0BE35200-8F91-11CE-9DE3-00AA004BB851}\InProcServer32,REG_SZ,,NT AUTHORITY\SYSTEM,HKEY_LOCAL_MACHINE\Software\Classes\CLSID\{0BE35200-8F91-11CE-9DE3-00AA004BB851}\InProcServer32\,C:\Windows\System32\mfc42u.dll
ST869VRJ,Classes\CLSID\{B4A6821D-4D2E-40DD-9EE0-89C2CD07BF69}\InProcServer32,REG_EXPAND_SZ,,NT AUTHORITY\SYSTEM,HKEY_LOCAL_MACHINE\Software\Classes\CLSID\{B4A6821D-4D2E-40DD-9EE0-89C2CD07BF69}\InProcServer32\,%SystemRoot%\System32\storagewmi.dll
ST869VRJ,Classes\CLSID\{6f13dd2e-ebee-4dd5-a72e-850b2087f5dd}\InProcServer32,REG_EXPAND_SZ,,NT AUTHORITY\SYSTEM,HKEY_LOCAL_MACHINE\Software\Classes\CLSID\{6f13dd2e-ebee-4dd5-a72e-850b2087f5dd}\InProcServer32\,%SystemRoot%\system32\PhotoMetadataHandler.dll
ST869VRJ,Classes\CLSID\{E7B6AEE0-84AE-46CE-B450-DEBF58C90889}\InProcServer32,REG_EXPAND_SZ,,NT AUTHORITY\SYSTEM,HKEY_LOCAL_MACHINE\Software\Classes\CLSID\{E7B6AEE0-84AE-46CE-B450-DEBF58C90889}\InProcServer32\,%SystemRoot%\System32\NaturalLanguage6.dll
ST869VRJ,CurrentControlSet\Services\SCPolicySvc\Parameters\,REG_EXPAND_SZ,ServiceDll,NT AUTHORITY\SYSTEM,HKEY_LOCAL_MACHINE\SYSTEM\CurrentControlSet\Services\SCPolicySvc\Parameters\ServiceDll,%SystemRoot%\System32\certprop.dll
ST869VRJ,Classes\CLSID\{E2AE5372-5D40-11D2-960E-00C04F8EE628}\InProcServer32,REG_EXPAND_SZ,,NT AUTHORITY\SYSTEM,HKEY_LOCAL_MACHINE\Software\Classes\CLSID\{E2AE5372-5D40-11D2-960E-00C04F8EE628}\InProcServer32\,%SystemRoot%\System32\Speech\Common\sapi.dll
ST869VRJ,Classes\CLSID\{3EE8CE0F-2507-42DE-A453-8F4D554256E8}\InProcServer32,REG_SZ,,NT AUTHORITY\SYSTEM,HKEY_LOCAL_MACHINE\Software\Classes\CLSID\{3EE8CE0F-2507-42DE-A453-8F4D554256E8}\InProcServer32\,C:\Windows\System32\DefaultDeviceManager.dll
ST869VRJ,Classes\CLSID\{BFFECCA7-4069-49F9-B5AB-7CCBB078ED91}\InProcServer32,REG_SZ,,NT AUTHORITY\SYSTEM,HKEY_LOCAL_MACHINE\Software\Classes\CLSID\{BFFECCA7-4069-49F9-B5AB-7CCBB078ED91}\InProcServer32\,C:\Windows\System32\mscoree.dll
ST869VRJ,Classes\CLSID\{4D8E7AFE-514C-40eb-BBCB-ED0806F2E47E}\InProcServer32,REG_SZ,,BUILTIN\Administrators,HKEY_LOCAL_MACHINE\Software\Classes\CLSID\{4D8E7AFE-514C-40eb-BBCB-ED0806F2E47E}\InProcServer32\,c:\PROGRA~1\mcafee\msc\mcdbmgr.dll
ST869VRJ,Classes\CLSID\{f414c262-6ac0-11cf-b6d1-00aa00bbbb58}\InProcServer32,REG_SZ,,NT AUTHORITY\SYSTEM,HKEY_LOCAL_MACHINE\Software\Classes\CLSID\{f414c262-6ac0-11cf-b6d1-00aa00bbbb58}\InProcServer32\,C:\Windows\System32\jscript.dll
ST869VRJ,Classes\CLSID\{8DB2180F-BD29-11D1-8B7E-00C04FD7A924}\InProcServer32,REG_SZ,,NT AUTHORITY\SYSTEM,HKEY_LOCAL_MACHINE\Software\Classes\CLSID\{8DB2180F-BD29-11D1-8B7E-00C04FD7A924}\InProcServer32\,C:\Windows\System32\catsrvut.dll
ST869VRJ,Classes\CLSID\{B35EA47E-FA71-34FD-B7E2-EBC050A4FB5A}\InProcServer32,REG_SZ,,NT AUTHORITY\SYSTEM,HKEY_LOCAL_MACHINE\Software\Classes\CLSID\{B35EA47E-FA71-34FD-B7E2-EBC050A4FB5A}\InProcServer32\,C:\Windows\System32\mscoree.dll
ST869VRJ,Classes\CLSID\{1C0D39B2-C788-40D2-B062-FDF8293D7BC6}\InProcServer32,REG_EXPAND_SZ,,NT AUTHORITY\SYSTEM,HKEY_LOCAL_MACHINE\Software\Classes\CLSID\{1C0D39B2-C788-40D2-B062-FDF8293D7BC6}\InProcServer32\,%SystemRoot%\System32\NaturalLanguage6.dll
ST869VRJ,Classes\CLSID\{2E17C0EF-2851-459b-A3C8-27A41D4BC9F7}\InProcServer32,REG_EXPAND_SZ,,NT AUTHORITY\SYSTEM,HKEY_LOCAL_MACHINE\Software\Classes\CLSID\{2E17C0EF-2851-459b-A3C8-27A41D4BC9F7}\InProcServer32\,%SystemRoot%\system32\themeui.dll
ST869VRJ,Wow6432Node\Classes\CLSID\{2797CF92-415A-43e6-A8F7-A5FAAB783719}\InProcServer32,REG_SZ,,NT AUTHORITY\SYSTEM,HKEY_LOCAL_MACHINE\Software\Wow6432Node\Classes\CLSID\{2797CF92-415A-43e6-A8F7-A5FAAB783719}\InProcServer32\,C:\Windows\SysWOW64\comsnap.dll
ST869VRJ,CurrentControlSet\Services\SystemEventsBroker\Parameters\,REG_EXPAND_SZ,ServiceDll,NT AUTHORITY\SYSTEM,HKEY_LOCAL_MACHINE\SYSTEM\CurrentControlSet\Services\SystemEventsBroker\Parameters\ServiceDll,%SystemRoot%\System32\SystemEventsBrokerServer.dll
ST869VRJ,Classes\CLSID\{1d8a9b47-3a28-4ce2-8a4b-bd34e45bceeb}\InProcServer32,REG_EXPAND_SZ,,NT AUTHORITY\SYSTEM,HKEY_LOCAL_MACHINE\Software\Classes\CLSID\{1d8a9b47-3a28-4ce2-8a4b-bd34e45bceeb}\InProcServer32\,%SystemRoot%\system32\upnp.dll
ST869VRJ,CurrentControlSet\Services\AFD\,REG_EXPAND_SZ,ImagePath,NT AUTHORITY\SYSTEM,HKEY_LOCAL_MACHINE\SYSTEM\CurrentControlSet\Services\AFD\ImagePath,\SystemRoot\system32\drivers\afd.sys
ST869VRJ,Wow6432Node\Classes\CLSID\{019f7150-e6db-11d0-83c3-00c04fddb82e}\InProcServer32,REG_SZ,,NT AUTHORITY\SYSTEM,HKEY_LOCAL_MACHINE\Software\Wow6432Node\Classes\CLSID\{019f7150-e6db-11d0-83c3-00c04fddb82e}\InProcServer32\,C:\Windows\SysWOW64\IME\IMEJP\imjpapi.dll
ST869VRJ,Classes\CLSID\{b8cdcb65-b1bf-4b42-9428-1dfdb7ee92af}\InProcServer32,REG_EXPAND_SZ,,NT AUTHORITY\SYSTEM,HKEY_LOCAL_MACHINE\Software\Classes\CLSID\{b8cdcb65-b1bf-4b42-9428-1dfdb7ee92af}\InProcServer32\,%SystemRoot%\system32\zipfldr.dll
ST869VRJ,Wow6432Node\Classes\CLSID\{60a90a2f-858d-42af-8929-82be9d99e8a1}\InProcServer32,REG_SZ,,NT AUTHORITY\SYSTEM,HKEY_LOCAL_MACHINE\Software\Wow6432Node\Classes\CLSID\{60a90a2f-858d-42af-8929-82be9d99e8a1}\InProcServer32\,C:\Windows\SysWOW64\uiautomationcore.dll
ST869VRJ,Classes\CLSID\{6BC0989A-0CE6-11D1-BAAE-00C04FC2E20D}\InProcServer32,REG_EXPAND_SZ,,NT AUTHORITY\SYSTEM,HKEY_LOCAL_MACHINE\Software\Classes\CLSID\{6BC0989A-0CE6-11D1-BAAE-00C04FC2E20D}\InProcServer32\,%SystemRoot%\system32\iassam.dll
ST869VRJ,Classes\CLSID\{07fc2b94-5285-417e-8ac3-c2ce5240b0fa}\InProcServer32,REG_SZ,,NT AUTHORITY\SYSTEM,HKEY_LOCAL_MACHINE\Software\Classes\CLSID\{07fc2b94-5285-417e-8ac3-c2ce5240b0fa}\InProcServer32\,C:\Windows\System32\twinapi.appcore.dll
ST869VRJ,Classes\CLSID\{DEF03232-9688-11E2-BE7F-B4B52FD966FF}\InProcServer32,REG_SZ,,NT AUTHORITY\SYSTEM,HKEY_LOCAL_MACHINE\Software\Classes\CLSID\{DEF03232-9688-11E2-BE7F-B4B52FD966FF}\InProcServer32\,C:\Windows\System32\pnpclean.dll
ST869VRJ,Classes\CLSID\{6f5bad87-9d5e-459f-bd03-3957407051ca}\InProcServer32,REG_SZ,,NT AUTHORITY\SYSTEM,HKEY_LOCAL_MACHINE\Software\Classes\CLSID\{6f5bad87-9d5e-459f-bd03-3957407051ca}\InProcServer32\,C:\Windows\System32\ieframe.dll
ST869VRJ,Classes\CLSID\{78DE489B-7931-4f14-83B4-C56D38AC9FFA}\InProcServer32,REG_EXPAND_SZ,,NT AUTHORITY\SYSTEM,HKEY_LOCAL_MACHINE\Software\Classes\CLSID\{78DE489B-7931-4f14-83B4-C56D38AC9FFA}\InProcServer32\,%SystemRoot%\system32\shell32.dll
ST869VRJ,Classes\CLSID\{B9F8535E-BF74-41C2-A6A6-7124442450DC}\InProcServer32,REG_EXPAND_SZ,,NT AUTHORITY\SYSTEM,HKEY_LOCAL_MACHINE\Software\Classes\CLSID\{B9F8535E-BF74-41C2-A6A6-7124442450DC}\InProcServer32\,%SystemRoot%\System32\explorerframe.dll
ST869VRJ,Classes\CLSID\{49C69FAB-ED5E-4D48-9A65-E4816E5FE642}\InProcServer32,REG_EXPAND_SZ,,NT AUTHORITY\SYSTEM,HKEY_LOCAL_MACHINE\Software\Classes\CLSID\{49C69FAB-ED5E-4D48-9A65-E4816E5FE642}\InProcServer32\,%SystemRoot%\System32\NaturalLanguage6.dll
ST869VRJ,Classes\CLSID\{4A65D267-1539-4BD1-921D-1C49B3E58EB7}\InProcServer32,REG_EXPAND_SZ,,NT AUTHORITY\SYSTEM,HKEY_LOCAL_MACHINE\Software\Classes\CLSID\{4A65D267-1539-4BD1-921D-1C49B3E58EB7}\InProcServer32\,%SystemRoot%\system32\mmcndmgr.dll
ST869VRJ,Classes\CLSID\{FC13A7D5-E2B3-37BA-B807-7FA6238284D5}\InProcServer32,REG_SZ,,NT AUTHORITY\SYSTEM,HKEY_LOCAL_MACHINE\Software\Classes\CLSID\{FC13A7D5-E2B3-37BA-B807-7FA6238284D5}\InProcServer32\,C:\Windows\System32\mscoree.dll
ST869VRJ,Classes\CLSID\{296CFB80-D8B3-44A4-B6B8-1931267F8F11}\InProcServer32,REG_SZ,,BUILTIN\Administrators,HKEY_LOCAL_MACHINE\Software\Classes\CLSID\{296CFB80-D8B3-44A4-B6B8-1931267F8F11}\InProcServer32\,C:\Program Files\Common Files\McAfee\MHN\HomeNetSvc.dll
ST869VRJ,Classes\CLSID\{E1553E07-5939-4CFD-BE24-3BCEBA2F148C}\InProcServer32,REG_EXPAND_SZ,,NT AUTHORITY\SYSTEM,HKEY_LOCAL_MACHINE\Software\Classes\CLSID\{E1553E07-5939-4CFD-BE24-3BCEBA2F148C}\InProcServer32\,%SystemRoot%\System32\XpsPrint.dll
ST869VRJ,Wow6432Node\Classes\CLSID\{37903486-85EE-4733-AEFC-8C4496F19DE4}\InProcServer32,REG_SZ,,NT AUTHORITY\SYSTEM,HKEY_LOCAL_MACHINE\Software\Wow6432Node\Classes\CLSID\{37903486-85EE-4733-AEFC-8C4496F19DE4}\InProcServer32\,C:\Windows\SysWOW64\Windows.Web.dll
ST869VRJ,Classes\CLSID\{4125dd96-e03a-4103-8f70-e0597d803b9c}\InProcServer32,REG_EXPAND_SZ,,NT AUTHORITY\SYSTEM,HKEY_LOCAL_MACHINE\Software\Classes\CLSID\{4125dd96-e03a-4103-8f70-e0597d803b9c}\InProcServer32\,%SystemRoot%\system32\shdocvw.dll
ST869VRJ,Wow6432Node\Classes\CLSID\{5d7222bc-b407-410b-b440-080f8172ca09}\InProcServer32,REG_SZ,,NT AUTHORITY\SYSTEM,HKEY_LOCAL_MACHINE\Software\Wow6432Node\Classes\CLSID\{5d7222bc-b407-410b-b440-080f8172ca09}\InProcServer32\,C:\Windows\SysWOW64\vaultcli.dll
ST869VRJ,Classes\CLSID\{2de55398-137e-4c4c-bf72-5cc7f18d9109}\InProcServer32,REG_EXPAND_SZ,,NT AUTHORITY\SYSTEM,HKEY_LOCAL_MACHINE\Software\Classes\CLSID\{2de55398-137e-4c4c-bf72-5cc7f18d9109}\InProcServer32\,%SystemRoot%\system32\shell32.dll
ST869VRJ,Classes\CLSID\{622A8646-1096-4765-8E07-91A3E661CEF9}\InProcServer32,REG_EXPAND_SZ,,NT AUTHORITY\SYSTEM,HKEY_LOCAL_MACHINE\Software\Classes\CLSID\{622A8646-1096-4765-8E07-91A3E661CEF9}\InProcServer32\,%SystemRoot%\system32\xwizards.dll
ST869VRJ,Wow6432Node\Classes\CLSID\{06993B16-A5C7-47EB-B61C-B1CB7EE600AC}\InProcServer32,REG_SZ,,NT AUTHORITY\SYSTEM,HKEY_LOCAL_MACHINE\Software\Wow6432Node\Classes\CLSID\{06993B16-A5C7-47EB-B61C-B1CB7EE600AC}\InProcServer32\,C:\Windows\SysWOW64\dot3gpui.dll
ST869VRJ,Classes\CLSID\{c39ee728-d419-4bd4-a3ef-eda059dbd935}\InProcServer32,REG_SZ,,NT AUTHORITY\SYSTEM,HKEY_LOCAL_MACHINE\Software\Classes\CLSID\{c39ee728-d419-4bd4-a3ef-eda059dbd935}\InProcServer32\,C:\Windows\System32\wininet.dll
ST869VRJ,Classes\CLSID\{8973b4ef-7da5-4031-a333-f65609a4dcf4}\InProcServer32,REG_EXPAND_SZ,,NT AUTHORITY\SYSTEM,HKEY_LOCAL_MACHINE\Software\Classes\CLSID\{8973b4ef-7da5-4031-a333-f65609a4dcf4}\InProcServer32\,%SystemRoot%\system32\shell32.dll
ST869VRJ,Classes\CLSID\{C647B5C0-157C-11D0-BD23-00A0C911CE86}\InProcServer32,REG_SZ,,NT AUTHORITY\SYSTEM,HKEY_LOCAL_MACHINE\Software\Classes\CLSID\{C647B5C0-157C-11D0-BD23-00A0C911CE86}\InProcServer32\,C:\Windows\System32\qcap.dll
ST869VRJ,Classes\CLSID\{D7FCB63B-5C55-11D1-8F00-00C04FC2C17B}\InProcServer32,REG_SZ,,NT AUTHORITY\SYSTEM,HKEY_LOCAL_MACHINE\Software\Classes\CLSID\{D7FCB63B-5C55-11D1-8F00-00C04FC2C17B}\InProcServer32\,C:\Windows\System32\comsnap.dll
ST869VRJ,Classes\CLSID\{CD000004-8B95-11D1-82DB-00C04FB1625D}\InProcServer32,REG_SZ,,NT AUTHORITY\SYSTEM,HKEY_LOCAL_MACHINE\Software\Classes\CLSID\{CD000004-8B95-11D1-82DB-00C04FB1625D}\InProcServer32\,C:\Windows\System32\cdosys.dll
ST869VRJ,Classes\CLSID\{5ED4F38C-D3FF-4D61-B506-6820320AEBFE}\InProcServer32,REG_EXPAND_SZ,,NT AUTHORITY\SYSTEM,HKEY_LOCAL_MACHINE\Software\Classes\CLSID\{5ED4F38C-D3FF-4D61-B506-6820320AEBFE}\InProcServer32\,%SystemRoot%\system32\shell32.dll
ST869VRJ,Classes\CLSID\{DC79A5C8-CCAD-4698-9034-C4C8068011C5}\InProcServer32,REG_EXPAND_SZ,,NT AUTHORITY\SYSTEM,HKEY_LOCAL_MACHINE\Software\Classes\CLSID\{DC79A5C8-CCAD-4698-9034-C4C8068011C5}\InProcServer32\,%SystemRoot%\System32\SyncHostPS.dll
ST869VRJ,Classes\CLSID\{C0B4E2F3-BA21-4773-8DBA-335EC946EB8B}\InProcServer32,REG_EXPAND_SZ,,NT AUTHORITY\SYSTEM,HKEY_LOCAL_MACHINE\Software\Classes\CLSID\{C0B4E2F3-BA21-4773-8DBA-335EC946EB8B}\InProcServer32\,%SystemRoot%\System32\comdlg32.dll
ST869VRJ,Classes\CLSID\{6B7015DC-CCB5-4133-8B9C-AF6721D6040F}\InProcServer32,REG_SZ,,BUILTIN\Administrators,HKEY_LOCAL_MACHINE\Software\Classes\CLSID\{6B7015DC-CCB5-4133-8B9C-AF6721D6040F}\InProcServer32\,c:\PROGRA~1\mcafee\vul\mcvulsi.dll
ST869VRJ,Classes\CLSID\{6E3D2E94-E6D8-4afd-AFDE-ABD26CA88BF5}\InProcServer32,REG_SZ,,NT AUTHORITY\SYSTEM,HKEY_LOCAL_MACHINE\Software\Classes\CLSID\{6E3D2E94-E6D8-4afd-AFDE-ABD26CA88BF5}\InProcServer32\,C:\Windows\System32\faultrep.dll
ST869VRJ,Classes\CLSID\{48753D53-7819-41B0-A015-095B708D0399}\InProcServer32,REG_EXPAND_SZ,,NT AUTHORITY\SYSTEM,HKEY_LOCAL_MACHINE\Software\Classes\CLSID\{48753D53-7819-41B0-A015-095B708D0399}\InProcServer32\,%SystemRoot%\system32\twinui.dll
ST869VRJ,Classes\CLSID\{846727BE-C1B7-4A57-A638-A07264752C50}\InProcServer32,REG_SZ,,NT AUTHORITY\SYSTEM,HKEY_LOCAL_MACHINE\Software\Classes\CLSID\{846727BE-C1B7-4A57-A638-A07264752C50}\InProcServer32\,C:\Windows\System32\WwaApi.dll
ST869VRJ,Wow6432Node\Classes\CLSID\{E302CB55-5F9D-41A3-9EF3-61827FB8B46D}\InProcServer32,REG_SZ,,NT AUTHORITY\SYSTEM,HKEY_LOCAL_MACHINE\Software\Wow6432Node\Classes\CLSID\{E302CB55-5F9D-41A3-9EF3-61827FB8B46D}\InProcServer32\,C:\Windows\SysWOW64\PresentationHostProxy.dll
ST869VRJ,Classes\CLSID\{92187326-72B4-11d0-A1AC-0000F8026977}\InProcServer32,REG_SZ,,NT AUTHORITY\SYSTEM,HKEY_LOCAL_MACHINE\Software\Classes\CLSID\{92187326-72B4-11d0-A1AC-0000F8026977}\InProcServer32\,C:\Windows\System32\gcdef.dll
ST869VRJ,Classes\CLSID\{E772BBE6-CB52-3C19-876A-D1BFA2305F4E}\InProcServer32,REG_SZ,,NT AUTHORITY\SYSTEM,HKEY_LOCAL_MACHINE\Software\Classes\CLSID\{E772BBE6-CB52-3C19-876A-D1BFA2305F4E}\InProcServer32\,C:\Windows\System32\mscoree.dll
ST869VRJ,Classes\CLSID\{098870b6-39ea-480b-b8b5-dd0167c4db59}\InProcServer32,REG_SZ,,NT AUTHORITY\SYSTEM,HKEY_LOCAL_MACHINE\Software\Classes\CLSID\{098870b6-39ea-480b-b8b5-dd0167c4db59}\InProcServer32\,C:\Windows\System32\ieframe.dll
ST869VRJ,Classes\CLSID\{3DC09436-7D83-4BA0-ADDC-CD47F996C5BA}\InProcServer32,REG_EXPAND_SZ,,NT AUTHORITY\SYSTEM,HKEY_LOCAL_MACHINE\Software\Classes\CLSID\{3DC09436-7D83-4BA0-ADDC-CD47F996C5BA}\InProcServer32\,%SystemRoot%\System32\audioeng.dll
ST869VRJ,Classes\CLSID\{01576F39-90DE-4D6E-A068-5B20C22BAAEE}\InProcServer32,REG_SZ,,BUILTIN\Administrators,HKEY_LOCAL_MACHINE\Software\Classes\CLSID\{01576F39-90DE-4D6E-A068-5B20C22BAAEE}\InProcServer32\,C:\Program Files\McAfee\MfeAV\mcctxmnu.dll
ST869VRJ,Classes\CLSID\{0070746C-9A38-4236-822A-72CC4E5C8087}\InProcServer32,REG_EXPAND_SZ,,NT AUTHORITY\SYSTEM,HKEY_LOCAL_MACHINE\Software\Classes\CLSID\{0070746C-9A38-4236-822A-72CC4E5C8087}\InProcServer32\,%SystemRoot%\system32\shell32.dll
ST869VRJ,Classes\CLSID\{27354126-7F64-5B0F-8F00-5D77AFBE261E}\InProcServer32,REG_SZ,,NT AUTHORITY\SYSTEM,HKEY_LOCAL_MACHINE\Software\Classes\CLSID\{27354126-7F64-5B0F-8F00-5D77AFBE261E}\InProcServer32\,C:\Windows\System32\imapi2.dll
ST869VRJ,Classes\CLSID\{85131630-480C-11D2-B1F9-00C04F86C324}\InProcServer32,REG_SZ,,NT AUTHORITY\SYSTEM,HKEY_LOCAL_MACHINE\Software\Classes\CLSID\{85131630-480C-11D2-B1F9-00C04F86C324}\InProcServer32\,C:\Windows\System32\scrrun.dll
ST869VRJ,Classes\CLSID\{37708080-3519-4ED6-91D5-A64B643863FB}\InProcServer32,REG_SZ,,NT AUTHORITY\SYSTEM,HKEY_LOCAL_MACHINE\Software\Classes\CLSID\{37708080-3519-4ED6-91D5-A64B643863FB}\InProcServer32\,C:\Windows\System32\mscoree.dll
ST869VRJ,Wow6432Node\Classes\CLSID\{79eac9d0-baf9-11ce-8c82-00aa004ba90b}\InProcServer32,REG_SZ,,NT AUTHORITY\SYSTEM,HKEY_LOCAL_MACHINE\Software\Wow6432Node\Classes\CLSID\{79eac9d0-baf9-11ce-8c82-00aa004ba90b}\InProcServer32\,C:\Windows\SysWOW64\hlink.dll
ST869VRJ,Classes\CLSID\{72A7994A-3092-4054-B6BE-08FF81AEEFFC}\InProcServer32,REG_EXPAND_SZ,,NT AUTHORITY\SYSTEM,HKEY_LOCAL_MACHINE\Software\Classes\CLSID\{72A7994A-3092-4054-B6BE-08FF81AEEFFC}\InProcServer32\,%SystemRoot%\System32\shpafact.dll
ST869VRJ,Classes\CLSID\{66182EC4-AFD1-11d2-9CB9-0000F87A369E}\InProcServer32,REG_EXPAND_SZ,,NT AUTHORITY\SYSTEM,HKEY_LOCAL_MACHINE\Software\Classes\CLSID\{66182EC4-AFD1-11d2-9CB9-0000F87A369E}\InProcServer32\,%SystemRoot%\system32\adsnt.dll
ST869VRJ,Classes\CLSID\{C88F5D3A-EBE1-4513-AFC9-CE98CBD96A74}\InProcServer32,REG_SZ,,BUILTIN\Administrators,HKEY_LOCAL_MACHINE\Software\Classes\CLSID\{C88F5D3A-EBE1-4513-AFC9-CE98CBD96A74}\InProcServer32\,c:\PROGRA~1\mcafee\mqs\shredext.dll
ST869VRJ,Classes\CLSID\{BE9B3133-250B-44A5-A278-C532B7B7FF76}\InProcServer32,REG_EXPAND_SZ,,NT AUTHORITY\SYSTEM,HKEY_LOCAL_MACHINE\Software\Classes\CLSID\{BE9B3133-250B-44A5-A278-C532B7B7FF76}\InProcServer32\,%SystemRoot%\system32\tscfgwmi.dll
ST869VRJ,Classes\CLSID\{0A88C858-7D0C-4549-9499-7DB05F0CB0BF}\InProcServer32,REG_EXPAND_SZ,,NT AUTHORITY\SYSTEM,HKEY_LOCAL_MACHINE\Software\Classes\CLSID\{0A88C858-7D0C-4549-9499-7DB05F0CB0BF}\InProcServer32\,%SystemRoot%\system32\ntshrui.dll
ST869VRJ,Classes\CLSID\{C04D65CF-B70D-11D0-B188-00AA0038C969}\InProcServer32,REG_EXPAND_SZ,,NT AUTHORITY\SYSTEM,HKEY_LOCAL_MACHINE\Software\Classes\CLSID\{C04D65CF-B70D-11D0-B188-00AA0038C969}\InProcServer32\,%SystemRoot%\system32\mlang.dll
ST869VRJ,Classes\CLSID\{2B1FFCE5-DD0F-4f1f-B150-A87AE69CE009}\InProcServer32,REG_EXPAND_SZ,,NT AUTHORITY\SYSTEM,HKEY_LOCAL_MACHINE\Software\Classes\CLSID\{2B1FFCE5-DD0F-4f1f-B150-A87AE69CE009}\InProcServer32\,%SystemRoot%\system32\shell32.dll
ST869VRJ,Wow6432Node\Classes\CLSID\{a3037d66-c043-4f54-91a0-2cdb642e7718}\InProcServer32,REG_SZ,,NT AUTHORITY\SYSTEM,HKEY_LOCAL_MACHINE\Software\Wow6432Node\Classes\CLSID\{a3037d66-c043-4f54-91a0-2cdb642e7718}\InProcServer32\,C:\Windows\SysWOW64\IME\shared\imetip.dll
ST869VRJ,Classes\CLSID\{FD853CE9-7F86-11d0-8252-00C04FD85AB4}\InProcServer32,REG_SZ,,NT AUTHORITY\SYSTEM,HKEY_LOCAL_MACHINE\Software\Classes\CLSID\{FD853CE9-7F86-11d0-8252-00C04FD85AB4}\InProcServer32\,C:\Windows\System32\inetcomm.dll
ST869VRJ,Classes\CLSID\{0E71F9BD-C109-3352-BD60-14F96D56B6F3}\InProcServer32,REG_SZ,,NT AUTHORITY\SYSTEM,HKEY_LOCAL_MACHINE\Software\Classes\CLSID\{0E71F9BD-C109-3352-BD60-14F96D56B6F3}\InProcServer32\,C:\Windows\System32\mscoree.dll
ST869VRJ,Classes\CLSID\{8e87e7b8-896b-4e67-bfa2-45c67d60ac3a}\InProcServer32,REG_EXPAND_SZ,,NT AUTHORITY\SYSTEM,HKEY_LOCAL_MACHINE\Software\Classes\CLSID\{8e87e7b8-896b-4e67-bfa2-45c67d60ac3a}\InProcServer32\,%SystemRoot%\system32\shell32.dll
ST869VRJ,CurrentControlSet\Services\TPM\,REG_EXPAND_SZ,ImagePath,NT AUTHORITY\SYSTEM,HKEY_LOCAL_MACHINE\SYSTEM\CurrentControlSet\Services\TPM\ImagePath,\SystemRoot\system32\drivers\tpm.sys
ST869VRJ,Classes\CLSID\{712720F4-F4FF-46CF-B6EC-2CC24FC873A5}\InProcServer32,REG_EXPAND_SZ,,NT AUTHORITY\SYSTEM,HKEY_LOCAL_MACHINE\Software\Classes\CLSID\{712720F4-F4FF-46CF-B6EC-2CC24FC873A5}\InProcServer32\,%SystemRoot%\System32\NaturalLanguage6.dll
ST869VRJ,Classes\CLSID\{F12FDE6A-9394-3C32-8E4D-F3D470947284}\InProcServer32,REG_SZ,,NT AUTHORITY\SYSTEM,HKEY_LOCAL_MACHINE\Software\Classes\CLSID\{F12FDE6A-9394-3C32-8E4D-F3D470947284}\InProcServer32\,C:\Windows\System32\mscoree.dll
ST869VRJ,Classes\CLSID\{C03E8586-781E-49a1-8190-CE902D0B2CE7}\InProcServer32,REG_EXPAND_SZ,,NT AUTHORITY\SYSTEM,HKEY_LOCAL_MACHINE\Software\Classes\CLSID\{C03E8586-781E-49a1-8190-CE902D0B2CE7}\InProcServer32\,%SystemRoot%\system32\rasgcw.dll
ST869VRJ,Wow6432Node\Classes\CLSID\{0BE35200-8F91-11CE-9DE3-00AA004BB851}\InProcServer32,REG_SZ,,NT AUTHORITY\SYSTEM,HKEY_LOCAL_MACHINE\Software\Wow6432Node\Classes\CLSID\{0BE35200-8F91-11CE-9DE3-00AA004BB851}\InProcServer32\,C:\Windows\SysWOW64\mfc42u.dll
ST869VRJ,Classes\CLSID\{21EC2020-3AEA-1069-A2DD-08002B30309D}\InProcServer32,REG_EXPAND_SZ,,NT AUTHORITY\SYSTEM,HKEY_LOCAL_MACHINE\Software\Classes\CLSID\{21EC2020-3AEA-1069-A2DD-08002B30309D}\InProcServer32\,%SystemRoot%\system32\shell32.dll
ST869VRJ,Classes\CLSID\{EEDAC291-85BC-488F-92DF-BA392D4AC6DE}\InProcServer32,REG_SZ,,BUILTIN\Administrators,HKEY_LOCAL_MACHINE\Software\Classes\CLSID\{EEDAC291-85BC-488F-92DF-BA392D4AC6DE}\InProcServer32\,c:\PROGRA~1\COMMON~1\mcafee\platform\mcdspwrp.dll
ST869VRJ,Classes\CLSID\{B196B286-BAB4-101A-B69C-00AA00341D07}\InProcServer32,REG_SZ,,NT AUTHORITY\SYSTEM,HKEY_LOCAL_MACHINE\Software\Classes\CLSID\{B196B286-BAB4-101A-B69C-00AA00341D07}\InProcServer32\,C:\Windows\System32\oleaut32.dll
ST869VRJ,Classes\CLSID\{25F51130-BE08-49a9-B37B-1C4A49FEBD5B}\InProcServer32,REG_SZ,,NT AUTHORITY\SYSTEM,HKEY_LOCAL_MACHINE\Software\Classes\CLSID\{25F51130-BE08-49a9-B37B-1C4A49FEBD5B}\InProcServer32\,C:\Windows\System32\IME\IMEJP\imjppred.dll
ST869VRJ,CurrentControlSet\Services\mfemms\,REG_EXPAND_SZ,ImagePath,BUILTIN\Administrators,HKEY_LOCAL_MACHINE\SYSTEM\CurrentControlSet\Services\mfemms\ImagePath,"""C:\Program Files\Common Files\McAfee\SystemCore\mfemms.exe"""
ST869VRJ,Wow6432Node\Classes\CLSID\{ddcd33d7-f53c-4554-a71f-f86f49079827}\InProcServer32,REG_SZ,,NT AUTHORITY\SYSTEM,HKEY_LOCAL_MACHINE\Software\Wow6432Node\Classes\CLSID\{ddcd33d7-f53c-4554-a71f-f86f49079827}\InProcServer32\,C:\Windows\SysWOW64\Windows.Media.Devices.dll
ST869VRJ,Classes\CLSID\{C12EC999-9D91-425E-84AF-DC15443A6B81}\InProcServer32,REG_EXPAND_SZ,,NT AUTHORITY\SYSTEM,HKEY_LOCAL_MACHINE\Software\Classes\CLSID\{C12EC999-9D91-425E-84AF-DC15443A6B81}\InProcServer32\,%SystemRoot%\System32\oobe\msoobedui.dll
ST869VRJ,Classes\CLSID\{8920EB24-620E-4671-AFC9-CBAF732D6737}\InProcServer32,REG_EXPAND_SZ,,NT AUTHORITY\SYSTEM,HKEY_LOCAL_MACHINE\Software\Classes\CLSID\{8920EB24-620E-4671-AFC9-CBAF732D6737}\InProcServer32\,%SystemRoot%\System32\MSWB7.dll
ST869VRJ,Classes\CLSID\{9D309F77-4655-372E-84B0-B0FB4030F3B8}\InProcServer32,REG_SZ,,NT AUTHORITY\SYSTEM,HKEY_LOCAL_MACHINE\Software\Classes\CLSID\{9D309F77-4655-372E-84B0-B0FB4030F3B8}\InProcServer32\,C:\Windows\System32\mscoree.dll
ST869VRJ,Wow6432Node\Classes\CLSID\{117151a5-951b-477e-91a4-699c7d9d66a2}\InProcServer32,REG_SZ,,BUILTIN\Administrators,HKEY_LOCAL_MACHINE\Software\Wow6432Node\Classes\CLSID\{117151a5-951b-477e-91a4-699c7d9d66a2}\InProcServer32\,C:\Program Files\McAfee\WebAdvisor\win32\DownloadScan.dll
ST869VRJ,Classes\CLSID\{40031115-09D2-3851-A13F-56930BE48038}\InProcServer32,REG_SZ,,NT AUTHORITY\SYSTEM,HKEY_LOCAL_MACHINE\Software\Classes\CLSID\{40031115-09D2-3851-A13F-56930BE48038}\InProcServer32\,C:\Windows\System32\mscoree.dll
ST869VRJ,Classes\CLSID\{36eef7db-88ad-4e81-ad49-0e313f0c35f8}\InProcServer32,REG_EXPAND_SZ,,NT AUTHORITY\SYSTEM,HKEY_LOCAL_MACHINE\Software\Classes\CLSID\{36eef7db-88ad-4e81-ad49-0e313f0c35f8}\InProcServer32\,%SystemRoot%\system32\shdocvw.dll
ST869VRJ,Classes\CLSID\{e755468c-02f5-4d96-8487-3be68ffe633a}\InProcServer32,REG_EXPAND_SZ,,NT AUTHORITY\SYSTEM,HKEY_LOCAL_MACHINE\Software\Classes\CLSID\{e755468c-02f5-4d96-8487-3be68ffe633a}\InProcServer32\,%SystemRoot%\System32\shpafact.dll
ST869VRJ,Classes\CLSID\{7b40792d-05ff-44c4-9058-f440c71f17d4}\InProcServer32,REG_EXPAND_SZ,,NT AUTHORITY\SYSTEM,HKEY_LOCAL_MACHINE\Software\Classes\CLSID\{7b40792d-05ff-44c4-9058-f440c71f17d4}\InProcServer32\,%SystemRoot%\System32\tdh.dll
ST869VRJ,Classes\CLSID\{61B3E12B-3586-3A58-A497-7ED7C4C794B9}\InProcServer32,REG_SZ,,NT AUTHORITY\SYSTEM,HKEY_LOCAL_MACHINE\Software\Classes\CLSID\{61B3E12B-3586-3A58-A497-7ED7C4C794B9}\InProcServer32\,C:\Windows\System32\mscoree.dll
ST869VRJ,Classes\CLSID\{F37C5810-4D3F-11d0-B4BF-00AA00BBB723}\InProcServer32,REG_EXPAND_SZ,,NT AUTHORITY\SYSTEM,HKEY_LOCAL_MACHINE\Software\Classes\CLSID\{F37C5810-4D3F-11d0-B4BF-00AA00BBB723}\InProcServer32\,%SystemRoot%\system32\rshx32.dll
ST869VRJ,Classes\CLSID\{F0152790-D56E-4445-850E-4F3117DB740C}\InProcServer32,REG_EXPAND_SZ,,NT AUTHORITY\SYSTEM,HKEY_LOCAL_MACHINE\Software\Classes\CLSID\{F0152790-D56E-4445-850E-4F3117DB740C}\InProcServer32\,%SystemRoot%\system32\remotepg.dll
ST869VRJ,Classes\CLSID\{553858A7-4922-4e7e-B1C1-97140C1C16EF}\InProcServer32,REG_SZ,,NT AUTHORITY\SYSTEM,HKEY_LOCAL_MACHINE\Software\Classes\CLSID\{553858A7-4922-4e7e-B1C1-97140C1C16EF}\InProcServer32\,C:\Windows\System32\ieframe.dll
ST869VRJ,Classes\CLSID\{433CA926-9887-3541-89CC-5D74D0259144}\InProcServer32,REG_SZ,,NT AUTHORITY\SYSTEM,HKEY_LOCAL_MACHINE\Software\Classes\CLSID\{433CA926-9887-3541-89CC-5D74D0259144}\InProcServer32\,C:\Windows\System32\mscoree.dll
ST869VRJ,Classes\CLSID\{DF1E92F3-F333-4EF5-9C38-B75CB65FFC39}\InProcServer32,REG_SZ,,NT AUTHORITY\SYSTEM,HKEY_LOCAL_MACHINE\Software\Classes\CLSID\{DF1E92F3-F333-4EF5-9C38-B75CB65FFC39}\InProcServer32\,C:\Windows\System32\Windows.Globalization.dll
ST869VRJ,Classes\CLSID\{1B2AFB92-0B5E-4A30-B5CC-353DB4F9E150}\InProcServer32,REG_EXPAND_SZ,,NT AUTHORITY\SYSTEM,HKEY_LOCAL_MACHINE\Software\Classes\CLSID\{1B2AFB92-0B5E-4A30-B5CC-353DB4F9E150}\InProcServer32\,%SystemRoot%\System32\Speech\Common\sapi.dll
ST869VRJ,Classes\CLSID\{0273c57c-6693-4444-b20c-a62a3b185b7e}\InProcServer32,REG_SZ,,NT AUTHORITY\SYSTEM,HKEY_LOCAL_MACHINE\Software\Classes\CLSID\{0273c57c-6693-4444-b20c-a62a3b185b7e}\InProcServer32\,C:\Windows\System32\DDOIProxy.dll
ST869VRJ,Wow6432Node\Classes\CLSID\{7E1A1FA9-EF4F-41E6-8F95-684ED50E039A}\InProcServer32,REG_SZ,,NT AUTHORITY\SYSTEM,HKEY_LOCAL_MACHINE\Software\Wow6432Node\Classes\CLSID\{7E1A1FA9-EF4F-41E6-8F95-684ED50E039A}\InProcServer32\,C:\Windows\SysWOW64\Windows.Graphics.Printing.dll
ST869VRJ,Classes\CLSID\{6bdadf65-eb94-419b-907c-0ba9dda7f0df}\InProcServer32,REG_SZ,,NT AUTHORITY\SYSTEM,HKEY_LOCAL_MACHINE\Software\Classes\CLSID\{6bdadf65-eb94-419b-907c-0ba9dda7f0df}\InProcServer32\,C:\Windows\System32\IME\shared\imjkapi.dll
ST869VRJ,Classes\CLSID\{C9BC92DF-5B9A-11D1-8F00-00C04FC2C17B}\InProcServer32,REG_SZ,,NT AUTHORITY\SYSTEM,HKEY_LOCAL_MACHINE\Software\Classes\CLSID\{C9BC92DF-5B9A-11D1-8F00-00C04FC2C17B}\InProcServer32\,C:\Windows\System32\comsnap.dll
ST869VRJ,Classes\CLSID\{91888BF6-FED1-4acd-9CB1-6C2F80AE58A3}\InProcServer32,REG_SZ,,NT AUTHORITY\SYSTEM,HKEY_LOCAL_MACHINE\Software\Classes\CLSID\{91888BF6-FED1-4acd-9CB1-6C2F80AE58A3}\InProcServer32\,C:\Windows\System32\catsrvut.dll
ST869VRJ,Classes\CLSID\{DF0B3D60-548F-101B-8E65-08002B2BD119}\InProcServer32,REG_SZ,,NT AUTHORITY\SYSTEM,HKEY_LOCAL_MACHINE\Software\Classes\CLSID\{DF0B3D60-548F-101B-8E65-08002B2BD119}\InProcServer32\,C:\Windows\System32\oleaut32.dll
ST869VRJ,Classes\CLSID\{BD95BA60-2E26-AAD1-AD99-00AA00B8E05A}\InProcServer32,REG_EXPAND_SZ,,NT AUTHORITY\SYSTEM,HKEY_LOCAL_MACHINE\Software\Classes\CLSID\{BD95BA60-2E26-AAD1-AD99-00AA00B8E05A}\InProcServer32\,%SystemRoot%\system32\wbem\servdeps.dll
ST869VRJ,Classes\CLSID\{CACA7238-3C7E-4a25-AD73-DE1A4F8C7214}\InProcServer32,REG_EXPAND_SZ,,NT AUTHORITY\SYSTEM,HKEY_LOCAL_MACHINE\Software\Classes\CLSID\{CACA7238-3C7E-4a25-AD73-DE1A4F8C7214}\InProcServer32\,%SystemRoot%\System32\werconcpl.dll
ST869VRJ,Classes\CLSID\{7071ECA0-663B-4bc1-A1FA-B97F3B917C55}\InProcServer32,REG_EXPAND_SZ,,NT AUTHORITY\SYSTEM,HKEY_LOCAL_MACHINE\Software\Classes\CLSID\{7071ECA0-663B-4bc1-A1FA-B97F3B917C55}\InProcServer32\,%SystemRoot%\system32\connect.dll
ST869VRJ,Classes\CLSID\{AA558FA2-A340-4a23-B765-614BA827CE1D}\InProcServer32,REG_EXPAND_SZ,,NT AUTHORITY\SYSTEM,HKEY_LOCAL_MACHINE\Software\Classes\CLSID\{AA558FA2-A340-4a23-B765-614BA827CE1D}\InProcServer32\,%SystemRoot%\system32\sppinst.dll
ST869VRJ,Classes\CLSID\{3050f6d4-98b5-11cf-bb82-00aa00bdce0b}\InProcServer32,REG_SZ,,NT AUTHORITY\SYSTEM,HKEY_LOCAL_MACHINE\Software\Classes\CLSID\{3050f6d4-98b5-11cf-bb82-00aa00bdce0b}\InProcServer32\,C:\Windows\System32\iepeers.dll
ST869VRJ,Wow6432Node\Classes\CLSID\{f4d8c39a-f43d-42b4-9bdf-4e48d3044ba0}\InProcServer32,REG_SZ,,NT AUTHORITY\SYSTEM,HKEY_LOCAL_MACHINE\Software\Wow6432Node\Classes\CLSID\{f4d8c39a-f43d-42b4-9bdf-4e48d3044ba0}\InProcServer32\,C:\Windows\SysWOW64\dnscmmc.dll
ST869VRJ,Classes\CLSID\{39981129-C287-11D0-8D8C-00C04FD6202B}\InProcServer32,REG_EXPAND_SZ,,NT AUTHORITY\SYSTEM,HKEY_LOCAL_MACHINE\Software\Classes\CLSID\{39981129-C287-11D0-8D8C-00C04FD6202B}\InProcServer32\,%SystemRoot%\system32\msoeacct.dll
ST869VRJ,Classes\CLSID\{ED822C8C-D6BE-4301-A631-0E1416BAD28F}\InProcServer32,REG_EXPAND_SZ,,NT AUTHORITY\SYSTEM,HKEY_LOCAL_MACHINE\Software\Classes\CLSID\{ED822C8C-D6BE-4301-A631-0E1416BAD28F}\InProcServer32\,%SystemRoot%\system32\windowscodecsext.dll
ST869VRJ,Classes\CLSID\{ffe1df5f-9f06-46d3-af27-f1fc10d63892}\InProcServer32,REG_EXPAND_SZ,,NT AUTHORITY\SYSTEM,HKEY_LOCAL_MACHINE\Software\Classes\CLSID\{ffe1df5f-9f06-46d3-af27-f1fc10d63892}\InProcServer32\,%SystemRoot%\System32\hgcpl.dll
ST869VRJ,Classes\CLSID\{7071ECA7-663B-4bc1-A1FA-B97F3B917C55}\InProcServer32,REG_EXPAND_SZ,,NT AUTHORITY\SYSTEM,HKEY_LOCAL_MACHINE\Software\Classes\CLSID\{7071ECA7-663B-4bc1-A1FA-B97F3B917C55}\InProcServer32\,%SystemRoot%\system32\connect.dll
ST869VRJ,Classes\CLSID\{C20CE506-5DA9-4B9C-9662-D88BD30E10A1}\InProcServer32,REG_SZ,,NT AUTHORITY\SYSTEM,HKEY_LOCAL_MACHINE\Software\Classes\CLSID\{C20CE506-5DA9-4B9C-9662-D88BD30E10A1}\InProcServer32\,C:\Windows\System32\puiobj.dll
ST869VRJ,Classes\CLSID\{09DBBC77-588F-4517-A485-74A29759F54C}\InProcServer32,REG_SZ,,NT AUTHORITY\SYSTEM,HKEY_LOCAL_MACHINE\Software\Classes\CLSID\{09DBBC77-588F-4517-A485-74A29759F54C}\InProcServer32\,C:\Windows\System32\eapphost.dll
ST869VRJ,Classes\CLSID\{35CEC8A3-2BE6-11D2-8773-92E220524153}\InProcServer32,REG_EXPAND_SZ,,NT AUTHORITY\SYSTEM,HKEY_LOCAL_MACHINE\Software\Classes\CLSID\{35CEC8A3-2BE6-11D2-8773-92E220524153}\InProcServer32\,%SystemRoot%\system32\stobject.dll
ST869VRJ,Classes\CLSID\{5521E761-0180-4E59-B59F-F73FE9D5669B}\InProcServer32,REG_SZ,,NT AUTHORITY\SYSTEM,HKEY_LOCAL_MACHINE\Software\Classes\CLSID\{5521E761-0180-4E59-B59F-F73FE9D5669B}\InProcServer32\,C:\Windows\System32\SMEF.dll
ST869VRJ,Classes\CLSID\{4F664F91-FF01-11D0-8AED-00C04FD7B597}\InProcServer32,REG_EXPAND_SZ,,NT AUTHORITY\SYSTEM,HKEY_LOCAL_MACHINE\Software\Classes\CLSID\{4F664F91-FF01-11D0-8AED-00C04FD7B597}\InProcServer32\,%SystemRoot%\system32\oleprn.dll
ST869VRJ,Wow6432Node\Classes\CLSID\{2DA6AA7F-8C88-4194-A558-0D36E7FD3E64}\InProcServer32,REG_SZ,,NT AUTHORITY\SYSTEM,HKEY_LOCAL_MACHINE\Software\Wow6432Node\Classes\CLSID\{2DA6AA7F-8C88-4194-A558-0D36E7FD3E64}\InProcServer32\,C:\Windows\SysWOW64\wlangpui.dll
ST869VRJ,Classes\CLSID\{ADC6CB86-424C-11D2-952A-00C04FA34F05}\InProcServer32,REG_SZ,,NT AUTHORITY\SYSTEM,HKEY_LOCAL_MACHINE\Software\Classes\CLSID\{ADC6CB86-424C-11D2-952A-00C04FA34F05}\InProcServer32\,C:\Windows\System32\Dxtmsft.dll
ST869VRJ,Classes\CLSID\{D049B20C-5DD0-44FE-B0B3-8F92C8E6D080}\InProcServer32,REG_EXPAND_SZ,,NT AUTHORITY\SYSTEM,HKEY_LOCAL_MACHINE\Software\Classes\CLSID\{D049B20C-5DD0-44FE-B0B3-8F92C8E6D080}\InProcServer32\,%SystemRoot%\system32\windowscodecs.dll
ST869VRJ,Classes\CLSID\{C03E8532-781E-49a1-8190-CE902D0B2CE7}\InProcServer32,REG_EXPAND_SZ,,NT AUTHORITY\SYSTEM,HKEY_LOCAL_MACHINE\Software\Classes\CLSID\{C03E8532-781E-49a1-8190-CE902D0B2CE7}\InProcServer32\,%SystemRoot%\system32\rasgcw.dll
ST869VRJ,Classes\CLSID\{8F6D198C-E66F-3A87-AA3F-F885DD09EA13}\InProcServer32,REG_SZ,,NT AUTHORITY\SYSTEM,HKEY_LOCAL_MACHINE\Software\Classes\CLSID\{8F6D198C-E66F-3A87-AA3F-F885DD09EA13}\InProcServer32\,C:\Windows\System32\mscoree.dll
ST869VRJ,Classes\CLSID\{80F94176-FCCC-11D2-B991-00C04F8ECD78}\InProcServer32,REG_EXPAND_SZ,,NT AUTHORITY\SYSTEM,HKEY_LOCAL_MACHINE\Software\Classes\CLSID\{80F94176-FCCC-11D2-B991-00C04F8ECD78}\InProcServer32\,%SystemRoot%\system32\mmcndmgr.dll
ST869VRJ,Classes\CLSID\{9E28EF95-9C6F-3A00-B525-36A76178CC9C}\InProcServer32,REG_SZ,,NT AUTHORITY\SYSTEM,HKEY_LOCAL_MACHINE\Software\Classes\CLSID\{9E28EF95-9C6F-3A00-B525-36A76178CC9C}\InProcServer32\,C:\Windows\System32\mscoree.dll
ST869VRJ,Classes\CLSID\{CFF9990B-6414-43F1-A526-14EA5EEAFBDA}\InProcServer32,REG_EXPAND_SZ,,NT AUTHORITY\SYSTEM,HKEY_LOCAL_MACHINE\Software\Classes\CLSID\{CFF9990B-6414-43F1-A526-14EA5EEAFBDA}\InProcServer32\,%SystemRoot%\system32\ntshrui.dll
ST869VRJ,CurrentControlSet\Services\WPDBusEnum\Parameters\,REG_EXPAND_SZ,ServiceDll,NT AUTHORITY\SYSTEM,HKEY_LOCAL_MACHINE\SYSTEM\CurrentControlSet\Services\WPDBusEnum\Parameters\ServiceDll,%SystemRoot%\system32\wpdbusenum.dll
ST869VRJ,Classes\CLSID\{72FA3944-C398-4300-BFAF-00F83A7F1B3E}\InProcServer32,REG_SZ,,BUILTIN\Administrators,HKEY_LOCAL_MACHINE\Software\Classes\CLSID\{72FA3944-C398-4300-BFAF-00F83A7F1B3E}\InProcServer32\,c:\PROGRA~1\mcafee\msc\mcmscshm.dll
ST869VRJ,Classes\CLSID\{4FE2B7C8-AC9D-473C-A227-528F96CF0A88}\InProcServer32,REG_SZ,,BUILTIN\Administrators,HKEY_LOCAL_MACHINE\Software\Classes\CLSID\{4FE2B7C8-AC9D-473C-A227-528F96CF0A88}\InProcServer32\,c:\PROGRA~1\mcafee\msc\tsktcshm.dll
ST869VRJ,Classes\CLSID\{5C90092E-A90F-40F3-8155-49F087A3B752}\InProcServer32,REG_SZ,,BUILTIN\Administrators,HKEY_LOCAL_MACHINE\Software\Classes\CLSID\{5C90092E-A90F-40F3-8155-49F087A3B752}\InProcServer32\,c:\PROGRA~1\mcafee\mps\mpsevh.dll
ST869VRJ,Classes\CLSID\{2C026D52-3200-44EF-A616-C6437A53AE45}\InProcServer32,REG_SZ,,BUILTIN\Administrators,HKEY_LOCAL_MACHINE\Software\Classes\CLSID\{2C026D52-3200-44EF-A616-C6437A53AE45}\InProcServer32\,c:\PROGRA~1\mcafee\msc\mcgsshm.dll
ST869VRJ,Microsoft\Active Setup\Installed Components\{2C7339CF-2B09-4501-B3F3-F3508C9228ED}\,REG_SZ,StubPath,NT AUTHORITY\SYSTEM,HKEY_LOCAL_MACHINE\SOFTWARE\Microsoft\Active Setup\Installed Components\{2C7339CF-2B09-4501-B3F3-F3508C9228ED}\StubPath,/UserInstall
ST869VRJ,Classes\CLSID\{122EC645-CD7E-44D8-B186-2C8C20C3B50F}\InProcServer32,REG_EXPAND_SZ,,NT AUTHORITY\SYSTEM,HKEY_LOCAL_MACHINE\Software\Classes\CLSID\{122EC645-CD7E-44D8-B186-2C8C20C3B50F}\InProcServer32\,%SystemRoot%\system32\windowscodecs.dll
ST869VRJ,Wow6432Node\Classes\CLSID\{88E729D6-BDC1-11D1-BD2A-00C04FB9603F}\InProcServer32,REG_SZ,,NT AUTHORITY\SYSTEM,HKEY_LOCAL_MACHINE\Software\Wow6432Node\Classes\CLSID\{88E729D6-BDC1-11D1-BD2A-00C04FB9603F}\InProcServer32\,C:\Windows\SysWOW64\fde.dll
ST869VRJ,Classes\CLSID\{BC94D813-4D7F-11d2-A8C9-00AA00A71DCA}\InProcServer32,REG_EXPAND_SZ,,NT AUTHORITY\SYSTEM,HKEY_LOCAL_MACHINE\Software\Classes\CLSID\{BC94D813-4D7F-11d2-A8C9-00AA00A71DCA}\InProcServer32\,%SystemRoot%\system32\iassdo.dll
ST869VRJ,Classes\CLSID\{3495E5FA-2A90-3CA7-B3B5-58736C4441DD}\InProcServer32,REG_SZ,,NT AUTHORITY\SYSTEM,HKEY_LOCAL_MACHINE\Software\Classes\CLSID\{3495E5FA-2A90-3CA7-B3B5-58736C4441DD}\InProcServer32\,C:\Windows\System32\mscoree.dll
ST869VRJ,Classes\CLSID\{42071712-76d4-11d1-8b24-00a0c9068ff3}\InProcServer32,REG_EXPAND_SZ,,NT AUTHORITY\SYSTEM,HKEY_LOCAL_MACHINE\Software\Classes\CLSID\{42071712-76d4-11d1-8b24-00a0c9068ff3}\InProcServer32\,%SystemRoot%\system32\deskadp.dll
ST869VRJ,Classes\CLSID\{D555645E-D4F8-4c29-A827-D93C859C4F2A}\InProcServer32,REG_EXPAND_SZ,,NT AUTHORITY\SYSTEM,HKEY_LOCAL_MACHINE\Software\Classes\CLSID\{D555645E-D4F8-4c29-A827-D93C859C4F2A}\InProcServer32\,%SystemRoot%\System32\shdocvw.dll
ST869VRJ,Classes\CLSID\{0E1EEFB2-E336-481C-B178-36261EC5A843}\InProcServer32,REG_EXPAND_SZ,,NT AUTHORITY\SYSTEM,HKEY_LOCAL_MACHINE\Software\Classes\CLSID\{0E1EEFB2-E336-481C-B178-36261EC5A843}\InProcServer32\,%SystemRoot%\System32\NaturalLanguage6.dll
ST869VRJ,Classes\CLSID\{FD51544B-8050-4C68-ABAE-3E1F7A8C01D3}\InProcServer32,REG_EXPAND_SZ,,NT AUTHORITY\SYSTEM,HKEY_LOCAL_MACHINE\Software\Classes\CLSID\{FD51544B-8050-4C68-ABAE-3E1F7A8C01D3}\InProcServer32\,%SystemRoot%\System32\NaturalLanguage6.dll
ST869VRJ,Classes\CLSID\{2227A280-3AEA-1069-A2DE-08002B30309D}\InProcServer32,REG_EXPAND_SZ,,NT AUTHORITY\SYSTEM,HKEY_LOCAL_MACHINE\Software\Classes\CLSID\{2227A280-3AEA-1069-A2DE-08002B30309D}\InProcServer32\,%SystemRoot%\system32\prnfldr.dll
ST869VRJ,Classes\CLSID\{83BC5EC0-6F2A-11d0-A1C4-00AA00C16E65}\InProcServer32,REG_EXPAND_SZ,,NT AUTHORITY\SYSTEM,HKEY_LOCAL_MACHINE\Software\Classes\CLSID\{83BC5EC0-6F2A-11d0-A1C4-00AA00C16E65}\InProcServer32\,%SystemRoot%\system32\dsquery.dll
ST869VRJ,Classes\CLSID\{C96401CF-0E17-11D3-885B-00C04F72C717}\InProcServer32,REG_EXPAND_SZ,,NT AUTHORITY\SYSTEM,HKEY_LOCAL_MACHINE\Software\Classes\CLSID\{C96401CF-0E17-11D3-885B-00C04F72C717}\InProcServer32\,%SystemRoot%\system32\mmcndmgr.dll
ST869VRJ,Classes\CLSID\{23613363-0028-431D-A49E-A3CD482D3926}\InProcServer32,REG_EXPAND_SZ,,NT AUTHORITY\SYSTEM,HKEY_LOCAL_MACHINE\Software\Classes\CLSID\{23613363-0028-431D-A49E-A3CD482D3926}\InProcServer32\,%SystemRoot%\system32\shell32.dll
ST869VRJ,Classes\CLSID\{9FAE1230-74AC-4e33-B59C-4051BBEB0803}\InProcServer32,REG_SZ,,NT AUTHORITY\SYSTEM,HKEY_LOCAL_MACHINE\Software\Classes\CLSID\{9FAE1230-74AC-4e33-B59C-4051BBEB0803}\InProcServer32\,C:\Windows\System32\ieframe.dll
ST869VRJ,Classes\CLSID\{B9931692-A2B3-4FAB-BF33-9EC6F9FB96AC}\InProcServer32,REG_EXPAND_SZ,,NT AUTHORITY\SYSTEM,HKEY_LOCAL_MACHINE\Software\Classes\CLSID\{B9931692-A2B3-4FAB-BF33-9EC6F9FB96AC}\InProcServer32\,%SystemRoot%\System32\msctf.dll
ST869VRJ,Wow6432Node\Classes\CLSID\{30C3B080-30FB-11d0-B724-00AA006C1A01}\InProcServer32,REG_SZ,,NT AUTHORITY\SYSTEM,HKEY_LOCAL_MACHINE\Software\Wow6432Node\Classes\CLSID\{30C3B080-30FB-11d0-B724-00AA006C1A01}\InProcServer32\,C:\Windows\SysWOW64\imgutil.dll
ST869VRJ,Classes\CLSID\{9B78F0E6-3E05-4A5B-B2E8-E743A8956B65}\InProcServer32,REG_EXPAND_SZ,,NT AUTHORITY\SYSTEM,HKEY_LOCAL_MACHINE\Software\Classes\CLSID\{9B78F0E6-3E05-4A5B-B2E8-E743A8956B65}\InProcServer32\,%SystemRoot%\system32\rdpencom.dll
ST869VRJ,Classes\CLSID\{D2D79DF5-3400-11d0-B40B-00AA005FF586}\InProcServer32,REG_EXPAND_SZ,,NT AUTHORITY\SYSTEM,HKEY_LOCAL_MACHINE\Software\Classes\CLSID\{D2D79DF5-3400-11d0-B40B-00AA005FF586}\InProcServer32\,%SystemRoot%\System32\dmintf.dll
ST869VRJ,Classes\CLSID\{03837525-098B-11D8-9414-505054503030}\InProcServer32,REG_EXPAND_SZ,,NT AUTHORITY\SYSTEM,HKEY_LOCAL_MACHINE\Software\Classes\CLSID\{03837525-098B-11D8-9414-505054503030}\InProcServer32\,%SystemRoot%\System32\pla.dll
ST869VRJ,Classes\CLSID\{3050F5C8-98B5-11CF-BB82-00AA00BDCE0B}\InProcServer32,REG_SZ,,NT AUTHORITY\SYSTEM,HKEY_LOCAL_MACHINE\Software\Classes\CLSID\{3050F5C8-98B5-11CF-BB82-00AA00BDCE0B}\InProcServer32\,C:\Windows\System32\mshtml.dll
ST869VRJ,Classes\CLSID\{74b077e8-32de-40ab-be4e-65609f575459}\InProcServer32,REG_EXPAND_SZ,,NT AUTHORITY\SYSTEM,HKEY_LOCAL_MACHINE\Software\Classes\CLSID\{74b077e8-32de-40ab-be4e-65609f575459}\InProcServer32\,%SystemRoot%\System32\wdc.dll
ST869VRJ,Classes\CLSID\{13639463-00DB-4646-803D-528026140D88}\InProcServer32,REG_SZ,,NT AUTHORITY\SYSTEM,HKEY_LOCAL_MACHINE\Software\Classes\CLSID\{13639463-00DB-4646-803D-528026140D88}\InProcServer32\,C:\Windows\System32\wuapi.dll
ST869VRJ,Classes\CLSID\{62545937-20A9-3D0F-B04B-322E854EACB0}\InProcServer32,REG_SZ,,NT AUTHORITY\SYSTEM,HKEY_LOCAL_MACHINE\Software\Classes\CLSID\{62545937-20A9-3D0F-B04B-322E854EACB0}\InProcServer32\,C:\Windows\System32\mscoree.dll
ST869VRJ,Classes\CLSID\{9B55AA0E-1BC2-46e4-B306-DF9BDFDCC644}\InProcServer32,REG_SZ,,NT AUTHORITY\SYSTEM,HKEY_LOCAL_MACHINE\Software\Classes\CLSID\{9B55AA0E-1BC2-46e4-B306-DF9BDFDCC644}\InProcServer32\,C:\Windows\System32\catsrvut.dll
ST869VRJ,Classes\CLSID\{3FC77A3B-14C6-41B6-ACC5-ED80223D81C4}\InProcServer32,REG_SZ,,NT AUTHORITY\SYSTEM,HKEY_LOCAL_MACHINE\Software\Classes\CLSID\{3FC77A3B-14C6-41B6-ACC5-ED80223D81C4}\InProcServer32\,C:\Windows\System32\OneDriveSettingSyncProvider.dll
ST869VRJ,Classes\CLSID\{6BC096B3-0CE6-11D1-BAAE-00C04FC2E20D}\InProcServer32,REG_EXPAND_SZ,,NT AUTHORITY\SYSTEM,HKEY_LOCAL_MACHINE\Software\Classes\CLSID\{6BC096B3-0CE6-11D1-BAAE-00C04FC2E20D}\InProcServer32\,%SystemRoot%\System32\iaspolcy.dll
ST869VRJ,Classes\CLSID\{27354130-7F64-5B0F-8F00-5D77AFBE261E}\InProcServer32,REG_SZ,,NT AUTHORITY\SYSTEM,HKEY_LOCAL_MACHINE\Software\Classes\CLSID\{27354130-7F64-5B0F-8F00-5D77AFBE261E}\InProcServer32\,C:\Windows\System32\imapi2.dll
ST869VRJ,Classes\CLSID\{5b858418-cfb4-4b32-8501-54d8b0c59f90}\InProcServer32,REG_EXPAND_SZ,,NT AUTHORITY\SYSTEM,HKEY_LOCAL_MACHINE\Software\Classes\CLSID\{5b858418-cfb4-4b32-8501-54d8b0c59f90}\InProcServer32\,%SystemRoot%\system32\shell32.dll
ST869VRJ,Classes\CLSID\{FFC9F9AE-E87A-3252-8E25-B22423A40065}\InProcServer32,REG_SZ,,NT AUTHORITY\SYSTEM,HKEY_LOCAL_MACHINE\Software\Classes\CLSID\{FFC9F9AE-E87A-3252-8E25-B22423A40065}\InProcServer32\,C:\Windows\System32\mscoree.dll
ST869VRJ,Classes\CLSID\{2C673043-FC2E-4d67-8920-517D24DEBD2C}\InProcServer32,REG_EXPAND_SZ,,NT AUTHORITY\SYSTEM,HKEY_LOCAL_MACHINE\Software\Classes\CLSID\{2C673043-FC2E-4d67-8920-517D24DEBD2C}\InProcServer32\,%SystemRoot%\System32\ActionCenterCPL.dll
ST869VRJ,Classes\CLSID\{3050f819-98b5-11cf-bb82-00aa00bdce0b}\InProcServer32,REG_SZ,,NT AUTHORITY\SYSTEM,HKEY_LOCAL_MACHINE\Software\Classes\CLSID\{3050f819-98b5-11cf-bb82-00aa00bdce0b}\InProcServer32\,C:\Windows\System32\mshtmled.dll
ST869VRJ,Classes\CLSID\{77CA5A90-1D99-4E2A-8D16-D2D7D00E9A9B}\InProcServer32,REG_SZ,,NT AUTHORITY\SYSTEM,HKEY_LOCAL_MACHINE\Software\Classes\CLSID\{77CA5A90-1D99-4E2A-8D16-D2D7D00E9A9B}\InProcServer32\,C:\Windows\System32\DevicePairing.dll
ST869VRJ,Classes\CLSID\{B77D3416-5479-4AB7-96AC-5B8CB384E86B}\InProcServer32,REG_SZ,,BUILTIN\Administrators,HKEY_LOCAL_MACHINE\Software\Classes\CLSID\{B77D3416-5479-4AB7-96AC-5B8CB384E86B}\InProcServer32\,c:\PROGRA~1\mcafee\vul\mcvulver.dll
ST869VRJ,Classes\CLSID\{C28DA8E5-39C2-4F62-82FA-C61D39A196DF}\InProcServer32,REG_EXPAND_SZ,,NT AUTHORITY\SYSTEM,HKEY_LOCAL_MACHINE\Software\Classes\CLSID\{C28DA8E5-39C2-4F62-82FA-C61D39A196DF}\InProcServer32\,%SystemRoot%\System32\NaturalLanguage6.dll
ST869VRJ,Classes\CLSID\{3050F4CF-98B5-11CF-BB82-00AA00BDCE0B}\InProcServer32,REG_SZ,,NT AUTHORITY\SYSTEM,HKEY_LOCAL_MACHINE\Software\Classes\CLSID\{3050F4CF-98B5-11CF-BB82-00AA00BDCE0B}\InProcServer32\,C:\Windows\System32\iepeers.dll
ST869VRJ,CurrentControlSet\Services\VMBusHID\,REG_EXPAND_SZ,ImagePath,NT AUTHORITY\SYSTEM,HKEY_LOCAL_MACHINE\SYSTEM\CurrentControlSet\Services\VMBusHID\ImagePath,\SystemRoot\System32\drivers\VMBusHID.sys
ST869VRJ,Classes\CLSID\{C5B454CD-3CA1-4b3a-A1D0-2CB5CD6BD985}\InProcServer32,REG_EXPAND_SZ,,NT AUTHORITY\SYSTEM,HKEY_LOCAL_MACHINE\Software\Classes\CLSID\{C5B454CD-3CA1-4b3a-A1D0-2CB5CD6BD985}\InProcServer32\,%SystemRoot%\System32\twinui.dll
ST869VRJ,Classes\CLSID\{0709BCEE-E071-4CF1-BD15-BAEC9AA12D75}\InProcServer32,REG_SZ,,NT AUTHORITY\SYSTEM,HKEY_LOCAL_MACHINE\Software\Classes\CLSID\{0709BCEE-E071-4CF1-BD15-BAEC9AA12D75}\InProcServer32\,C:\Windows\System32\InputMethod\SHARED\ChxUserDictDS.dll
ST869VRJ,Classes\CLSID\{5C8422A6-F64B-4AA6-8D3C-78A3E988AA9E}\InProcServer32,REG_SZ,,NT AUTHORITY\SYSTEM,HKEY_LOCAL_MACHINE\Software\Classes\CLSID\{5C8422A6-F64B-4AA6-8D3C-78A3E988AA9E}\InProcServer32\,C:\Windows\Microsoft.NET\Framework64\v4.0.30319\WPF\PenIMC2_v0400.dll
ST869VRJ,Classes\CLSID\{1AA7F840-C7F5-11D0-A376-00C04FC9DA04}\InProcServer32,REG_EXPAND_SZ,,NT AUTHORITY\SYSTEM,HKEY_LOCAL_MACHINE\Software\Classes\CLSID\{1AA7F840-C7F5-11D0-A376-00C04FC9DA04}\InProcServer32\,%SystemRoot%\System32\mprsnap.dll
ST869VRJ,Classes\CLSID\{429bc048-379e-45e0-80e4-eb1977941b5c}\InProcServer32,REG_SZ,,NT AUTHORITY\SYSTEM,HKEY_LOCAL_MACHINE\Software\Classes\CLSID\{429bc048-379e-45e0-80e4-eb1977941b5c}\InProcServer32\,C:\Windows\System32\mscoree.dll
ST869VRJ,Classes\CLSID\{7763B7C0-A5FD-4AA9-BD1B-58B17137236B}\InProcServer32,REG_EXPAND_SZ,,NT AUTHORITY\SYSTEM,HKEY_LOCAL_MACHINE\Software\Classes\CLSID\{7763B7C0-A5FD-4AA9-BD1B-58B17137236B}\InProcServer32\,%SystemRoot%\system32\shell32.dll
ST869VRJ,Classes\CLSID\{777BA81A-2498-4875-933A-3067DE883070}\InProcServer32,REG_EXPAND_SZ,,NT AUTHORITY\SYSTEM,HKEY_LOCAL_MACHINE\Software\Classes\CLSID\{777BA81A-2498-4875-933A-3067DE883070}\InProcServer32\,%SystemRoot%\system32\shpafact.dll
ST869VRJ,Classes\CLSID\{E6EE9AAC-F76B-4947-8260-A9F136138E11}\InProcServer32,REG_SZ,,NT AUTHORITY\SYSTEM,HKEY_LOCAL_MACHINE\Software\Classes\CLSID\{E6EE9AAC-F76B-4947-8260-A9F136138E11}\InProcServer32\,C:\Windows\System32\ieframe.dll
ST869VRJ,Classes\CLSID\{7c67eb93-8eff-4e48-889f-45ba299bc46f}\InProcServer32,REG_EXPAND_SZ,,NT AUTHORITY\SYSTEM,HKEY_LOCAL_MACHINE\Software\Classes\CLSID\{7c67eb93-8eff-4e48-889f-45ba299bc46f}\InProcServer32\,%SystemRoot%\system32\shell32.dll
ST869VRJ,Classes\CLSID\{ADB9F5A4-E73E-49b8-99B6-2FA317EF9DBC}\InProcServer32,REG_EXPAND_SZ,,NT AUTHORITY\SYSTEM,HKEY_LOCAL_MACHINE\Software\Classes\CLSID\{ADB9F5A4-E73E-49b8-99B6-2FA317EF9DBC}\InProcServer32\,%SystemRoot%\system32\themeui.dll
ST869VRJ,Wow6432Node\Classes\CLSID\{00020000-0000-0000-C000-000000000046}\InProcServer32,REG_EXPAND_SZ,,NT AUTHORITY\SYSTEM,HKEY_LOCAL_MACHINE\Software\Wow6432Node\Classes\CLSID\{00020000-0000-0000-C000-000000000046}\InProcServer32\,C:\Windows\SysWOW64\avifil32.dll
ST869VRJ,CurrentControlSet\Services\RpcEptMapper\Parameters\,REG_EXPAND_SZ,ServiceDll,NT AUTHORITY\SYSTEM,HKEY_LOCAL_MACHINE\SYSTEM\CurrentControlSet\Services\RpcEptMapper\Parameters\ServiceDll,%SystemRoot%\System32\RpcEpMap.dll
ST869VRJ,Classes\CLSID\{079AA557-4A18-424A-8EEE-E39F0A8D41B9}\InProcServer32,REG_EXPAND_SZ,,NT AUTHORITY\SYSTEM,HKEY_LOCAL_MACHINE\Software\Classes\CLSID\{079AA557-4A18-424A-8EEE-E39F0A8D41B9}\InProcServer32\,%SystemRoot%\System32\msxml3.dll
ST869VRJ,Classes\CLSID\{596AB062-B4D2-4215-9F74-E9109B0A8153}\InProcServer32,REG_EXPAND_SZ,,NT AUTHORITY\SYSTEM,HKEY_LOCAL_MACHINE\Software\Classes\CLSID\{596AB062-B4D2-4215-9F74-E9109B0A8153}\InProcServer32\,%SystemRoot%\system32\twext.dll
ST869VRJ,Classes\CLSID\{6b33163c-76a5-4b6c-bf21-45de9cd503a1}\InProcServer32,REG_EXPAND_SZ,,NT AUTHORITY\SYSTEM,HKEY_LOCAL_MACHINE\Software\Classes\CLSID\{6b33163c-76a5-4b6c-bf21-45de9cd503a1}\InProcServer32\,%SystemRoot%\System32\shwebsvc.dll
ST869VRJ,Classes\CLSID\{613fba38-a3df-4ab8-9674-5604984a299a}\InProcServer32,REG_SZ,,NT AUTHORITY\SYSTEM,HKEY_LOCAL_MACHINE\Software\Classes\CLSID\{613fba38-a3df-4ab8-9674-5604984a299a}\InProcServer32\,C:\Windows\System32\mscoree.dll
ST869VRJ,Classes\CLSID\{83748E14-8F60-4AB3-8A81-7CECBE2B1CBE}\InProcServer32,REG_SZ,,BUILTIN\Administrators,HKEY_LOCAL_MACHINE\Software\Classes\CLSID\{83748E14-8F60-4AB3-8A81-7CECBE2B1CBE}\InProcServer32\,c:\PROGRA~1\mcafee\mps\mpsmspap.dll
ST869VRJ,Classes\CLSID\{C2796011-81BA-4148-8FCA-C6643245113F}\InProcServer32,REG_EXPAND_SZ,,NT AUTHORITY\SYSTEM,HKEY_LOCAL_MACHINE\Software\Classes\CLSID\{C2796011-81BA-4148-8FCA-C6643245113F}\InProcServer32\,%SystemRoot%\System32\pnidui.dll
ST869VRJ,Classes\CLSID\{19fb28d1-0e3f-4b94-bd34-8e841aa8b85e}\InProcServer32,REG_SZ,,NT AUTHORITY\SYSTEM,HKEY_LOCAL_MACHINE\Software\Classes\CLSID\{19fb28d1-0e3f-4b94-bd34-8e841aa8b85e}\InProcServer32\,C:\Windows\System32\Windows.Devices.Enumeration.PS.dll
ST869VRJ,Classes\CLSID\{AB0D8B78-D7F8-4249-AC86-3A3E3D7BFBC4}\InProcServer32,REG_SZ,,NT AUTHORITY\SYSTEM,HKEY_LOCAL_MACHINE\Software\Classes\CLSID\{AB0D8B78-D7F8-4249-AC86-3A3E3D7BFBC4}\InProcServer32\,C:\Windows\System32\InputMethod\CHT\ChtChangjieDS.dll
ST869VRJ,Classes\CLSID\{EFB92EFB-9236-4bd7-B60D-51D1C7D1C87A}\InProcServer32,REG_EXPAND_SZ,,NT AUTHORITY\SYSTEM,HKEY_LOCAL_MACHINE\Software\Classes\CLSID\{EFB92EFB-9236-4bd7-B60D-51D1C7D1C87A}\InProcServer32\,%SystemRoot%\system32\netcorehc.dll
ST869VRJ,Microsoft\Windows NT\CurrentVersion\Image File Execution Options\iexplore.exe\,REG_DWORD,DisableExceptionChainValidation,NT AUTHORITY\SYSTEM,HKEY_LOCAL_MACHINE\Software\Microsoft\Windows NT\CurrentVersion\Image File Execution Options\iexplore.exe\DisableExceptionChainValidation,0
ST869VRJ,Classes\CLSID\{1249B20C-5DD0-44FE-B0B3-8F92C8E6D080}\InProcServer32,REG_EXPAND_SZ,,NT AUTHORITY\SYSTEM,HKEY_LOCAL_MACHINE\Software\Classes\CLSID\{1249B20C-5DD0-44FE-B0B3-8F92C8E6D080}\InProcServer32\,%SystemRoot%\system32\windowscodecs.dll
ST869VRJ,Classes\CLSID\{95158CD0-A5EE-4BEF-B9AC-8DE5D820275F}\InProcServer32,REG_EXPAND_SZ,,NT AUTHORITY\SYSTEM,HKEY_LOCAL_MACHINE\Software\Classes\CLSID\{95158CD0-A5EE-4BEF-B9AC-8DE5D820275F}\InProcServer32\,%SystemRoot%\system32\Windows.UI.Search.dll
ST869VRJ,Wow6432Node\Classes\CLSID\{524b350e-a28a-425d-a472-c9e2e2c87bfd}\InProcServer32,REG_SZ,,NT AUTHORITY\SYSTEM,HKEY_LOCAL_MACHINE\Software\Wow6432Node\Classes\CLSID\{524b350e-a28a-425d-a472-c9e2e2c87bfd}\InProcServer32\,C:\Windows\SysWOW64\Windows.Media.MediaControl.dll
ST869VRJ,Classes\CLSID\{C8C3A940-EE0E-4BFD-A151-E31A7F05F866}\InProcServer32,REG_SZ,,BUILTIN\Administrators,HKEY_LOCAL_MACHINE\Software\Classes\CLSID\{C8C3A940-EE0E-4BFD-A151-E31A7F05F866}\InProcServer32\,c:\PROGRA~1\COMMON~1\mcafee\platform\MCSVCH~1\mcsvhver.dll
ST869VRJ,CurrentControlSet\Services\CompositeBus\,REG_EXPAND_SZ,ImagePath,NT AUTHORITY\SYSTEM,HKEY_LOCAL_MACHINE\SYSTEM\CurrentControlSet\Services\CompositeBus\ImagePath,\SystemRoot\System32\drivers\CompositeBus.sys
ST869VRJ,Classes\CLSID\{EC278F3A-BFE8-42d5-99C0-E25F5EF4A3D1}\InProcServer32,REG_EXPAND_SZ,,NT AUTHORITY\SYSTEM,HKEY_LOCAL_MACHINE\Software\Classes\CLSID\{EC278F3A-BFE8-42d5-99C0-E25F5EF4A3D1}\InProcServer32\,%SystemRoot%\system32\tscfgwmi.dll
ST869VRJ,Classes\CLSID\{d58960ba-2ef3-4910-9e34-c911b1710180}\InProcServer32,REG_EXPAND_SZ,,NT AUTHORITY\SYSTEM,HKEY_LOCAL_MACHINE\Software\Classes\CLSID\{d58960ba-2ef3-4910-9e34-c911b1710180}\InProcServer32\,%SystemRoot%\system32\shell32.dll
ST869VRJ,Classes\CLSID\{17CCA71B-ECD7-11D0-B908-00A0C9223196}\InProcServer32,REG_SZ,,NT AUTHORITY\SYSTEM,HKEY_LOCAL_MACHINE\Software\Classes\CLSID\{17CCA71B-ECD7-11D0-B908-00A0C9223196}\InProcServer32\,C:\Windows\System32\ksproxy.ax
ST869VRJ,Classes\CLSID\{44A50F5F-78E2-4D17-930C-68BB9F69EC9E}\InProcServer32,REG_EXPAND_SZ,,NT AUTHORITY\SYSTEM,HKEY_LOCAL_MACHINE\Software\Classes\CLSID\{44A50F5F-78E2-4D17-930C-68BB9F69EC9E}\InProcServer32\,%SystemRoot%\System32\twinui.dll
ST869VRJ,Classes\CLSID\{9305969B-F45F-47e5-A954-6EA879E874CC}\InProcServer32,REG_SZ,,NT AUTHORITY\SYSTEM,HKEY_LOCAL_MACHINE\Software\Classes\CLSID\{9305969B-F45F-47e5-A954-6EA879E874CC}\InProcServer32\,C:\Windows\System32\comsnap.dll
ST869VRJ,Classes\CLSID\{2067ECCC-D717-4b2e-9B39-2847A412F13C}\InProcServer32,REG_EXPAND_SZ,,NT AUTHORITY\SYSTEM,HKEY_LOCAL_MACHINE\Software\Classes\CLSID\{2067ECCC-D717-4b2e-9B39-2847A412F13C}\InProcServer32\,%SystemRoot%\system32\twinui.dll
ST869VRJ,Classes\CLSID\{9C07355E-C50A-45D2-B4A3-0A8235F8047F}\InProcServer32,REG_EXPAND_SZ,,NT AUTHORITY\SYSTEM,HKEY_LOCAL_MACHINE\Software\Classes\CLSID\{9C07355E-C50A-45D2-B4A3-0A8235F8047F}\InProcServer32\,%SystemRoot%\System32\explorerframe.dll
ST869VRJ,Classes\CLSID\{3722c3b1-82e8-4022-8b27-1f8a68b44ac7}\InProcServer32,REG_EXPAND_SZ,,NT AUTHORITY\SYSTEM,HKEY_LOCAL_MACHINE\Software\Classes\CLSID\{3722c3b1-82e8-4022-8b27-1f8a68b44ac7}\InProcServer32\,%SystemRoot%\system32\SearchFolder.dll
ST869VRJ,Classes\CLSID\{3bb4118f-ddfd-4d30-a348-9fb5d6bf1afe}\InProcServer32,REG_EXPAND_SZ,,NT AUTHORITY\SYSTEM,HKEY_LOCAL_MACHINE\Software\Classes\CLSID\{3bb4118f-ddfd-4d30-a348-9fb5d6bf1afe}\InProcServer32\,%SystemRoot%\system32\shell32.dll
ST869VRJ,Classes\CLSID\{0968e258-16c7-4dba-aa86-462dd61e31a3}\InProcServer32,REG_SZ,,NT AUTHORITY\SYSTEM,HKEY_LOCAL_MACHINE\Software\Classes\CLSID\{0968e258-16c7-4dba-aa86-462dd61e31a3}\InProcServer32\,C:\Windows\System32\urlmon.dll
ST869VRJ,CurrentControlSet\Services\i8042prt\,REG_EXPAND_SZ,ImagePath,NT AUTHORITY\SYSTEM,HKEY_LOCAL_MACHINE\SYSTEM\CurrentControlSet\Services\i8042prt\ImagePath,\SystemRoot\System32\drivers\i8042prt.sys
ST869VRJ,Classes\CLSID\{FEF10FA2-355E-4e06-9381-9B24D7F7CC88}\InProcServer32,REG_EXPAND_SZ,,NT AUTHORITY\SYSTEM,HKEY_LOCAL_MACHINE\Software\Classes\CLSID\{FEF10FA2-355E-4e06-9381-9B24D7F7CC88}\InProcServer32\,%SystemRoot%\system32\shell32.dll
ST869VRJ,Classes\CLSID\{F00CA7A7-4B8D-3F2F-A5F2-CE4A4478B39C}\InProcServer32,REG_SZ,,NT AUTHORITY\SYSTEM,HKEY_LOCAL_MACHINE\Software\Classes\CLSID\{F00CA7A7-4B8D-3F2F-A5F2-CE4A4478B39C}\InProcServer32\,C:\Windows\System32\mscoree.dll
ST869VRJ,Classes\CLSID\{FB49CFE3-C775-48f1-B0C6-BEBABF84EFF9}\InProcServer32,REG_SZ,,BUILTIN\Administrators,HKEY_LOCAL_MACHINE\Software\Classes\CLSID\{FB49CFE3-C775-48f1-B0C6-BEBABF84EFF9}\InProcServer32\,c:\PROGRA~1\COMMON~1\mcafee\HACKER~1\hwapi.dll
ST869VRJ,Classes\CLSID\{09c5dd34-009d-40fa-bcb9-0165ad0c15d4}\InProcServer32,REG_SZ,,NT AUTHORITY\SYSTEM,HKEY_LOCAL_MACHINE\Software\Classes\CLSID\{09c5dd34-009d-40fa-bcb9-0165ad0c15d4}\InProcServer32\,C:\Windows\System32\Windows.UI.Immersive.dll
ST869VRJ,Classes\CLSID\{17D6CCD8-3B7B-11D2-B9E0-00C04FD8DBF7}\InProcServer32,REG_SZ,,NT AUTHORITY\SYSTEM,HKEY_LOCAL_MACHINE\Software\Classes\CLSID\{17D6CCD8-3B7B-11D2-B9E0-00C04FD8DBF7}\InProcServer32\,C:\Windows\System32\objsel.dll
ST869VRJ,Classes\CLSID\{fcf8ebcb-d6cd-4f87-be38-d40b90ef2fb8}\InProcServer32,REG_EXPAND_SZ,,NT AUTHORITY\SYSTEM,HKEY_LOCAL_MACHINE\Software\Classes\CLSID\{fcf8ebcb-d6cd-4f87-be38-d40b90ef2fb8}\InProcServer32\,%SystemRoot%\system32\twinui.dll
ST869VRJ,Classes\CLSID\{AAD3DECB-03A4-4DF6-821F-F8A1357EB25D}\InProcServer32,REG_EXPAND_SZ,,NT AUTHORITY\SYSTEM,HKEY_LOCAL_MACHINE\Software\Classes\CLSID\{AAD3DECB-03A4-4DF6-821F-F8A1357EB25D}\InProcServer32\,%SystemRoot%\System32\twinui.dll
ST869VRJ,CurrentControlSet\Services\Wecsvc\Parameters\,REG_EXPAND_SZ,ServiceDll,NT AUTHORITY\SYSTEM,HKEY_LOCAL_MACHINE\SYSTEM\CurrentControlSet\Services\Wecsvc\Parameters\ServiceDll,%SystemRoot%\system32\wecsvc.dll
ST869VRJ,Classes\CLSID\{27F31D55-D6C6-3676-9D42-C40F3A918636}\InProcServer32,REG_SZ,,NT AUTHORITY\SYSTEM,HKEY_LOCAL_MACHINE\Software\Classes\CLSID\{27F31D55-D6C6-3676-9D42-C40F3A918636}\InProcServer32\,C:\Windows\System32\mscoree.dll
ST869VRJ,Classes\CLSID\{2241690B-2E92-46ab-B054-7518558B80DF}\InProcServer32,REG_EXPAND_SZ,,NT AUTHORITY\SYSTEM,HKEY_LOCAL_MACHINE\Software\Classes\CLSID\{2241690B-2E92-46ab-B054-7518558B80DF}\InProcServer32\,%SystemRoot%\System32\twinui.dll
ST869VRJ,Classes\CLSID\{7071ECA3-663B-4bc1-A1FA-B97F3B917C55}\InProcServer32,REG_EXPAND_SZ,,NT AUTHORITY\SYSTEM,HKEY_LOCAL_MACHINE\Software\Classes\CLSID\{7071ECA3-663B-4bc1-A1FA-B97F3B917C55}\InProcServer32\,%SystemRoot%\system32\connect.dll
ST869VRJ,Classes\CLSID\{24EEC005-3938-3C71-821D-7F68FD850B2D}\InProcServer32,REG_SZ,,NT AUTHORITY\SYSTEM,HKEY_LOCAL_MACHINE\Software\Classes\CLSID\{24EEC005-3938-3C71-821D-7F68FD850B2D}\InProcServer32\,C:\Windows\System32\mscoree.dll
ST869VRJ,Classes\CLSID\{AAD4BDD3-81AA-3ABC-B53B-D904D25BC01E}\InProcServer32,REG_SZ,,NT AUTHORITY\SYSTEM,HKEY_LOCAL_MACHINE\Software\Classes\CLSID\{AAD4BDD3-81AA-3ABC-B53B-D904D25BC01E}\InProcServer32\,C:\Windows\System32\mscoree.dll
ST869VRJ,Wow6432Node\Classes\CLSID\{5DE7918B-BFD7-4C1E-B4E0-B16D0A3EA76B}\InProcServer32,REG_SZ,,NT AUTHORITY\SYSTEM,HKEY_LOCAL_MACHINE\Software\Wow6432Node\Classes\CLSID\{5DE7918B-BFD7-4C1E-B4E0-B16D0A3EA76B}\InProcServer32\,C:\Windows\SysWOW64\AuthHostProxy.dll
ST869VRJ,Classes\CLSID\{ADAB9B51-4CDD-4af0-892C-AB7FA7B3293F}\InProcServer32,REG_EXPAND_SZ,,NT AUTHORITY\SYSTEM,HKEY_LOCAL_MACHINE\Software\Classes\CLSID\{ADAB9B51-4CDD-4af0-892C-AB7FA7B3293F}\InProcServer32\,%SystemRoot%\System32\gpsvc.dll
ST869VRJ,Classes\CLSID\{7b8a2d94-0ac9-11d1-896c-00c04Fb6bfc4}\InProcServer32,REG_SZ,,NT AUTHORITY\SYSTEM,HKEY_LOCAL_MACHINE\Software\Classes\CLSID\{7b8a2d94-0ac9-11d1-896c-00c04Fb6bfc4}\InProcServer32\,C:\Windows\System32\urlmon.dll
ST869VRJ,Classes\CLSID\{CDBD8D00-C193-11D0-BD4E-00A0C911CE86}\InProcServer32,REG_SZ,,NT AUTHORITY\SYSTEM,HKEY_LOCAL_MACHINE\Software\Classes\CLSID\{CDBD8D00-C193-11D0-BD4E-00A0C911CE86}\InProcServer32\,C:\Windows\System32\quartz.dll
ST869VRJ,Classes\CLSID\{9053699F-A341-429D-9E90-EE437CF80C73}\InProcServer32,REG_EXPAND_SZ,,NT AUTHORITY\SYSTEM,HKEY_LOCAL_MACHINE\Software\Classes\CLSID\{9053699F-A341-429D-9E90-EE437CF80C73}\InProcServer32\,%SystemRoot%\system32\windowscodecs.dll
ST869VRJ,Classes\CLSID\{3B1B5147-715E-49e0-AE9F-ADF86724BB89}\InProcServer32,REG_EXPAND_SZ,,NT AUTHORITY\SYSTEM,HKEY_LOCAL_MACHINE\Software\Classes\CLSID\{3B1B5147-715E-49e0-AE9F-ADF86724BB89}\InProcServer32\,%SystemRoot%\system32\SearchFolder.dll
ST869VRJ,Classes\CLSID\{935249A5-B5E8-43F6-A991-61435E5954B3}\InProcServer32,REG_EXPAND_SZ,,NT AUTHORITY\SYSTEM,HKEY_LOCAL_MACHINE\Software\Classes\CLSID\{935249A5-B5E8-43F6-A991-61435E5954B3}\InProcServer32\,%SystemRoot%\system32\explorerframe.dll
ST869VRJ,CurrentControlSet\Services\WSService\Parameters\,REG_EXPAND_SZ,ServiceDll,NT AUTHORITY\SYSTEM,HKEY_LOCAL_MACHINE\SYSTEM\CurrentControlSet\Services\WSService\Parameters\ServiceDll,%SystemRoot%\System32\WSService.dll
ST869VRJ,Classes\CLSID\{9BF8D948-5C56-450e-BAF8-D6144C6E81CB}\InProcServer32,REG_EXPAND_SZ,,NT AUTHORITY\SYSTEM,HKEY_LOCAL_MACHINE\Software\Classes\CLSID\{9BF8D948-5C56-450e-BAF8-D6144C6E81CB}\InProcServer32\,%SystemRoot%\System32\StructuredQuery.dll
ST869VRJ,Classes\CLSID\{FD853CE1-7F86-11d0-8252-00C04FD85AB4}\InProcServer32,REG_SZ,,NT AUTHORITY\SYSTEM,HKEY_LOCAL_MACHINE\Software\Classes\CLSID\{FD853CE1-7F86-11d0-8252-00C04FD85AB4}\InProcServer32\,C:\Windows\System32\inetcomm.dll
ST869VRJ,Classes\CLSID\{94a909a5-6f52-11d1-8c18-00c04fd8d503}\InProcServer32,REG_EXPAND_SZ,,NT AUTHORITY\SYSTEM,HKEY_LOCAL_MACHINE\Software\Classes\CLSID\{94a909a5-6f52-11d1-8c18-00c04fd8d503}\InProcServer32\,%SystemRoot%\system32\adsmsext.dll
ST869VRJ,Classes\CLSID\{76765b11-3f95-4af2-ac9d-ea55d8994f1a}\InProcServer32,REG_EXPAND_SZ,,NT AUTHORITY\SYSTEM,HKEY_LOCAL_MACHINE\Software\Classes\CLSID\{76765b11-3f95-4af2-ac9d-ea55d8994f1a}\InProcServer32\,%SystemRoot%\system32\propsys.dll
ST869VRJ,Classes\CLSID\{9C125A6F-EAE2-3FC1-97A1-C0DCEAB0B5DF}\InProcServer32,REG_SZ,,NT AUTHORITY\SYSTEM,HKEY_LOCAL_MACHINE\Software\Classes\CLSID\{9C125A6F-EAE2-3FC1-97A1-C0DCEAB0B5DF}\InProcServer32\,C:\Windows\System32\mscoree.dll
ST869VRJ,Classes\CLSID\{520CCA63-51A5-11D3-9144-00104BA11C5E}\InProcServer32,REG_SZ,,NT AUTHORITY\SYSTEM,HKEY_LOCAL_MACHINE\Software\Classes\CLSID\{520CCA63-51A5-11D3-9144-00104BA11C5E}\InProcServer32\,C:\Windows\System32\imapi.dll
ST869VRJ,Classes\CLSID\{346D5B9F-45E1-45C0-AADF-1B7D221E9063}\InProcServer32,REG_SZ,,NT AUTHORITY\SYSTEM,HKEY_LOCAL_MACHINE\Software\Classes\CLSID\{346D5B9F-45E1-45C0-AADF-1B7D221E9063}\InProcServer32\,C:\Windows\System32\mscoree.dll
ST869VRJ,Wow6432Node\Classes\CLSID\{EEC6993A-B3FD-11D2-A916-00C04FB98638}\InProcServer32,REG_SZ,,NT AUTHORITY\SYSTEM,HKEY_LOCAL_MACHINE\Software\Wow6432Node\Classes\CLSID\{EEC6993A-B3FD-11D2-A916-00C04FB98638}\InProcServer32\,C:\Windows\SysWOW64\pid.dll
ST869VRJ,Classes\CLSID\{018f2d58-f16d-448a-bd87-225c8c5d5c94}\InProcServer32,REG_SZ,,NT AUTHORITY\SYSTEM,HKEY_LOCAL_MACHINE\Software\Classes\CLSID\{018f2d58-f16d-448a-bd87-225c8c5d5c94}\InProcServer32\,C:\Windows\System32\Windows.UI.Immersive.dll
ST869VRJ,Classes\CLSID\{5f6c1ba8-5330-422e-a368-572b244d3f87}\InProcServer32,REG_SZ,,NT AUTHORITY\SYSTEM,HKEY_LOCAL_MACHINE\Software\Classes\CLSID\{5f6c1ba8-5330-422e-a368-572b244d3f87}\InProcServer32\,C:\Windows\System32\fdproxy.dll
ST869VRJ,Classes\CLSID\{d41748f8-737c-4edb-bb21-18d8b37c511e}\InProcServer32,REG_SZ,,NT AUTHORITY\SYSTEM,HKEY_LOCAL_MACHINE\Software\Classes\CLSID\{d41748f8-737c-4edb-bb21-18d8b37c511e}\InProcServer32\,C:\Windows\System32\twinui.dll
ST869VRJ,Classes\CLSID\{263A4743-BC0D-40b6-8F7F-1B2135C204D2}\InProcServer32,REG_EXPAND_SZ,,NT AUTHORITY\SYSTEM,HKEY_LOCAL_MACHINE\Software\Classes\CLSID\{263A4743-BC0D-40b6-8F7F-1B2135C204D2}\InProcServer32\,%SystemRoot%\system32\explorerframe.dll
ST869VRJ,Classes\CLSID\{E947A0B0-D47F-3AA3-9B77-4624E0F3ACA4}\InProcServer32,REG_SZ,,NT AUTHORITY\SYSTEM,HKEY_LOCAL_MACHINE\Software\Classes\CLSID\{E947A0B0-D47F-3AA3-9B77-4624E0F3ACA4}\InProcServer32\,C:\Windows\System32\mscoree.dll
ST869VRJ,CurrentControlSet\Services\Rasl2tp\,REG_EXPAND_SZ,ImagePath,NT AUTHORITY\SYSTEM,HKEY_LOCAL_MACHINE\SYSTEM\CurrentControlSet\Services\Rasl2tp\ImagePath,\SystemRoot\System32\drivers\rasl2tp.sys
ST869VRJ,Wow6432Node\Classes\CLSID\{EB9D0A19-E64D-4C85-A6A1-45EFAB463E6F}\InProcServer32,REG_SZ,,NT AUTHORITY\SYSTEM,HKEY_LOCAL_MACHINE\Software\Wow6432Node\Classes\CLSID\{EB9D0A19-E64D-4C85-A6A1-45EFAB463E6F}\InProcServer32\,C:\Windows\SysWOW64\Windows.Devices.Printers.Extensions.dll
ST869VRJ,Microsoft\Windows NT\CurrentVersion\Image File Execution Options\DllNXOptions\,REG_DWORD,mscorsvr.dll,NT AUTHORITY\SYSTEM,HKEY_LOCAL_MACHINE\Software\Microsoft\Windows NT\CurrentVersion\Image File Execution Options\DllNXOptions\mscorsvr.dll,1
ST869VRJ,Classes\CLSID\{B675B948-FBA8-46A4-A4C7-D4291785127B}\InProcServer32,REG_EXPAND_SZ,,NT AUTHORITY\SYSTEM,HKEY_LOCAL_MACHINE\Software\Classes\CLSID\{B675B948-FBA8-46A4-A4C7-D4291785127B}\InProcServer32\,%SystemRoot%\System32\NaturalLanguage6.dll
ST869VRJ,Classes\CLSID\{777BA816-2498-4875-933A-3067DE883070}\InProcServer32,REG_EXPAND_SZ,,NT AUTHORITY\SYSTEM,HKEY_LOCAL_MACHINE\Software\Classes\CLSID\{777BA816-2498-4875-933A-3067DE883070}\InProcServer32\,%SystemRoot%\system32\xwizards.dll
ST869VRJ,CurrentControlSet\Services\WinSock2\Parameters\Protocol_Catalog9\Catalog_Entries\000000000004\,REG_BINARY,PackedCatalogItem,NT AUTHORITY\SYSTEM,HKEY_LOCAL_MACHINE\System\CurrentControlSet\Services\WinSock2\Parameters\Protocol_Catalog9\Catalog_Entries\000000000004\PackedCatalogItem,"%SystemRoot%\system32\mswsock.dll."".h.t.t.p.:././.s.c.h.e.m.a.s...m.i.c.r.o.s.o.f.t...c.o.m./.w.i.n./.2.0.0.4./.0.8./.e.v.e.n.t.s."".&gt;..... . .&lt;.t.e.m.p.l.a.t.e. .t.i.d.=."".R.e.s.u.l.t."".&gt;..... . . . .&lt;.d.a.t.a. .i.n.T.y.p.e.=."".w.i.n.:.U.I.n.t.3.2."". .n.a.m.e.f........................&amp;.......l4.................................................................................@.%.S.y.s.t.e.m.R.o.o.t.%.\.S.y.s.t.e.m.3.2.\.m.s.w.s.o.c.k...d.l.l. .-.6.0.2.0.0..............................................................................................................................................................................................................................................................................................................................................................................................................................................."
ST869VRJ,Classes\CLSID\{5A973DFF-5D1E-4CCC-9072-2CDBDB5370A5}\InProcServer32,REG_SZ,,BUILTIN\Administrators,HKEY_LOCAL_MACHINE\Software\Classes\CLSID\{5A973DFF-5D1E-4CCC-9072-2CDBDB5370A5}\InProcServer32\,c:\PROGRA~1\mcafee\vul\mcvulap.dll
ST869VRJ,Wow6432Node\Classes\CLSID\{59699770-2BF1-46C6-857C-1D509DB7079E}\InProcServer32,REG_SZ,,NT AUTHORITY\SYSTEM,HKEY_LOCAL_MACHINE\Software\Wow6432Node\Classes\CLSID\{59699770-2BF1-46C6-857C-1D509DB7079E}\InProcServer32\,C:\Windows\SysWOW64\puiapi.dll
ST869VRJ,Classes\CLSID\{515980c3-57fe-4c1e-a561-730dd256ab98}\InProcServer32,REG_EXPAND_SZ,,NT AUTHORITY\SYSTEM,HKEY_LOCAL_MACHINE\Software\Classes\CLSID\{515980c3-57fe-4c1e-a561-730dd256ab98}\InProcServer32\,%SystemRoot%\System32\shell32.dll
ST869VRJ,Classes\CLSID\{1AA7F839-C7F5-11D0-A376-00C04FC9DA04}\InProcServer32,REG_EXPAND_SZ,,NT AUTHORITY\SYSTEM,HKEY_LOCAL_MACHINE\Software\Classes\CLSID\{1AA7F839-C7F5-11D0-A376-00C04FC9DA04}\InProcServer32\,%SystemRoot%\System32\mprsnap.dll
ST869VRJ,Classes\CLSID\{424B71AF-0695-11D2-A484-00C04F8EFB69}\InProcServer32,REG_SZ,,NT AUTHORITY\SYSTEM,HKEY_LOCAL_MACHINE\Software\Classes\CLSID\{424B71AF-0695-11D2-A484-00C04F8EFB69}\InProcServer32\,C:\Windows\System32\Dxtmsft.dll
ST869VRJ,Classes\CLSID\{bf78a650-d489-4360-a0b7-c32471e07692}\InProcServer32,REG_EXPAND_SZ,,NT AUTHORITY\SYSTEM,HKEY_LOCAL_MACHINE\Software\Classes\CLSID\{bf78a650-d489-4360-a0b7-c32471e07692}\InProcServer32\,%SystemRoot%\system32\shell32.dll
ST869VRJ,Classes\CLSID\{FD853CE3-7F86-11d0-8252-00C04FD85AB4}\InProcServer32,REG_SZ,,NT AUTHORITY\SYSTEM,HKEY_LOCAL_MACHINE\Software\Classes\CLSID\{FD853CE3-7F86-11d0-8252-00C04FD85AB4}\InProcServer32\,C:\Windows\System32\inetcomm.dll
ST869VRJ,Wow6432Node\Classes\CLSID\{5220cb21-c88d-11cf-b347-00aa00a28331}\InProcServer32,REG_SZ,,NT AUTHORITY\SYSTEM,HKEY_LOCAL_MACHINE\Software\Wow6432Node\Classes\CLSID\{5220cb21-c88d-11cf-b347-00aa00a28331}\InProcServer32\,C:\Windows\SysWOW64\licmgr10.dll
ST869VRJ,Classes\CLSID\{F9EFBEC2-4302-11D2-952A-00C04FA34F05}\InProcServer32,REG_SZ,,NT AUTHORITY\SYSTEM,HKEY_LOCAL_MACHINE\Software\Classes\CLSID\{F9EFBEC2-4302-11D2-952A-00C04FA34F05}\InProcServer32\,C:\Windows\System32\Dxtmsft.dll
ST869VRJ,Wow6432Node\Classes\CLSID\{8101368E-CABB-4426-ACFF-96C4108120CD}\InProcServer32,REG_SZ,,NT AUTHORITY\SYSTEM,HKEY_LOCAL_MACHINE\Software\Wow6432Node\Classes\CLSID\{8101368E-CABB-4426-ACFF-96C4108120CD}\InProcServer32\,C:\Windows\SysWOW64\fdPnp.dll
ST869VRJ,Wow6432Node\Classes\CLSID\{8b40abb8-6c65-465a-8c4b-26224df3125f}\InProcServer32,REG_SZ,,NT AUTHORITY\SYSTEM,HKEY_LOCAL_MACHINE\Software\Wow6432Node\Classes\CLSID\{8b40abb8-6c65-465a-8c4b-26224df3125f}\InProcServer32\,C:\Windows\SysWOW64\Windows.Data.Pdf.dll
ST869VRJ,Classes\CLSID\{9A4948D9-13FC-4FAC-B60A-FBA6EE0FB11C}\InProcServer32,REG_SZ,,NT AUTHORITY\SYSTEM,HKEY_LOCAL_MACHINE\Software\Classes\CLSID\{9A4948D9-13FC-4FAC-B60A-FBA6EE0FB11C}\InProcServer32\,C:\Windows\System32\wuapi.dll
ST869VRJ,Classes\CLSID\{DC357AD1-94F3-4932-80D4-306B69004B46}\InProcServer32,REG_SZ,,NT AUTHORITY\SYSTEM,HKEY_LOCAL_MACHINE\Software\Classes\CLSID\{DC357AD1-94F3-4932-80D4-306B69004B46}\InProcServer32\,C:\Windows\System32\shell32.dll
ST869VRJ,Classes\CLSID\{5AA199A0-1CED-43A5-9B85-3226086738A3}\InProcServer32,REG_SZ,,NT AUTHORITY\SYSTEM,HKEY_LOCAL_MACHINE\Software\Classes\CLSID\{5AA199A0-1CED-43A5-9B85-3226086738A3}\InProcServer32\,C:\Windows\System32\netcfgx.dll
ST869VRJ,Wow6432Node\Classes\CLSID\{2C256447-3F0D-4CBB-9D12-575BB20CDA0A}\InProcServer32,REG_SZ,,NT AUTHORITY\SYSTEM,HKEY_LOCAL_MACHINE\Software\Wow6432Node\Classes\CLSID\{2C256447-3F0D-4CBB-9D12-575BB20CDA0A}\InProcServer32\,C:\Windows\SysWOW64\faultrep.dll
ST869VRJ,CurrentControlSet\Services\ShellHWDetection\Parameters\,REG_EXPAND_SZ,ServiceDll,NT AUTHORITY\SYSTEM,HKEY_LOCAL_MACHINE\SYSTEM\CurrentControlSet\Services\ShellHWDetection\Parameters\ServiceDll,%SystemRoot%\System32\shsvcs.dll
ST869VRJ,Classes\CLSID\{4522c772-9a2b-4920-ad7f-62d3d15eac52}\InProcServer32,REG_EXPAND_SZ,,NT AUTHORITY\SYSTEM,HKEY_LOCAL_MACHINE\Software\Classes\CLSID\{4522c772-9a2b-4920-ad7f-62d3d15eac52}\InProcServer32\,%SystemRoot%\system32\shell32.dll
ST869VRJ,Classes\CLSID\{CACAF262-9370-4615-A13B-9F5539DA4C0A}\InProcServer32,REG_EXPAND_SZ,,NT AUTHORITY\SYSTEM,HKEY_LOCAL_MACHINE\Software\Classes\CLSID\{CACAF262-9370-4615-A13B-9F5539DA4C0A}\InProcServer32\,%SystemRoot%\system32\windowscodecs.dll
ST869VRJ,Classes\CLSID\{DD5856E5-8151-3334-B8E9-07CB152B20A4}\InProcServer32,REG_SZ,,NT AUTHORITY\SYSTEM,HKEY_LOCAL_MACHINE\Software\Classes\CLSID\{DD5856E5-8151-3334-B8E9-07CB152B20A4}\InProcServer32\,C:\Windows\System32\mscoree.dll
ST869VRJ,Classes\CLSID\{6BC0969D-0CE6-11D1-BAAE-00C04FC2E20D}\InProcServer32,REG_EXPAND_SZ,,NT AUTHORITY\SYSTEM,HKEY_LOCAL_MACHINE\Software\Classes\CLSID\{6BC0969D-0CE6-11D1-BAAE-00C04FC2E20D}\InProcServer32\,%SystemRoot%\system32\iassvcs.dll
ST869VRJ,Classes\CLSID\{f9bcb2f0-7df0-4a39-932e-bdef29dfb16b}\InProcServer32,REG_EXPAND_SZ,,NT AUTHORITY\SYSTEM,HKEY_LOCAL_MACHINE\Software\Classes\CLSID\{f9bcb2f0-7df0-4a39-932e-bdef29dfb16b}\InProcServer32\,%SystemRoot%\system32\authui.dll
ST869VRJ,Classes\CLSID\{06B81C12-A5DA-340D-AFF7-FA1453FBC29A}\InProcServer32,REG_SZ,,NT AUTHORITY\SYSTEM,HKEY_LOCAL_MACHINE\Software\Classes\CLSID\{06B81C12-A5DA-340D-AFF7-FA1453FBC29A}\InProcServer32\,C:\Windows\System32\mscoree.dll
ST869VRJ,Classes\CLSID\{55d7b852-f6d1-42f2-aa75-8728a1b2d264}\InProcServer32,REG_EXPAND_SZ,,NT AUTHORITY\SYSTEM,HKEY_LOCAL_MACHINE\Software\Classes\CLSID\{55d7b852-f6d1-42f2-aa75-8728a1b2d264}\InProcServer32\,%SystemRoot%\system32\shell32.dll
ST869VRJ,Classes\CLSID\{ef43ecfe-2ab9-4632-bf21-58909dd177f0}\InProcServer32,REG_EXPAND_SZ,,NT AUTHORITY\SYSTEM,HKEY_LOCAL_MACHINE\Software\Classes\CLSID\{ef43ecfe-2ab9-4632-bf21-58909dd177f0}\InProcServer32\,%SystemRoot%\system32\shell32.dll
ST869VRJ,Classes\CLSID\{276FBFC1-D71F-4619-A7C1-0181077EE283}\InProcServer32,REG_SZ,,NT AUTHORITY\SYSTEM,HKEY_LOCAL_MACHINE\Software\Classes\CLSID\{276FBFC1-D71F-4619-A7C1-0181077EE283}\InProcServer32\,C:\Windows\System32\mscoree.dll
ST869VRJ,Classes\CLSID\{A8040703-2640-48B7-96CD-BC8108A4E8F1}\InProcServer32,REG_SZ,,NT AUTHORITY\SYSTEM,HKEY_LOCAL_MACHINE\Software\Classes\CLSID\{A8040703-2640-48B7-96CD-BC8108A4E8F1}\InProcServer32\,C:\Windows\System32\puiobj.dll
ST869VRJ,Classes\CLSID\{0cdb500e-123f-4e98-b446-0f3eae3c7ebc}\InProcServer32,REG_EXPAND_SZ,,NT AUTHORITY\SYSTEM,HKEY_LOCAL_MACHINE\Software\Classes\CLSID\{0cdb500e-123f-4e98-b446-0f3eae3c7ebc}\InProcServer32\,%SystemRoot%\system32\netcorehc.dll
ST869VRJ,Classes\CLSID\{5842a140-ff9f-4166-8f5c-62f5b7b0c781}\InProcServer32,REG_EXPAND_SZ,,NT AUTHORITY\SYSTEM,HKEY_LOCAL_MACHINE\Software\Classes\CLSID\{5842a140-ff9f-4166-8f5c-62f5b7b0c781}\InProcServer32\,%SystemRoot%\System32\AppxPackaging.dll
ST869VRJ,Classes\CLSID\{CD000012-8B95-11D1-82DB-00C04FB1625D}\InProcServer32,REG_SZ,,NT AUTHORITY\SYSTEM,HKEY_LOCAL_MACHINE\Software\Classes\CLSID\{CD000012-8B95-11D1-82DB-00C04FB1625D}\InProcServer32\,C:\Windows\System32\cdosys.dll
ST869VRJ,Classes\CLSID\{9EA60ECA-3DCD-340F-8E95-67845D185999}\InProcServer32,REG_SZ,,NT AUTHORITY\SYSTEM,HKEY_LOCAL_MACHINE\Software\Classes\CLSID\{9EA60ECA-3DCD-340F-8E95-67845D185999}\InProcServer32\,C:\Windows\System32\mscoree.dll
ST869VRJ,Classes\CLSID\{4c2b3015-779e-421c-b54a-b8d5659e880a}\InProcServer32,REG_SZ,,NT AUTHORITY\SYSTEM,HKEY_LOCAL_MACHINE\Software\Classes\CLSID\{4c2b3015-779e-421c-b54a-b8d5659e880a}\InProcServer32\,C:\Windows\System32\InputMethod\SHARED\ChxProxyDS.dll
ST869VRJ,Classes\CLSID\{C89AC250-E18A-4FC7-ABD5-B8897B6A78A5}\InProcServer32,REG_SZ,,NT AUTHORITY\SYSTEM,HKEY_LOCAL_MACHINE\Software\Classes\CLSID\{C89AC250-E18A-4FC7-ABD5-B8897B6A78A5}\InProcServer32\,C:\Windows\System32\mscoree.dll
ST869VRJ,Classes\CLSID\{8509bb76-ffa3-4827-ba5e-2e786010f42f}\InProcServer32,REG_EXPAND_SZ,,NT AUTHORITY\SYSTEM,HKEY_LOCAL_MACHINE\Software\Classes\CLSID\{8509bb76-ffa3-4827-ba5e-2e786010f42f}\InProcServer32\,%SystemRoot%\system32\shell32.dll
ST869VRJ,Classes\CLSID\{373984C9-B845-449B-91E7-45AC83036ADE}\InProcServer32,REG_EXPAND_SZ,,NT AUTHORITY\SYSTEM,HKEY_LOCAL_MACHINE\Software\Classes\CLSID\{373984C9-B845-449B-91E7-45AC83036ADE}\InProcServer32\,%SystemRoot%\System32\msxml3.dll
ST869VRJ,Classes\CLSID\{A1EBDBD0-E4BA-4DB3-8DF6-C91534061EF4}\InProcServer32,REG_EXPAND_SZ,,NT AUTHORITY\SYSTEM,HKEY_LOCAL_MACHINE\Software\Classes\CLSID\{A1EBDBD0-E4BA-4DB3-8DF6-C91534061EF4}\InProcServer32\,%SystemRoot%\System32\twinui.dll
ST869VRJ,CurrentControlSet\Services\TapiSrv\Parameters\,REG_EXPAND_SZ,ServiceDll,NT AUTHORITY\SYSTEM,HKEY_LOCAL_MACHINE\SYSTEM\CurrentControlSet\Services\TapiSrv\Parameters\ServiceDll,%SystemRoot%\System32\tapisrv.dll
ST869VRJ,Classes\CLSID\{AFD3074E-7656-4F03-9683-0C6BFD8BAE3E}\InProcServer32,REG_EXPAND_SZ,,NT AUTHORITY\SYSTEM,HKEY_LOCAL_MACHINE\Software\Classes\CLSID\{AFD3074E-7656-4F03-9683-0C6BFD8BAE3E}\InProcServer32\,%SystemRoot%\System32\MSWB7.dll
ST869VRJ,CurrentControlSet\Services\WinRM\Parameters\,REG_EXPAND_SZ,ServiceDll,NT AUTHORITY\SYSTEM,HKEY_LOCAL_MACHINE\SYSTEM\CurrentControlSet\Services\WinRM\Parameters\ServiceDll,%SystemRoot%\system32\WsmSvc.dll
ST869VRJ,Classes\CLSID\{02E4CBEF-3B8B-4F42-85B9-2BD7BCEC17EE}\InProcServer32,REG_EXPAND_SZ,,NT AUTHORITY\SYSTEM,HKEY_LOCAL_MACHINE\Software\Classes\CLSID\{02E4CBEF-3B8B-4F42-85B9-2BD7BCEC17EE}\InProcServer32\,%SystemRoot%\system32\twinapi.dll
ST869VRJ,CurrentControlSet\Services\rdpbus\,REG_EXPAND_SZ,ImagePath,NT AUTHORITY\SYSTEM,HKEY_LOCAL_MACHINE\SYSTEM\CurrentControlSet\Services\rdpbus\ImagePath,\SystemRoot\System32\drivers\rdpbus.sys
ST869VRJ,Wow6432Node\Classes\CLSID\{30562646-f7b5-4a62-8ced-6f30a70587c5}\InProcServer32,REG_SZ,,NT AUTHORITY\SYSTEM,HKEY_LOCAL_MACHINE\Software\Wow6432Node\Classes\CLSID\{30562646-f7b5-4a62-8ced-6f30a70587c5}\InProcServer32\,C:\Windows\SysWOW64\IME\SHARED\imefiles.dll
ST869VRJ,CurrentControlSet\Services\rdpbus\,REG_EXPAND_SZ,ImagePath,BUILTIN\Administrators,HKEY_LOCAL_MACHINE\SYSTEM\CurrentControlSet\Services\rdpbus\ImagePath,\SystemRoot\System32\drivers\rdpbus.sys
ST869VRJ,CurrentControlSet\Services\BFE\Parameters\,REG_EXPAND_SZ,ServiceDll,NT AUTHORITY\SYSTEM,HKEY_LOCAL_MACHINE\SYSTEM\CurrentControlSet\Services\BFE\Parameters\ServiceDll,%SystemRoot%\System32\bfe.dll
ST869VRJ,Classes\CLSID\{FA4E7235-687C-4D21-BC74-E10475FB9A8A}\InProcServer32,REG_SZ,,BUILTIN\Administrators,HKEY_LOCAL_MACHINE\Software\Classes\CLSID\{FA4E7235-687C-4D21-BC74-E10475FB9A8A}\InProcServer32\,c:\PROGRA~1\mcafee\mqs\qclite.dll
ST869VRJ,Classes\CLSID\{9B8C4620-2C1A-11D0-8493-00A02438AD48}\InProcServer32,REG_SZ,,NT AUTHORITY\SYSTEM,HKEY_LOCAL_MACHINE\Software\Classes\CLSID\{9B8C4620-2C1A-11D0-8493-00A02438AD48}\InProcServer32\,C:\Windows\System32\qdvd.dll
ST869VRJ,Classes\CLSID\{9C483F92-DAD8-437d-9D0D-C8F64A6815AD}\InProcServer32,REG_EXPAND_SZ,,NT AUTHORITY\SYSTEM,HKEY_LOCAL_MACHINE\Software\Classes\CLSID\{9C483F92-DAD8-437d-9D0D-C8F64A6815AD}\InProcServer32\,%SystemRoot%\system32\twinui.dll
ST869VRJ,Classes\CLSID\{E4BCAC13-7F99-4908-9A8E-74E3BF24B6E1}\InProcServer32,REG_EXPAND_SZ,,NT AUTHORITY\SYSTEM,HKEY_LOCAL_MACHINE\Software\Classes\CLSID\{E4BCAC13-7F99-4908-9A8E-74E3BF24B6E1}\InProcServer32\,%SystemRoot%\System32\dsound.dll
ST869VRJ,Classes\CLSID\{870AF99C-171D-4f9e-AF0D-E63DF40C2BC9}\InProcServer32,REG_EXPAND_SZ,,NT AUTHORITY\SYSTEM,HKEY_LOCAL_MACHINE\Software\Classes\CLSID\{870AF99C-171D-4f9e-AF0D-E63DF40C2BC9}\InProcServer32\,%SystemRoot%\System32\audioses.dll
ST869VRJ,CurrentControlSet\Services\dmvsc\,REG_EXPAND_SZ,ImagePath,NT AUTHORITY\SYSTEM,HKEY_LOCAL_MACHINE\SYSTEM\CurrentControlSet\Services\dmvsc\ImagePath,\SystemRoot\System32\drivers\dmvsc.sys
ST869VRJ,Classes\CLSID\{1F9F18A3-EFC0-3913-84A5-90678A4A9A80}\InProcServer32,REG_SZ,,NT AUTHORITY\SYSTEM,HKEY_LOCAL_MACHINE\Software\Classes\CLSID\{1F9F18A3-EFC0-3913-84A5-90678A4A9A80}\InProcServer32\,C:\Windows\System32\mscoree.dll
ST869VRJ,Classes\CLSID\{009F3B45-8A6B-4360-B997-B2A009A16402}\InProcServer32,REG_EXPAND_SZ,,NT AUTHORITY\SYSTEM,HKEY_LOCAL_MACHINE\Software\Classes\CLSID\{009F3B45-8A6B-4360-B997-B2A009A16402}\InProcServer32\,%SystemRoot%\system32\xwizards.dll
ST869VRJ,Wow6432Node\Classes\CLSID\{846727BE-C1B7-4A57-A638-A07264752C50}\InProcServer32,REG_SZ,,NT AUTHORITY\SYSTEM,HKEY_LOCAL_MACHINE\Software\Wow6432Node\Classes\CLSID\{846727BE-C1B7-4A57-A638-A07264752C50}\InProcServer32\,C:\Windows\SysWOW64\WwaApi.dll
ST869VRJ,Classes\CLSID\{1578080A-1AAA-42BD-AA70-254D5452A0AD}\InProcServer32,REG_SZ,,NT AUTHORITY\SYSTEM,HKEY_LOCAL_MACHINE\Software\Classes\CLSID\{1578080A-1AAA-42BD-AA70-254D5452A0AD}\InProcServer32\,C:\Windows\System32\Windows.UI.Immersive.dll
ST869VRJ,Classes\CLSID\{03837529-098B-11D8-9414-505054503030}\InProcServer32,REG_EXPAND_SZ,,NT AUTHORITY\SYSTEM,HKEY_LOCAL_MACHINE\Software\Classes\CLSID\{03837529-098B-11D8-9414-505054503030}\InProcServer32\,%SystemRoot%\System32\pla.dll
ST869VRJ,Classes\CLSID\{aef771da-f489-423e-bb0f-634ba8b0c56d}\InProcServer32,REG_SZ,,NT AUTHORITY\SYSTEM,HKEY_LOCAL_MACHINE\Software\Classes\CLSID\{aef771da-f489-423e-bb0f-634ba8b0c56d}\InProcServer32\,C:\Windows\System32\wuapi.dll
ST869VRJ,Classes\CLSID\{1BA783C1-2A30-4ad3-B928-A9A46C604C28}\InProcServer32,REG_EXPAND_SZ,,NT AUTHORITY\SYSTEM,HKEY_LOCAL_MACHINE\Software\Classes\CLSID\{1BA783C1-2A30-4ad3-B928-A9A46C604C28}\InProcServer32\,%SystemRoot%\system32\appwiz.cpl
ST869VRJ,Classes\CLSID\{DE010DA1-289B-4232-8CD0-5112DCA6A7B3}\InProcServer32,REG_EXPAND_SZ,,NT AUTHORITY\SYSTEM,HKEY_LOCAL_MACHINE\Software\Classes\CLSID\{DE010DA1-289B-4232-8CD0-5112DCA6A7B3}\InProcServer32\,%SystemRoot%\System32\vdsbas.dll
ST869VRJ,Classes\CLSID\{fa7cfdb5-80b3-44d6-b564-f71e6ebb465d}\InProcServer32,REG_EXPAND_SZ,,NT AUTHORITY\SYSTEM,HKEY_LOCAL_MACHINE\Software\Classes\CLSID\{fa7cfdb5-80b3-44d6-b564-f71e6ebb465d}\InProcServer32\,%SystemRoot%\System32\wpninprc.dll
ST869VRJ,Classes\CLSID\{D1646887-73BC-429E-A2D3-2299B684F91F}\InProcServer32,REG_SZ,,BUILTIN\Administrators,HKEY_LOCAL_MACHINE\Software\Classes\CLSID\{D1646887-73BC-429E-A2D3-2299B684F91F}\InProcServer32\,C:\PROGRA~1\McAfee\MfeAV\mcvsocfg.dll
ST869VRJ,Classes\CLSID\{745a5add-6a71-47b9-9bb9-31dd3a6913d4}\InProcServer32,REG_EXPAND_SZ,,NT AUTHORITY\SYSTEM,HKEY_LOCAL_MACHINE\Software\Classes\CLSID\{745a5add-6a71-47b9-9bb9-31dd3a6913d4}\InProcServer32\,%SystemRoot%\system32\authui.dll
ST869VRJ,Classes\CLSID\{91ECFDB4-2606-43E4-8F86-E25B0CB01F1E}\InProcServer32,REG_EXPAND_SZ,,NT AUTHORITY\SYSTEM,HKEY_LOCAL_MACHINE\Software\Classes\CLSID\{91ECFDB4-2606-43E4-8F86-E25B0CB01F1E}\InProcServer32\,%SystemRoot%\system32\sppcomapi.dll
ST869VRJ,Classes\CLSID\{A919EA73-490E-4D5C-9BA7-97CBC73119FE}\InProcServer32,REG_EXPAND_SZ,,NT AUTHORITY\SYSTEM,HKEY_LOCAL_MACHINE\Software\Classes\CLSID\{A919EA73-490E-4D5C-9BA7-97CBC73119FE}\InProcServer32\,%SystemRoot%\system32\twinui.dll
ST869VRJ,Classes\CLSID\{08295C62-7462-3633-B35E-7AE68ACA3948}\InProcServer32,REG_SZ,,NT AUTHORITY\SYSTEM,HKEY_LOCAL_MACHINE\Software\Classes\CLSID\{08295C62-7462-3633-B35E-7AE68ACA3948}\InProcServer32\,C:\Windows\System32\mscoree.dll
ST869VRJ,Classes\CLSID\{02C35120-4924-46EB-BC2B-5FB0DB060948}\InProcServer32,REG_SZ,,NT AUTHORITY\SYSTEM,HKEY_LOCAL_MACHINE\Software\Classes\CLSID\{02C35120-4924-46EB-BC2B-5FB0DB060948}\InProcServer32\,C:\Windows\System32\IME\SHARED\imedicapiccps.dll
ST869VRJ,Classes\CLSID\{590E4A07-DAFC-3BE7-A178-DA349BBA980B}\InProcServer32,REG_SZ,,NT AUTHORITY\SYSTEM,HKEY_LOCAL_MACHINE\Software\Classes\CLSID\{590E4A07-DAFC-3BE7-A178-DA349BBA980B}\InProcServer32\,C:\Windows\System32\mscoree.dll
ST869VRJ,Wow6432Node\Microsoft\Windows NT\CurrentVersion\Drivers32\,REG_SZ,wavemapper,NT AUTHORITY\SYSTEM,HKEY_LOCAL_MACHINE\Software\Wow6432Node\Microsoft\Windows NT\CurrentVersion\Drivers32\wavemapper,msacm32.drv
ST869VRJ,Classes\CLSID\{6A206B40-465E-487A-AD5C-CCE637EA9EDA}\InProcServer32,REG_SZ,,NT AUTHORITY\SYSTEM,HKEY_LOCAL_MACHINE\Software\Classes\CLSID\{6A206B40-465E-487A-AD5C-CCE637EA9EDA}\InProcServer32\,C:\Windows\System32\twinapi.dll
ST869VRJ,Classes\CLSID\{C016A313-9606-36D3-A823-33EBF5006189}\InProcServer32,REG_SZ,,NT AUTHORITY\SYSTEM,HKEY_LOCAL_MACHINE\Software\Classes\CLSID\{C016A313-9606-36D3-A823-33EBF5006189}\InProcServer32\,C:\Windows\System32\mscoree.dll
ST869VRJ,Classes\CLSID\{10072CEC-8CC1-11D1-986E-00A0C955B42E}\InProcServer32,REG_SZ,,NT AUTHORITY\SYSTEM,HKEY_LOCAL_MACHINE\Software\Classes\CLSID\{10072CEC-8CC1-11D1-986E-00A0C955B42E}\InProcServer32\,C:\Program Files\Common Files\Microsoft Shared\VGX\vgx.dll
ST869VRJ,Classes\CLSID\{AA7E3C50-864C-4604-BC04-8B0B76E637F6}\InProcServer32,REG_EXPAND_SZ,,NT AUTHORITY\SYSTEM,HKEY_LOCAL_MACHINE\Software\Classes\CLSID\{AA7E3C50-864C-4604-BC04-8B0B76E637F6}\InProcServer32\,%SystemRoot%\system32\windowscodecs.dll
ST869VRJ,Classes\CLSID\{A9CF0EAE-901A-4739-A481-E35B73E47F6D}\InProcServer32,REG_EXPAND_SZ,,NT AUTHORITY\SYSTEM,HKEY_LOCAL_MACHINE\Software\Classes\CLSID\{A9CF0EAE-901A-4739-A481-E35B73E47F6D}\InProcServer32\,%SystemRoot%\system32\shell32.dll
ST869VRJ,Classes\CLSID\{BED4D415-7971-4310-AA07-6AC15EA06ACC}\InProcServer32,REG_EXPAND_SZ,,NT AUTHORITY\SYSTEM,HKEY_LOCAL_MACHINE\Software\Classes\CLSID\{BED4D415-7971-4310-AA07-6AC15EA06ACC}\InProcServer32\,%SystemRoot%\system32\winethc.dll
ST869VRJ,Wow6432Node\Classes\CLSID\{E4288337-873B-11D1-BAA0-00AA00BBB8C0}\InProcServer32,REG_EXPAND_SZ,,NT AUTHORITY\SYSTEM,HKEY_LOCAL_MACHINE\Software\Wow6432Node\Classes\CLSID\{E4288337-873B-11D1-BAA0-00AA00BBB8C0}\InProcServer32\,C:\Windows\SysWOW64\InputMethod\CHS\ChsIFEComp.dll
ST869VRJ,Classes\CLSID\{ecabafaf-7f19-11d2-978e-0000f8757e2a}\InProcServer32,REG_SZ,,NT AUTHORITY\SYSTEM,HKEY_LOCAL_MACHINE\Software\Classes\CLSID\{ecabafaf-7f19-11d2-978e-0000f8757e2a}\InProcServer32\,C:\Windows\System32\comsvcs.dll
ST869VRJ,Classes\CLSID\{104846ab-42b1-4e38-a80d-136f78c3f258}\InProcServer32,REG_EXPAND_SZ,,NT AUTHORITY\SYSTEM,HKEY_LOCAL_MACHINE\Software\Classes\CLSID\{104846ab-42b1-4e38-a80d-136f78c3f258}\InProcServer32\,%SystemRoot%\system32\shell32.dll
ST869VRJ,Classes\CLSID\{FD853CE6-7F86-11d0-8252-00C04FD85AB4}\InProcServer32,REG_SZ,,NT AUTHORITY\SYSTEM,HKEY_LOCAL_MACHINE\Software\Classes\CLSID\{FD853CE6-7F86-11d0-8252-00C04FD85AB4}\InProcServer32\,C:\Windows\System32\inetcomm.dll
ST869VRJ,Classes\CLSID\{62BE5D10-60EB-11d0-BD3B-00A0C911CE86}\InProcServer32,REG_SZ,,NT AUTHORITY\SYSTEM,HKEY_LOCAL_MACHINE\Software\Classes\CLSID\{62BE5D10-60EB-11d0-BD3B-00A0C911CE86}\InProcServer32\,C:\Windows\System32\devenum.dll
ST869VRJ,Classes\CLSID\{2735412D-7F64-5B0F-8F00-5D77AFBE261E}\InProcServer32,REG_SZ,,NT AUTHORITY\SYSTEM,HKEY_LOCAL_MACHINE\Software\Classes\CLSID\{2735412D-7F64-5B0F-8F00-5D77AFBE261E}\InProcServer32\,C:\Windows\System32\imapi2.dll
ST869VRJ,Classes\CLSID\{CF1B3E19-651E-4406-852B-9B7C4BABC82E}\InProcServer32,REG_SZ,,BUILTIN\Administrators,HKEY_LOCAL_MACHINE\Software\Classes\CLSID\{CF1B3E19-651E-4406-852B-9B7C4BABC82E}\InProcServer32\,c:\PROGRA~1\mcafee\mpf\mpfaltps.dll
ST869VRJ,Classes\CLSID\{8A11B5FA-3C92-4E8B-8382-3C71B757D679}\InProcServer32,REG_SZ,,NT AUTHORITY\SYSTEM,HKEY_LOCAL_MACHINE\Software\Classes\CLSID\{8A11B5FA-3C92-4E8B-8382-3C71B757D679}\InProcServer32\,C:\Windows\System32\msfeeds.dll
ST869VRJ,Classes\CLSID\{D0520B5D-1B5F-4ECF-A940-6E57476AE4B0}\InProcServer32,REG_SZ,,NT AUTHORITY\SYSTEM,HKEY_LOCAL_MACHINE\Software\Classes\CLSID\{D0520B5D-1B5F-4ECF-A940-6E57476AE4B0}\InProcServer32\,C:\Windows\System32\iscsiwmi.dll
ST869VRJ,Wow6432Node\Classes\CLSID\{5D02926A-212E-11D0-9DF9-00A0C922E6EC}\InProcServer32,REG_SZ,,NT AUTHORITY\SYSTEM,HKEY_LOCAL_MACHINE\Software\Wow6432Node\Classes\CLSID\{5D02926A-212E-11D0-9DF9-00A0C922E6EC}\InProcServer32\,C:\Windows\SysWOW64\itss.dll
ST869VRJ,Classes\CLSID\{2DA6AA7F-8C88-4194-A558-0D36E7FD3E64}\InProcServer32,REG_SZ,,NT AUTHORITY\SYSTEM,HKEY_LOCAL_MACHINE\Software\Classes\CLSID\{2DA6AA7F-8C88-4194-A558-0D36E7FD3E64}\InProcServer32\,C:\Windows\System32\wlangpui.dll
ST869VRJ,Classes\CLSID\{5537E283-B1E7-4EF8-9C6E-7AB0AFE5056D}\InProcServer32,REG_EXPAND_SZ,,NT AUTHORITY\SYSTEM,HKEY_LOCAL_MACHINE\Software\Classes\CLSID\{5537E283-B1E7-4EF8-9C6E-7AB0AFE5056D}\InProcServer32\,%SystemRoot%\system32\rasplap.dll
ST869VRJ,Classes\CLSID\{F515306E-0156-11d2-81EA-0000F87557DB}\InProcServer32,REG_SZ,,NT AUTHORITY\SYSTEM,HKEY_LOCAL_MACHINE\Software\Classes\CLSID\{F515306E-0156-11d2-81EA-0000F87557DB}\InProcServer32\,C:\Windows\System32\Dxtmsft.dll
ST869VRJ,Classes\CLSID\{7071ECA9-663B-4bc1-A1FA-B97F3B917C55}\InProcServer32,REG_EXPAND_SZ,,NT AUTHORITY\SYSTEM,HKEY_LOCAL_MACHINE\Software\Classes\CLSID\{7071ECA9-663B-4bc1-A1FA-B97F3B917C55}\InProcServer32\,%SystemRoot%\system32\connect.dll
ST869VRJ,Classes\CLSID\{1FFDED41-8FC9-497D-BD70-B2E440736273}\InProcServer32,REG_EXPAND_SZ,,NT AUTHORITY\SYSTEM,HKEY_LOCAL_MACHINE\Software\Classes\CLSID\{1FFDED41-8FC9-497D-BD70-B2E440736273}\InProcServer32\,%SystemRoot%\system32\sqlcecompact40.dll
ST869VRJ,Classes\CLSID\{5167B42F-C111-47A1-ACC4-8EABE61B0B54}\InProcServer32,REG_SZ,,NT AUTHORITY\SYSTEM,HKEY_LOCAL_MACHINE\Software\Classes\CLSID\{5167B42F-C111-47A1-ACC4-8EABE61B0B54}\InProcServer32\,C:\Windows\System32\easconsent.dll
ST869VRJ,Classes\CLSID\{a3b3c46c-05d8-429b-bf66-87068b4ce563}\InProcServer32,REG_EXPAND_SZ,,NT AUTHORITY\SYSTEM,HKEY_LOCAL_MACHINE\Software\Classes\CLSID\{a3b3c46c-05d8-429b-bf66-87068b4ce563}\InProcServer32\,%SystemRoot%\System32\actioncenter.dll
ST869VRJ,Classes\CLSID\{5acb106d-1a06-4fcd-862d-02a74de81835}\InProcServer32,REG_EXPAND_SZ,,NT AUTHORITY\SYSTEM,HKEY_LOCAL_MACHINE\Software\Classes\CLSID\{5acb106d-1a06-4fcd-862d-02a74de81835}\InProcServer32\,%SystemRoot%\System32\DevPropMgr.dll
ST869VRJ,Classes\CLSID\{1C1EDB47-CE22-4bbb-B608-77B48F83C823}\InProcServer32,REG_SZ,,NT AUTHORITY\SYSTEM,HKEY_LOCAL_MACHINE\Software\Classes\CLSID\{1C1EDB47-CE22-4bbb-B608-77B48F83C823}\InProcServer32\,C:\Windows\System32\ieframe.dll
ST869VRJ,Wow6432Node\Classes\CLSID\{11659a23-5884-4d1b-9cf6-67d6f4f90b36}\InProcServer32,REG_SZ,,NT AUTHORITY\SYSTEM,HKEY_LOCAL_MACHINE\Software\Wow6432Node\Classes\CLSID\{11659a23-5884-4d1b-9cf6-67d6f4f90b36}\InProcServer32\,C:\Windows\SysWOW64\WinTypes.dll
ST869VRJ,CurrentControlSet\Services\Psched\,REG_EXPAND_SZ,ImagePath,NT AUTHORITY\SYSTEM,HKEY_LOCAL_MACHINE\SYSTEM\CurrentControlSet\Services\Psched\ImagePath,\SystemRoot\system32\DRIVERS\pacer.sys
ST869VRJ,Classes\CLSID\{45EACA36-DBE9-4E4A-A26D-5C201902346D}\InProcServer32,REG_EXPAND_SZ,,NT AUTHORITY\SYSTEM,HKEY_LOCAL_MACHINE\Software\Classes\CLSID\{45EACA36-DBE9-4E4A-A26D-5C201902346D}\InProcServer32\,%SystemRoot%\System32\MSWB7.dll
ST869VRJ,Microsoft\Windows NT\CurrentVersion\Image File Execution Options\mscorsvw.exe\,REG_QWORD,MitigationOptions,NT AUTHORITY\SYSTEM,HKEY_LOCAL_MACHINE\Software\Microsoft\Windows NT\CurrentVersion\Image File Execution Options\mscorsvw.exe\MitigationOptions,4294967296
ST869VRJ,Classes\CLSID\{15AF52F6-E83C-4228-95FE-4407687CEFBF}\InProcServer32,REG_SZ,,BUILTIN\Administrators,HKEY_LOCAL_MACHINE\Software\Classes\CLSID\{15AF52F6-E83C-4228-95FE-4407687CEFBF}\InProcServer32\,c:\PROGRA~1\COMMON~1\mcafee\updmgr\62117~1.2\MCUPDA~1.DLL
ST869VRJ,Classes\CLSID\{83d6f579-4a45-439f-994e-7ec23c46b13e}\InProcServer32,REG_SZ,,NT AUTHORITY\SYSTEM,HKEY_LOCAL_MACHINE\Software\Classes\CLSID\{83d6f579-4a45-439f-994e-7ec23c46b13e}\InProcServer32\,C:\Windows\System32\Windows.UI.Immersive.dll
ST869VRJ,Microsoft\Windows NT\CurrentVersion\Image File Execution Options\ngen.exe\,REG_QWORD,MitigationOptions,NT AUTHORITY\SYSTEM,HKEY_LOCAL_MACHINE\Software\Microsoft\Windows NT\CurrentVersion\Image File Execution Options\ngen.exe\MitigationOptions,4294967296
ST869VRJ,Wow6432Node\Classes\CLSID\{6EB22881-8A19-11D0-81B6-00A0C9231C29}\InProcServer32,REG_SZ,,NT AUTHORITY\SYSTEM,HKEY_LOCAL_MACHINE\Software\Wow6432Node\Classes\CLSID\{6EB22881-8A19-11D0-81B6-00A0C9231C29}\InProcServer32\,C:\Windows\SysWOW64\Com\comadmin.dll
ST869VRJ,Classes\CLSID\{F935DC26-1CF0-11D0-ADB9-00C04FD58A0B}\InProcServer32,REG_SZ,,NT AUTHORITY\SYSTEM,HKEY_LOCAL_MACHINE\Software\Classes\CLSID\{F935DC26-1CF0-11D0-ADB9-00C04FD58A0B}\InProcServer32\,C:\Windows\System32\wshom.ocx
ST869VRJ,Classes\CLSID\{bbb5d0e2-6f4b-4c31-8744-22d0029c4b40}\InProcServer32,REG_EXPAND_SZ,,NT AUTHORITY\SYSTEM,HKEY_LOCAL_MACHINE\Software\Classes\CLSID\{bbb5d0e2-6f4b-4c31-8744-22d0029c4b40}\InProcServer32\,%SystemRoot%\system32\fdprint.dll
ST869VRJ,Classes\CLSID\{D0458F37-2228-4FC7-9E66-34133DF4C929}\InProcServer32,REG_EXPAND_SZ,,NT AUTHORITY\SYSTEM,HKEY_LOCAL_MACHINE\Software\Classes\CLSID\{D0458F37-2228-4FC7-9E66-34133DF4C929}\InProcServer32\,%SystemRoot%\System32\NaturalLanguage6.dll
ST869VRJ,Classes\CLSID\{3261BF13-9B3E-4DD5-B6D3-0006F3FFE8BC}\InProcServer32,REG_EXPAND_SZ,,NT AUTHORITY\SYSTEM,HKEY_LOCAL_MACHINE\Software\Classes\CLSID\{3261BF13-9B3E-4DD5-B6D3-0006F3FFE8BC}\InProcServer32\,%SystemRoot%\System32\oobe\msoobedui.dll
ST869VRJ,Classes\CLSID\{42071713-76d4-11d1-8b24-00a0c9068ff3}\InProcServer32,REG_EXPAND_SZ,,NT AUTHORITY\SYSTEM,HKEY_LOCAL_MACHINE\Software\Classes\CLSID\{42071713-76d4-11d1-8b24-00a0c9068ff3}\InProcServer32\,%SystemRoot%\system32\deskmon.dll
ST869VRJ,CurrentControlSet\Services\PolicyAgent\Parameters\,REG_EXPAND_SZ,ServiceDll,NT AUTHORITY\SYSTEM,HKEY_LOCAL_MACHINE\SYSTEM\CurrentControlSet\Services\PolicyAgent\Parameters\ServiceDll,%SystemRoot%\System32\ipsecsvc.dll
ST869VRJ,Classes\CLSID\{55A371BB-E795-4352-81EE-75721BE523F5}\InProcServer32,REG_SZ,,NT AUTHORITY\SYSTEM,HKEY_LOCAL_MACHINE\Software\Classes\CLSID\{55A371BB-E795-4352-81EE-75721BE523F5}\InProcServer32\,C:\Windows\System32\twinui.dll
ST869VRJ,Classes\CLSID\{4C8CC9CB-80CA-4e16-9F60-F5EB55092361}\InProcServer32,REG_EXPAND_SZ,,NT AUTHORITY\SYSTEM,HKEY_LOCAL_MACHINE\Software\Classes\CLSID\{4C8CC9CB-80CA-4e16-9F60-F5EB55092361}\InProcServer32\,%SystemRoot%\system32\explorerframe.dll
ST869VRJ,CurrentControlSet\Services\WinSock2\Parameters\Protocol_Catalog9\Catalog_Entries\000000000002\,REG_BINARY,PackedCatalogItem,NT AUTHORITY\SYSTEM,HKEY_LOCAL_MACHINE\System\CurrentControlSet\Services\WinSock2\Parameters\Protocol_Catalog9\Catalog_Entries\000000000002\PackedCatalogItem,"%SystemRoot%\system32\mswsock.dll."".h.t.t.p.:././.s.c.h.e.m.a.s...m.i.c.r.o.s.o.f.t...c.o.m./.w.i.n./.2.0.0.4./.0.8./.e.v.e.n.t.s."".&gt;..... . .&lt;.t.e.m.p.l.a.t.e. .t.i.d.=."".R.e.s.u.l.t."".&gt;..... . . . .&lt;.d.a.t.a. .i.n.T.y.p.e.=."".w.i.n.:.U.I.n.t.3.2."". .n.a.m.e................................._H..................................................................................@.%.S.y.s.t.e.m.R.o.o.t.%.\.S.y.s.t.e.m.3.2.\.m.s.w.s.o.c.k...d.l.l. .-.6.0.1.0.1..............................................................................................................................................................................................................................................................................................................................................................................................................................................."
ST869VRJ,Classes\CLSID\{FEA4300C-7959-4147-B26A-2377B9E7A91D}\InProcServer32,REG_EXPAND_SZ,,NT AUTHORITY\SYSTEM,HKEY_LOCAL_MACHINE\Software\Classes\CLSID\{FEA4300C-7959-4147-B26A-2377B9E7A91D}\InProcServer32\,%SystemRoot%\System32\dsound.dll
ST869VRJ,Classes\CLSID\{4582EBA9-6AA1-4D79-824E-728929EF455D}\InProcServer32,REG_EXPAND_SZ,,NT AUTHORITY\SYSTEM,HKEY_LOCAL_MACHINE\Software\Classes\CLSID\{4582EBA9-6AA1-4D79-824E-728929EF455D}\InProcServer32\,%SystemRoot%\system32\xwizards.dll
ST869VRJ,Classes\CLSID\{C2A2E3EB-F596-4255-881E-237A0F3FE89F}\InProcServer32,REG_EXPAND_SZ,,NT AUTHORITY\SYSTEM,HKEY_LOCAL_MACHINE\Software\Classes\CLSID\{C2A2E3EB-F596-4255-881E-237A0F3FE89F}\InProcServer32\,%SystemRoot%\System32\oobe\msoobeplugins.dll
ST869VRJ,Classes\CLSID\{5C95C8F6-B4B4-47E7-9241-ECB5FA0A2C91}\InProcServer32,REG_SZ,,BUILTIN\Administrators,HKEY_LOCAL_MACHINE\Software\Classes\CLSID\{5C95C8F6-B4B4-47E7-9241-ECB5FA0A2C91}\InProcServer32\,c:\PROGRA~1\mcafee\msc\MCCONT~1.DLL
ST869VRJ,Classes\CLSID\{B12AE898-D056-4378-A844-6D393FE37956}\InProcServer32,REG_EXPAND_SZ,,NT AUTHORITY\SYSTEM,HKEY_LOCAL_MACHINE\Software\Classes\CLSID\{B12AE898-D056-4378-A844-6D393FE37956}\InProcServer32\,%SystemRoot%\system32\themeui.dll
ST869VRJ,Classes\CLSID\{daf95313-e44d-46af-be1b-cbacea2c3065}\InProcServer32,REG_EXPAND_SZ,,NT AUTHORITY\SYSTEM,HKEY_LOCAL_MACHINE\Software\Classes\CLSID\{daf95313-e44d-46af-be1b-cbacea2c3065}\InProcServer32\,%SystemRoot%\system32\SearchFolder.dll
ST869VRJ,Classes\CLSID\{AE8AFD54-5B57-4961-8A9B-12ADF23B696A}\InProcServer32,REG_EXPAND_SZ,,NT AUTHORITY\SYSTEM,HKEY_LOCAL_MACHINE\Software\Classes\CLSID\{AE8AFD54-5B57-4961-8A9B-12ADF23B696A}\InProcServer32\,%SystemRoot%\System32\cmstplua.dll
ST869VRJ,Classes\CLSID\{69E6F647-D485-4F09-948D-1DFD4B9C279B}\InProcServer32,REG_EXPAND_SZ,,NT AUTHORITY\SYSTEM,HKEY_LOCAL_MACHINE\Software\Classes\CLSID\{69E6F647-D485-4F09-948D-1DFD4B9C279B}\InProcServer32\,%SystemRoot%\System32\twinui.dll
ST869VRJ,Classes\CLSID\{83e05bd5-aec1-4e58-ae50-e819c7296f67}\InProcServer32,REG_EXPAND_SZ,,NT AUTHORITY\SYSTEM,HKEY_LOCAL_MACHINE\Software\Classes\CLSID\{83e05bd5-aec1-4e58-ae50-e819c7296f67}\InProcServer32\,%SystemRoot%\system32\iasdatastore.dll
ST869VRJ,Classes\CLSID\{603D3800-BD81-11d0-A3A5-00C04FD706EC}\InProcServer32,REG_EXPAND_SZ,,NT AUTHORITY\SYSTEM,HKEY_LOCAL_MACHINE\Software\Classes\CLSID\{603D3800-BD81-11d0-A3A5-00C04FD706EC}\InProcServer32\,%SystemRoot%\system32\shell32.dll
ST869VRJ,Classes\CLSID\{CA80BE9F-02DB-4B14-9B52-A72D27B5FBF5}\InProcServer32,REG_EXPAND_SZ,,NT AUTHORITY\SYSTEM,HKEY_LOCAL_MACHINE\Software\Classes\CLSID\{CA80BE9F-02DB-4B14-9B52-A72D27B5FBF5}\InProcServer32\,%SystemRoot%\System32\twinui.dll
ST869VRJ,Classes\CLSID\{777BA8E7-2498-4875-933A-3067DE883070}\InProcServer32,REG_EXPAND_SZ,,NT AUTHORITY\SYSTEM,HKEY_LOCAL_MACHINE\Software\Classes\CLSID\{777BA8E7-2498-4875-933A-3067DE883070}\InProcServer32\,%SystemRoot%\system32\xwizards.dll
ST869VRJ,Classes\CLSID\{FD339D76-EA3E-435F-AC29-3FFCE55EB35B}\InProcServer32,REG_EXPAND_SZ,,NT AUTHORITY\SYSTEM,HKEY_LOCAL_MACHINE\Software\Classes\CLSID\{FD339D76-EA3E-435F-AC29-3FFCE55EB35B}\InProcServer32\,%SystemRoot%\System32\NaturalLanguage6.dll
ST869VRJ,Classes\CLSID\{179CC917-3A82-40E7-9F8C-2FC8A3D2212B}\InProcServer32,REG_EXPAND_SZ,,NT AUTHORITY\SYSTEM,HKEY_LOCAL_MACHINE\Software\Classes\CLSID\{179CC917-3A82-40E7-9F8C-2FC8A3D2212B}\InProcServer32\,%SystemRoot%\system32\sppcomapi.dll
ST869VRJ,Classes\CLSID\{2A3EFC7B-7CEB-496A-9E69-DC40AD179F51}\InProcServer32,REG_SZ,,NT AUTHORITY\SYSTEM,HKEY_LOCAL_MACHINE\Software\Classes\CLSID\{2A3EFC7B-7CEB-496A-9E69-DC40AD179F51}\InProcServer32\,C:\Windows\System32\Windows.UI.Immersive.dll
ST869VRJ,Classes\CLSID\{AE6BE008-07FB-400D-8BEB-337A64F7051F}\InProcServer32,REG_EXPAND_SZ,,NT AUTHORITY\SYSTEM,HKEY_LOCAL_MACHINE\Software\Classes\CLSID\{AE6BE008-07FB-400D-8BEB-337A64F7051F}\InProcServer32\,%SystemRoot%\system32\msctfui.dll
ST869VRJ,Classes\CLSID\{D4DCD3D7-B4C2-47D9-A6BF-B89BA396A4A3}\InProcServer32,REG_EXPAND_SZ,,NT AUTHORITY\SYSTEM,HKEY_LOCAL_MACHINE\Software\Classes\CLSID\{D4DCD3D7-B4C2-47D9-A6BF-B89BA396A4A3}\InProcServer32\,%SystemRoot%\system32\windowscodecs.dll
ST869VRJ,Classes\CLSID\{DB5D1FF4-09D7-11D1-BB10-00C04FC9A3A3}\InProcServer32,REG_EXPAND_SZ,,NT AUTHORITY\SYSTEM,HKEY_LOCAL_MACHINE\Software\Classes\CLSID\{DB5D1FF4-09D7-11D1-BB10-00C04FC9A3A3}\InProcServer32\,%SystemRoot%\system32\filemgmt.dll
ST869VRJ,Classes\CLSID\{6BC096E5-0CE6-11D1-BAAE-00C04FC2E20D}\InProcServer32,REG_EXPAND_SZ,,NT AUTHORITY\SYSTEM,HKEY_LOCAL_MACHINE\Software\Classes\CLSID\{6BC096E5-0CE6-11D1-BAAE-00C04FC2E20D}\InProcServer32\,%SystemRoot%\system32\iassam.dll
ST869VRJ,Classes\CLSID\{05C9DA2B-6DFF-42C7-81CC-706DAE08BC7A}\InProcServer32,REG_EXPAND_SZ,,NT AUTHORITY\SYSTEM,HKEY_LOCAL_MACHINE\Software\Classes\CLSID\{05C9DA2B-6DFF-42C7-81CC-706DAE08BC7A}\InProcServer32\,%SystemRoot%\System32\NaturalLanguage6.dll
ST869VRJ,Classes\CLSID\{AAEAE72F-0328-4763-8ECB-23422EDE2DB5}\InProcServer32,REG_EXPAND_SZ,,NT AUTHORITY\SYSTEM,HKEY_LOCAL_MACHINE\Software\Classes\CLSID\{AAEAE72F-0328-4763-8ECB-23422EDE2DB5}\InProcServer32\,%SystemRoot%\system32\wbem\policman.dll
ST869VRJ,Microsoft\Windows NT\CurrentVersion\Drivers32\,REG_SZ,midimapper,NT AUTHORITY\SYSTEM,HKEY_LOCAL_MACHINE\SOFTWARE\Microsoft\Windows NT\CurrentVersion\Drivers32\midimapper,midimap.dll
ST869VRJ,Classes\CLSID\{1BFFE0E7-396C-40DC-82A0-6D74C7011B34}\InProcServer32,REG_SZ,,NT AUTHORITY\SYSTEM,HKEY_LOCAL_MACHINE\Software\Classes\CLSID\{1BFFE0E7-396C-40DC-82A0-6D74C7011B34}\InProcServer32\,C:\Windows\System32\InputMethod\SHARED\StaticDictDS.dll
ST869VRJ,Classes\CLSID\{0d81ea0d-13bf-44b2-af1c-fcdf6be7927c}\InProcServer32,REG_EXPAND_SZ,,NT AUTHORITY\SYSTEM,HKEY_LOCAL_MACHINE\Software\Classes\CLSID\{0d81ea0d-13bf-44b2-af1c-fcdf6be7927c}\InProcServer32\,%SystemRoot%\system32\shell32.dll
ST869VRJ,Classes\CLSID\{f7300245-1f4b-41ba-8948-6fd392064494}\InProcServer32,REG_EXPAND_SZ,,NT AUTHORITY\SYSTEM,HKEY_LOCAL_MACHINE\Software\Classes\CLSID\{f7300245-1f4b-41ba-8948-6fd392064494}\InProcServer32\,%SystemRoot%\system32\shell32.dll
ST869VRJ,Classes\CLSID\{9BA05971-F6A8-11CF-A442-00A0C90A8F39}\InProcServer32,REG_EXPAND_SZ,,NT AUTHORITY\SYSTEM,HKEY_LOCAL_MACHINE\Software\Classes\CLSID\{9BA05971-F6A8-11CF-A442-00A0C90A8F39}\InProcServer32\,%SystemRoot%\system32\shell32.dll
ST869VRJ,Classes\CLSID\{11016101-E366-4D22-BC06-4ADA335C892B}\InProcServer32,REG_SZ,,NT AUTHORITY\SYSTEM,HKEY_LOCAL_MACHINE\Software\Classes\CLSID\{11016101-E366-4D22-BC06-4ADA335C892B}\InProcServer32\,C:\Windows\System32\ieframe.dll
ST869VRJ,Classes\CLSID\{B0F287F0-8024-4981-A6E9-A003641A61C3}\InProcServer32,REG_SZ,,BUILTIN\Administrators,HKEY_LOCAL_MACHINE\Software\Classes\CLSID\{B0F287F0-8024-4981-A6E9-A003641A61C3}\InProcServer32\,c:\PROGRA~1\mcafee\mps\mpsver.dll
ST869VRJ,Classes\CLSID\{03022430-ABC4-11D0-BDE2-00AA001A1953}\InProcServer32,REG_SZ,,NT AUTHORITY\SYSTEM,HKEY_LOCAL_MACHINE\Software\Classes\CLSID\{03022430-ABC4-11D0-BDE2-00AA001A1953}\InProcServer32\,C:\Windows\System32\oleacc.dll
ST869VRJ,Classes\CLSID\{C0B35746-EBF5-11D8-BBE9-505054503030}\InProcServer32,REG_EXPAND_SZ,,NT AUTHORITY\SYSTEM,HKEY_LOCAL_MACHINE\Software\Classes\CLSID\{C0B35746-EBF5-11D8-BBE9-505054503030}\InProcServer32\,%SystemRoot%\system32\ndproxystub.dll
ST869VRJ,Classes\CLSID\{C79A574C-63BE-44b9-801F-283F87F898BE}\InProcServer32,REG_EXPAND_SZ,,NT AUTHORITY\SYSTEM,HKEY_LOCAL_MACHINE\Software\Classes\CLSID\{C79A574C-63BE-44b9-801F-283F87F898BE}\InProcServer32\,%SystemRoot%\System32\Speech\Common\sapi.dll
ST869VRJ,Classes\CLSID\{967696C6-354C-4B5C-9CC8-BD9E1C480C77}\InProcServer32,REG_SZ,,NT AUTHORITY\SYSTEM,HKEY_LOCAL_MACHINE\Software\Classes\CLSID\{967696C6-354C-4B5C-9CC8-BD9E1C480C77}\InProcServer32\,C:\Windows\Microsoft.NET\Framework64\v3.0\WPF\PenIMC.dll
ST869VRJ,Classes\CLSID\{8ADE5386-8E9B-4F4C-ACF2-F0008706B238}\InProcServer32,REG_EXPAND_SZ,,NT AUTHORITY\SYSTEM,HKEY_LOCAL_MACHINE\Software\Classes\CLSID\{8ADE5386-8E9B-4F4C-ACF2-F0008706B238}\InProcServer32\,%SystemRoot%\system32\windowscodecs.dll
ST869VRJ,Classes\CLSID\{c8e6f269-b90a-4053-a3be-499afcec98c4}\InProcServer32,REG_EXPAND_SZ,,NT AUTHORITY\SYSTEM,HKEY_LOCAL_MACHINE\Software\Classes\CLSID\{c8e6f269-b90a-4053-a3be-499afcec98c4}\InProcServer32\,%SystemRoot%\System32\hcproviders.dll
ST869VRJ,CurrentControlSet\Services\xenvif\,REG_EXPAND_SZ,ImagePath,NT AUTHORITY\SYSTEM,HKEY_LOCAL_MACHINE\SYSTEM\CurrentControlSet\Services\xenvif\ImagePath,\SystemRoot\system32\DRIVERS\xenvif.sys
ST869VRJ,CurrentControlSet\Services\mouhid\,REG_EXPAND_SZ,ImagePath,NT AUTHORITY\SYSTEM,HKEY_LOCAL_MACHINE\SYSTEM\CurrentControlSet\Services\mouhid\ImagePath,\SystemRoot\System32\drivers\mouhid.sys
ST869VRJ,Wow6432Node\Classes\CLSID\{54B50739-686F-45EB-9DFF-D6A9A0FAA9AF}\InProcServer32,REG_SZ,,NT AUTHORITY\SYSTEM,HKEY_LOCAL_MACHINE\Software\Wow6432Node\Classes\CLSID\{54B50739-686F-45EB-9DFF-D6A9A0FAA9AF}\InProcServer32\,C:\Windows\SysWOW64\bitsprx2.dll
ST869VRJ,Classes\CLSID\{FC48CC30-4F3E-4fa1-803B-AD0E196A83B1}\InProcServer32,REG_SZ,,NT AUTHORITY\SYSTEM,HKEY_LOCAL_MACHINE\Software\Classes\CLSID\{FC48CC30-4F3E-4fa1-803B-AD0E196A83B1}\InProcServer32\,C:\Windows\System32\msaatext.dll
ST869VRJ,Wow6432Node\Classes\CLSID\{c39ee728-d419-4bd4-a3ef-eda059dbd935}\InProcServer32,REG_SZ,,NT AUTHORITY\SYSTEM,HKEY_LOCAL_MACHINE\Software\Wow6432Node\Classes\CLSID\{c39ee728-d419-4bd4-a3ef-eda059dbd935}\InProcServer32\,C:\Windows\SysWOW64\wininet.dll
ST869VRJ,Classes\CLSID\{88E729D6-BDC1-11D1-BD2A-00C04FB9603F}\InProcServer32,REG_SZ,,NT AUTHORITY\SYSTEM,HKEY_LOCAL_MACHINE\Software\Classes\CLSID\{88E729D6-BDC1-11D1-BD2A-00C04FB9603F}\InProcServer32\,C:\Windows\System32\fde.dll
ST869VRJ,Classes\CLSID\{8D008BF5-038F-4D3D-A6F3-64CF62462D7E}\InProcServer32,REG_SZ,,NT AUTHORITY\SYSTEM,HKEY_LOCAL_MACHINE\Software\Classes\CLSID\{8D008BF5-038F-4D3D-A6F3-64CF62462D7E}\InProcServer32\,C:\Windows\System32\wuapi.dll
ST869VRJ,Classes\CLSID\{2C941FD4-975B-59BE-A960-9A2A262853A5}\InProcServer32,REG_SZ,,NT AUTHORITY\SYSTEM,HKEY_LOCAL_MACHINE\Software\Classes\CLSID\{2C941FD4-975B-59BE-A960-9A2A262853A5}\InProcServer32\,C:\Windows\System32\imapi2fs.dll
ST869VRJ,Wow6432Node\Classes\CLSID\{96c7a5ef-0e2c-46d7-9bc1-6445c2444d7a}\InProcServer32,REG_SZ,,NT AUTHORITY\SYSTEM,HKEY_LOCAL_MACHINE\Software\Wow6432Node\Classes\CLSID\{96c7a5ef-0e2c-46d7-9bc1-6445c2444d7a}\InProcServer32\,C:\Windows\SysWOW64\threadpoolwinrt.dll
ST869VRJ,Classes\CLSID\{8a7cae0e-5951-49cb-bf20-ab3fa1e44b01}\InProcServer32,REG_EXPAND_SZ,,NT AUTHORITY\SYSTEM,HKEY_LOCAL_MACHINE\Software\Classes\CLSID\{8a7cae0e-5951-49cb-bf20-ab3fa1e44b01}\InProcServer32\,%SystemRoot%\system32\fontext.dll
ST869VRJ,Classes\CLSID\{16CA098E-5156-4EDC-B064-741AB2B08A38}\InProcServer32,REG_EXPAND_SZ,,NT AUTHORITY\SYSTEM,HKEY_LOCAL_MACHINE\Software\Classes\CLSID\{16CA098E-5156-4EDC-B064-741AB2B08A38}\InProcServer32\,%SystemRoot%\system32\shell32.dll
ST869VRJ,Microsoft\Windows NT\CurrentVersion\Drivers32\,REG_SZ,vidc.yuy2,NT AUTHORITY\SYSTEM,HKEY_LOCAL_MACHINE\SOFTWARE\Microsoft\Windows NT\CurrentVersion\Drivers32\vidc.yuy2,msyuv.dll
ST869VRJ,Wow6432Node\Classes\CLSID\{41B23C28-488E-4E5C-ACE2-BB0BBABE99E8}\InProcServer32,REG_SZ,,NT AUTHORITY\SYSTEM,HKEY_LOCAL_MACHINE\Software\Wow6432Node\Classes\CLSID\{41B23C28-488E-4E5C-ACE2-BB0BBABE99E8}\InProcServer32\,C:\Windows\SysWOW64\hhctrl.ocx
ST869VRJ,Classes\CLSID\{6619A740-8154-43BE-A186-0319578E02DB}\InProcServer32,REG_SZ,,NT AUTHORITY\SYSTEM,HKEY_LOCAL_MACHINE\Software\Classes\CLSID\{6619A740-8154-43BE-A186-0319578E02DB}\InProcServer32\,C:\Windows\System32\mscoree.dll
ST869VRJ,Classes\CLSID\{c63382be-7933-48d0-9ac8-85fb46be2fdd}\InProcServer32,REG_EXPAND_SZ,,NT AUTHORITY\SYSTEM,HKEY_LOCAL_MACHINE\Software\Classes\CLSID\{c63382be-7933-48d0-9ac8-85fb46be2fdd}\InProcServer32\,%SystemRoot%\system32\shell32.dll
ST869VRJ,Wow6432Node\Classes\CLSID\{0b6d74fe-ad29-4c92-ac06-f06bc2f238a7}\InProcServer32,REG_SZ,,NT AUTHORITY\SYSTEM,HKEY_LOCAL_MACHINE\Software\Wow6432Node\Classes\CLSID\{0b6d74fe-ad29-4c92-ac06-f06bc2f238a7}\InProcServer32\,C:\Windows\SysWOW64\msfeeds.dll
ST869VRJ,CurrentControlSet\Services\lmhosts\Parameters\,REG_EXPAND_SZ,ServiceDll,NT AUTHORITY\SYSTEM,HKEY_LOCAL_MACHINE\SYSTEM\CurrentControlSet\Services\lmhosts\Parameters\ServiceDll,%SystemRoot%\System32\lmhsvc.dll
ST869VRJ,Classes\CLSID\{777BA815-2498-4875-933A-3067DE883070}\InProcServer32,REG_EXPAND_SZ,,NT AUTHORITY\SYSTEM,HKEY_LOCAL_MACHINE\Software\Classes\CLSID\{777BA815-2498-4875-933A-3067DE883070}\InProcServer32\,%SystemRoot%\system32\xwizards.dll
ST869VRJ,Classes\CLSID\{5CA9971B-2DC3-3BC8-847A-5E6D15CBB16E}\InProcServer32,REG_SZ,,NT AUTHORITY\SYSTEM,HKEY_LOCAL_MACHINE\Software\Classes\CLSID\{5CA9971B-2DC3-3BC8-847A-5E6D15CBB16E}\InProcServer32\,C:\Windows\System32\mscoree.dll
ST869VRJ,Classes\CLSID\{B96F67A2-30C2-47E8-BD85-70A2C948B50F}\InProcServer32,REG_SZ,,NT AUTHORITY\SYSTEM,HKEY_LOCAL_MACHINE\Software\Classes\CLSID\{B96F67A2-30C2-47E8-BD85-70A2C948B50F}\InProcServer32\,C:\Windows\System32\Dxtmsft.dll
ST869VRJ,Classes\CLSID\{4a04656d-52aa-49de-8a09-cb178760e748}\InProcServer32,REG_EXPAND_SZ,,NT AUTHORITY\SYSTEM,HKEY_LOCAL_MACHINE\Software\Classes\CLSID\{4a04656d-52aa-49de-8a09-cb178760e748}\InProcServer32\,%SystemRoot%\system32\shell32.dll
ST869VRJ,Classes\CLSID\{6021CE48-B556-4f11-BC68-A647F056F8CC}\InProcServer32,REG_SZ,,BUILTIN\Administrators,HKEY_LOCAL_MACHINE\Software\Classes\CLSID\{6021CE48-B556-4f11-BC68-A647F056F8CC}\InProcServer32\,c:\PROGRA~1\COMMON~1\mcafee\HACKER~1\hwapi.dll
ST869VRJ,Classes\CLSID\{EE24A2C3-3AA2-33DA-8731-A4FCC1105813}\InProcServer32,REG_SZ,,NT AUTHORITY\SYSTEM,HKEY_LOCAL_MACHINE\Software\Classes\CLSID\{EE24A2C3-3AA2-33DA-8731-A4FCC1105813}\InProcServer32\,C:\Windows\System32\mscoree.dll
ST869VRJ,Classes\CLSID\{4B78D326-D922-44f9-AF2A-07805C2A3560}\InProcServer32,REG_SZ,,NT AUTHORITY\SYSTEM,HKEY_LOCAL_MACHINE\Software\Classes\CLSID\{4B78D326-D922-44f9-AF2A-07805C2A3560}\InProcServer32\,C:\Windows\System32\ieframe.dll
ST869VRJ,Classes\CLSID\{63E23168-BFF7-4E87-A246-EF024425E4EC}\InProcServer32,REG_EXPAND_SZ,,NT AUTHORITY\SYSTEM,HKEY_LOCAL_MACHINE\Software\Classes\CLSID\{63E23168-BFF7-4E87-A246-EF024425E4EC}\InProcServer32\,%SystemRoot%\System32\GPEdit.dll
ST869VRJ,Classes\CLSID\{5268CCA1-1270-4B04-B155-BD0753440278}\InProcServer32,REG_SZ,,BUILTIN\Administrators,HKEY_LOCAL_MACHINE\Software\Classes\CLSID\{5268CCA1-1270-4B04-B155-BD0753440278}\InProcServer32\,c:\PROGRA~1\COMMON~1\mcafee\platform\mcuicfg.dll
ST869VRJ,Classes\CLSID\{9546306B-1B68-33AF-80DB-3A9206501515}\InProcServer32,REG_SZ,,NT AUTHORITY\SYSTEM,HKEY_LOCAL_MACHINE\Software\Classes\CLSID\{9546306B-1B68-33AF-80DB-3A9206501515}\InProcServer32\,C:\Windows\System32\mscoree.dll
ST869VRJ,Classes\CLSID\{87FC0268-9A55-4360-95AA-004A1D9DE26C}\InProcServer32,REG_EXPAND_SZ,,NT AUTHORITY\SYSTEM,HKEY_LOCAL_MACHINE\Software\Classes\CLSID\{87FC0268-9A55-4360-95AA-004A1D9DE26C}\InProcServer32\,%SystemRoot%\System32\dsdmo.dll
ST869VRJ,Classes\CLSID\{5F35421F-3313-4AD6-A3D9-DC4CD7DB4BED}\InProcServer32,REG_EXPAND_SZ,,NT AUTHORITY\SYSTEM,HKEY_LOCAL_MACHINE\Software\Classes\CLSID\{5F35421F-3313-4AD6-A3D9-DC4CD7DB4BED}\InProcServer32\,%SystemRoot%\System32\DeviceSetupManagerAPI.dll
ST869VRJ,CurrentControlSet\Services\terminpt\,REG_EXPAND_SZ,ImagePath,NT AUTHORITY\SYSTEM,HKEY_LOCAL_MACHINE\SYSTEM\CurrentControlSet\Services\terminpt\ImagePath,\SystemRoot\System32\drivers\terminpt.sys
ST869VRJ,Classes\CLSID\{9C67F424-22DC-3D05-AB36-17EAF95881F2}\InProcServer32,REG_SZ,,NT AUTHORITY\SYSTEM,HKEY_LOCAL_MACHINE\Software\Classes\CLSID\{9C67F424-22DC-3D05-AB36-17EAF95881F2}\InProcServer32\,C:\Windows\System32\mscoree.dll
ST869VRJ,Wow6432Node\Classes\CLSID\{2FE8F810-B2A5-11d0-A787-0000F803ABFC}\InProcServer32,REG_EXPAND_SZ,,NT AUTHORITY\SYSTEM,HKEY_LOCAL_MACHINE\Software\Wow6432Node\Classes\CLSID\{2FE8F810-B2A5-11d0-A787-0000F803ABFC}\InProcServer32\,%SystemRoot%\system32\dplayx.dll
ST869VRJ,Wow6432Node\Classes\CLSID\{92c85649-0892-4bc7-9b63-949f64149a26}\InProcServer32,REG_SZ,,NT AUTHORITY\SYSTEM,HKEY_LOCAL_MACHINE\Software\Wow6432Node\Classes\CLSID\{92c85649-0892-4bc7-9b63-949f64149a26}\InProcServer32\,C:\Windows\SysWOW64\setup\pbkmigr.dll
ST869VRJ,Classes\CLSID\{CD000009-8B95-11D1-82DB-00C04FB1625D}\InProcServer32,REG_SZ,,NT AUTHORITY\SYSTEM,HKEY_LOCAL_MACHINE\Software\Classes\CLSID\{CD000009-8B95-11D1-82DB-00C04FB1625D}\InProcServer32\,C:\Windows\System32\cdosys.dll
ST869VRJ,Classes\CLSID\{9b11e09d-e787-4bcf-9ca5-9173520a99c3}\InProcServer32,REG_SZ,,NT AUTHORITY\SYSTEM,HKEY_LOCAL_MACHINE\Software\Classes\CLSID\{9b11e09d-e787-4bcf-9ca5-9173520a99c3}\InProcServer32\,C:\Windows\System32\wu.upgrade.ps.dll
ST869VRJ,Classes\CLSID\{4ce6767d-e09b-45dc-831d-20c8b4ea9a26}\InProcServer32,REG_EXPAND_SZ,,NT AUTHORITY\SYSTEM,HKEY_LOCAL_MACHINE\Software\Classes\CLSID\{4ce6767d-e09b-45dc-831d-20c8b4ea9a26}\InProcServer32\,%SystemRoot%\system32\shell32.dll
ST869VRJ,Classes\CLSID\{a1e2b86b-924a-4d43-80f6-8a820df7190f}\InProcServer32,REG_SZ,,NT AUTHORITY\SYSTEM,HKEY_LOCAL_MACHINE\Software\Classes\CLSID\{a1e2b86b-924a-4d43-80f6-8a820df7190f}\InProcServer32\,C:\Windows\System32\IME\IMEKR\imkrotip.dll
ST869VRJ,Classes\CLSID\{F5078F33-C551-11D3-89B9-0000F81FE221}\InProcServer32,REG_EXPAND_SZ,,NT AUTHORITY\SYSTEM,HKEY_LOCAL_MACHINE\Software\Classes\CLSID\{F5078F33-C551-11D3-89B9-0000F81FE221}\InProcServer32\,%SystemRoot%\System32\msxml3.dll
ST869VRJ,Classes\CLSID\{05d7b0f4-2121-4eff-bf6b-ed3f69b894d7}\InProcServer32,REG_EXPAND_SZ,,NT AUTHORITY\SYSTEM,HKEY_LOCAL_MACHINE\Software\Classes\CLSID\{05d7b0f4-2121-4eff-bf6b-ed3f69b894d7}\InProcServer32\,%SystemRoot%\System32\taskbarcpl.dll
ST869VRJ,Wow6432Node\Classes\CLSID\{a028ae76-01b1-46c2-99c4-acd9858ae02f}\InProcServer32,REG_SZ,,NT AUTHORITY\SYSTEM,HKEY_LOCAL_MACHINE\Software\Wow6432Node\Classes\CLSID\{a028ae76-01b1-46c2-99c4-acd9858ae02f}\InProcServer32\,C:\Windows\SysWOW64\IME\IMEKR\imkrtip.dll
ST869VRJ,Microsoft\Windows NT\CurrentVersion\Image File Execution Options\DllNXOptions\,REG_DWORD,PMSTE.dll,NT AUTHORITY\SYSTEM,HKEY_LOCAL_MACHINE\Software\Microsoft\Windows NT\CurrentVersion\Image File Execution Options\DllNXOptions\PMSTE.dll,1
ST869VRJ,Classes\CLSID\{DA317BE2-1A0D-37B3-83F2-A0F32787FC67}\InProcServer32,REG_SZ,,NT AUTHORITY\SYSTEM,HKEY_LOCAL_MACHINE\Software\Classes\CLSID\{DA317BE2-1A0D-37B3-83F2-A0F32787FC67}\InProcServer32\,C:\Windows\System32\mscoree.dll
ST869VRJ,Classes\CLSID\{ed9d80b9-d157-457b-9192-0e7280313bf0}\InProcServer32,REG_EXPAND_SZ,,NT AUTHORITY\SYSTEM,HKEY_LOCAL_MACHINE\Software\Classes\CLSID\{ed9d80b9-d157-457b-9192-0e7280313bf0}\InProcServer32\,%SystemRoot%\system32\zipfldr.dll
ST869VRJ,Classes\CLSID\{27354127-7F64-5B0F-8F00-5D77AFBE261E}\InProcServer32,REG_SZ,,NT AUTHORITY\SYSTEM,HKEY_LOCAL_MACHINE\Software\Classes\CLSID\{27354127-7F64-5B0F-8F00-5D77AFBE261E}\InProcServer32\,C:\Windows\System32\imapi2.dll
ST869VRJ,Microsoft\Windows\CurrentVersion\Run\,REG_SZ,tvncontrol,NT AUTHORITY\SYSTEM,HKEY_LOCAL_MACHINE\Software\Microsoft\Windows\CurrentVersion\Run\tvncontrol,"""C:\Program Files\TightVNC\tvnserver.exe"" -controlservice -slave"
ST869VRJ,Classes\CLSID\{647BD8C2-658B-4ECA-ABC7-FC5C0BF1704D}\InProcServer32,REG_EXPAND_SZ,,NT AUTHORITY\SYSTEM,HKEY_LOCAL_MACHINE\Software\Classes\CLSID\{647BD8C2-658B-4ECA-ABC7-FC5C0BF1704D}\InProcServer32\,%SystemRoot%\system32\tscfgwmi.dll
ST869VRJ,Wow6432Node\Classes\CLSID\{7DE087A5-5DCB-4df7-BB12-0924AD8FBD9A}\InProcServer32,REG_SZ,,NT AUTHORITY\SYSTEM,HKEY_LOCAL_MACHINE\Software\Wow6432Node\Classes\CLSID\{7DE087A5-5DCB-4df7-BB12-0924AD8FBD9A}\InProcServer32\,C:\Windows\SysWOW64\WSMAUTO.DLL
ST869VRJ,Classes\CLSID\{FD853CEA-7F86-11d0-8252-00C04FD85AB4}\InProcServer32,REG_SZ,,NT AUTHORITY\SYSTEM,HKEY_LOCAL_MACHINE\Software\Classes\CLSID\{FD853CEA-7F86-11d0-8252-00C04FD85AB4}\InProcServer32\,C:\Windows\System32\inetcomm.dll
ST869VRJ,Classes\CLSID\{E9225296-C759-11d1-A02B-00C04FB6809F}\InProcServer32,REG_SZ,,NT AUTHORITY\SYSTEM,HKEY_LOCAL_MACHINE\Software\Classes\CLSID\{E9225296-C759-11d1-A02B-00C04FB6809F}\InProcServer32\,C:\Windows\System32\tapi3.dll
ST869VRJ,Classes\CLSID\{6DC3804B-7212-458D-ADB0-9A07E2AE1FA2}\InProcServer32,REG_EXPAND_SZ,,NT AUTHORITY\SYSTEM,HKEY_LOCAL_MACHINE\Software\Classes\CLSID\{6DC3804B-7212-458D-ADB0-9A07E2AE1FA2}\InProcServer32\,%SystemRoot%\System32\GPEdit.dll
ST869VRJ,Wow6432Node\Classes\CLSID\{7E37D5E7-263D-45CF-842B-96A95C63E46C}\InProcServer32,REG_SZ,,NT AUTHORITY\SYSTEM,HKEY_LOCAL_MACHINE\Software\Wow6432Node\Classes\CLSID\{7E37D5E7-263D-45CF-842B-96A95C63E46C}\InProcServer32\,C:\Windows\SysWOW64\GPEdit.dll
ST869VRJ,Classes\CLSID\{C1ADB7B7-B545-4FB2-8C83-DDB4344B3B56}\InProcServer32,REG_SZ,,NT AUTHORITY\SYSTEM,HKEY_LOCAL_MACHINE\Software\Classes\CLSID\{C1ADB7B7-B545-4FB2-8C83-DDB4344B3B56}\InProcServer32\,C:\Windows\System32\InputMethod\CHT\ChtPhoneticDS.dll
ST869VRJ,Classes\CLSID\{0C7EFBDE-0303-4c6f-A4F7-31FA2BE5E397}\InProcServer32,REG_SZ,,NT AUTHORITY\SYSTEM,HKEY_LOCAL_MACHINE\Software\Classes\CLSID\{0C7EFBDE-0303-4c6f-A4F7-31FA2BE5E397}\InProcServer32\,C:\Windows\System32\Dxtmsft.dll
ST869VRJ,Classes\CLSID\{adfa80e7-9769-4ad9-992c-55dc57e1008c}\InProcServer32,REG_SZ,,NT AUTHORITY\SYSTEM,HKEY_LOCAL_MACHINE\Software\Classes\CLSID\{adfa80e7-9769-4ad9-992c-55dc57e1008c}\InProcServer32\,C:\Windows\System32\shell32.dll
ST869VRJ,Classes\CLSID\{8841d728-1a76-4682-bb6f-a9ea53b4b3ba}\InProcServer32,REG_EXPAND_SZ,,NT AUTHORITY\SYSTEM,HKEY_LOCAL_MACHINE\Software\Classes\CLSID\{8841d728-1a76-4682-bb6f-a9ea53b4b3ba}\InProcServer32\,%SystemRoot%\System32\keymgr.dll
ST869VRJ,Classes\CLSID\{e9711a2f-350f-4ec1-8ebd-21245a8b9376}\InProcServer32,REG_EXPAND_SZ,,NT AUTHORITY\SYSTEM,HKEY_LOCAL_MACHINE\Software\Classes\CLSID\{e9711a2f-350f-4ec1-8ebd-21245a8b9376}\InProcServer32\,%SystemRoot%\system32\shell32.dll
ST869VRJ,Classes\CLSID\{8369AB20-56C9-11D0-94E8-00AA0059CE02}\InProcServer32,REG_SZ,,NT AUTHORITY\SYSTEM,HKEY_LOCAL_MACHINE\Software\Classes\CLSID\{8369AB20-56C9-11D0-94E8-00AA0059CE02}\InProcServer32\,C:\Windows\System32\occache.dll
ST869VRJ,Classes\CLSID\{35b1d3bb-2d4e-4a7c-9af0-f2f677af7c30}\InProcServer32,REG_SZ,,NT AUTHORITY\SYSTEM,HKEY_LOCAL_MACHINE\Software\Classes\CLSID\{35b1d3bb-2d4e-4a7c-9af0-f2f677af7c30}\InProcServer32\,C:\Windows\System32\fdWNet.dll
ST869VRJ,Classes\CLSID\{E30629D2-27E5-11CE-875D-00608CB78066}\InProcServer32,REG_SZ,,NT AUTHORITY\SYSTEM,HKEY_LOCAL_MACHINE\Software\Classes\CLSID\{E30629D2-27E5-11CE-875D-00608CB78066}\InProcServer32\,C:\Windows\System32\qcap.dll
ST869VRJ,Classes\CLSID\{B8A27942-ADE7-4085-AA6E-4FADC7ADA1EF}\InProcServer32,REG_SZ,,NT AUTHORITY\SYSTEM,HKEY_LOCAL_MACHINE\Software\Classes\CLSID\{B8A27942-ADE7-4085-AA6E-4FADC7ADA1EF}\InProcServer32\,C:\Windows\System32\PNPXAssoc.dll
ST869VRJ,Classes\CLSID\{EA2C6B24-C590-457B-BAC8-4A0F9B13B5B8}\InProcServer32,REG_EXPAND_SZ,,NT AUTHORITY\SYSTEM,HKEY_LOCAL_MACHINE\Software\Classes\CLSID\{EA2C6B24-C590-457B-BAC8-4A0F9B13B5B8}\InProcServer32\,%SystemRoot%\System32\UserAccountControlSettings.dll
ST869VRJ,Classes\CLSID\{8A03E749-672E-446E-BF1F-2C11D233B6FF}\InProcServer32,REG_EXPAND_SZ,,NT AUTHORITY\SYSTEM,HKEY_LOCAL_MACHINE\Software\Classes\CLSID\{8A03E749-672E-446E-BF1F-2C11D233B6FF}\InProcServer32\,%SystemRoot%\system32\windowscodecs.dll
ST869VRJ,Classes\CLSID\{C98F3822-3658-4D75-8A25-6621665ECD56}\InProcServer32,REG_EXPAND_SZ,,NT AUTHORITY\SYSTEM,HKEY_LOCAL_MACHINE\Software\Classes\CLSID\{C98F3822-3658-4D75-8A25-6621665ECD56}\InProcServer32\,%SystemRoot%\system32\hgcpl.dll
ST869VRJ,Software\Microsoft\Windows\CurrentVersion\Run\,REG_SZ,OneDrive,NT AUTHORITY\SYSTEM,HKEY_USERS\S-1-5-21-2770109286-2944640460-1776573406-1001\Software\Microsoft\Windows\CurrentVersion\Run\OneDrive,"""C:\Users\$user\AppData\Local\Microsoft\OneDrive\OneDrive.exe"" /background"
ST869VRJ,Classes\CLSID\{71E32BAA-73EE-40a1-933C-F166F0192B72}\InProcServer32,REG_EXPAND_SZ,,NT AUTHORITY\SYSTEM,HKEY_LOCAL_MACHINE\Software\Classes\CLSID\{71E32BAA-73EE-40a1-933C-F166F0192B72}\InProcServer32\,%SystemRoot%\system32\shell32.dll
ST869VRJ,Classes\CLSID\{7751F46E-39B2-4b50-A7E3-23EF598ECD85}\InProcServer32,REG_SZ,,NT AUTHORITY\SYSTEM,HKEY_LOCAL_MACHINE\Software\Classes\CLSID\{7751F46E-39B2-4b50-A7E3-23EF598ECD85}\InProcServer32\,C:\Windows\System32\vidcap.ax
ST869VRJ,CurrentControlSet\Services\sdbus\,REG_EXPAND_SZ,ImagePath,NT AUTHORITY\SYSTEM,HKEY_LOCAL_MACHINE\SYSTEM\CurrentControlSet\Services\sdbus\ImagePath,\SystemRoot\System32\drivers\sdbus.sys
ST869VRJ,Classes\CLSID\{01afc156-f2eb-4c1c-a722-8550417d396f}\InProcServer32,REG_EXPAND_SZ,,NT AUTHORITY\SYSTEM,HKEY_LOCAL_MACHINE\Software\Classes\CLSID\{01afc156-f2eb-4c1c-a722-8550417d396f}\InProcServer32\,%SystemRoot%\System32\actioncenter.dll
ST869VRJ,Classes\CLSID\{E2A4E630-7AD8-44f0-B6EE-D36EA4C6EB94}\InProcServer32,REG_EXPAND_SZ,,NT AUTHORITY\SYSTEM,HKEY_LOCAL_MACHINE\Software\Classes\CLSID\{E2A4E630-7AD8-44f0-B6EE-D36EA4C6EB94}\InProcServer32\,%SystemRoot%\system32\ndfapi.dll
ST869VRJ,Classes\CLSID\{F885120E-3789-4fd9-865E-DC9B4A6412D2}\InProcServer32,REG_EXPAND_SZ,,NT AUTHORITY\SYSTEM,HKEY_LOCAL_MACHINE\Software\Classes\CLSID\{F885120E-3789-4fd9-865E-DC9B4A6412D2}\InProcServer32\,%SystemRoot%\system32\appwiz.cpl
ST869VRJ,Classes\CLSID\{8C1645B0-9864-465E-BE75-990B030E4B11}\InProcServer32,REG_EXPAND_SZ,,NT AUTHORITY\SYSTEM,HKEY_LOCAL_MACHINE\Software\Classes\CLSID\{8C1645B0-9864-465E-BE75-990B030E4B11}\InProcServer32\,%SystemRoot%\system32\xwizards.dll
ST869VRJ,Classes\CLSID\{7444C719-39BF-11D1-8CD9-00C04FC29D45}\InProcServer32,REG_EXPAND_SZ,,NT AUTHORITY\SYSTEM,HKEY_LOCAL_MACHINE\Software\Classes\CLSID\{7444C719-39BF-11D1-8CD9-00C04FC29D45}\InProcServer32\,%SystemRoot%\system32\cryptext.dll
ST869VRJ,Classes\CLSID\{93073C40-0BA5-11d2-A484-00C04F8EFB69}\InProcServer32,REG_SZ,,NT AUTHORITY\SYSTEM,HKEY_LOCAL_MACHINE\Software\Classes\CLSID\{93073C40-0BA5-11d2-A484-00C04F8EFB69}\InProcServer32\,C:\Windows\System32\Dxtmsft.dll
ST869VRJ,Classes\CLSID\{6208889B-F7A7-44B4-A34E-3C40E83281DB}\InProcServer32,REG_EXPAND_SZ,,NT AUTHORITY\SYSTEM,HKEY_LOCAL_MACHINE\Software\Classes\CLSID\{6208889B-F7A7-44B4-A34E-3C40E83281DB}\InProcServer32\,%SystemRoot%\System32\oobe\msoobedui.dll
ST869VRJ,Classes\CLSID\{77CA5A70-1D99-4E2A-8D16-D2D7D00E9A9B}\InProcServer32,REG_SZ,,NT AUTHORITY\SYSTEM,HKEY_LOCAL_MACHINE\Software\Classes\CLSID\{77CA5A70-1D99-4E2A-8D16-D2D7D00E9A9B}\InProcServer32\,C:\Windows\System32\DevicePairing.dll
ST869VRJ,Classes\CLSID\{AB3B125A-120F-4444-B5EB-E14738782758}\InProcServer32,REG_EXPAND_SZ,,NT AUTHORITY\SYSTEM,HKEY_LOCAL_MACHINE\Software\Classes\CLSID\{AB3B125A-120F-4444-B5EB-E14738782758}\InProcServer32\,%SystemRoot%\System32\SearchFolder.dll
ST869VRJ,Classes\CLSID\{8856F961-340A-11D0-A96B-00C04FD705A2}\InProcServer32,REG_SZ,,NT AUTHORITY\SYSTEM,HKEY_LOCAL_MACHINE\Software\Classes\CLSID\{8856F961-340A-11D0-A96B-00C04FD705A2}\InProcServer32\,C:\Windows\System32\ieframe.dll
ST869VRJ,Classes\CLSID\{77CA5AA2-1D99-4E2A-8D16-D2D7D00E9A9B}\InProcServer32,REG_SZ,,NT AUTHORITY\SYSTEM,HKEY_LOCAL_MACHINE\Software\Classes\CLSID\{77CA5AA2-1D99-4E2A-8D16-D2D7D00E9A9B}\InProcServer32\,C:\Windows\System32\DevicePairing.dll
ST869VRJ,Classes\CLSID\{021003e9-aac0-4975-979f-14b5d4e717f8}\InProcServer32,REG_EXPAND_SZ,,NT AUTHORITY\SYSTEM,HKEY_LOCAL_MACHINE\Software\Classes\CLSID\{021003e9-aac0-4975-979f-14b5d4e717f8}\InProcServer32\,%SystemRoot%\system32\shell32.dll
ST869VRJ,CurrentControlSet\Services\RDPNP\NetworkProvider\,REG_EXPAND_SZ,ProviderPath,NT AUTHORITY\SYSTEM,HKEY_LOCAL_MACHINE\SYSTEM\CurrentControlSet\Services\RDPNP\NetworkProvider\ProviderPath,%SystemRoot%\System32\drprov.dll
ST869VRJ,Classes\CLSID\{AED6483F-3304-11d2-86F1-006008B0E5D2}\InProcServer32,REG_SZ,,NT AUTHORITY\SYSTEM,HKEY_LOCAL_MACHINE\Software\Classes\CLSID\{AED6483F-3304-11d2-86F1-006008B0E5D2}\InProcServer32\,C:\Windows\System32\termmgr.dll
ST869VRJ,Classes\CLSID\{6DCF75A0-83C9-4175-A7A8-FE3DCF1F94A4}\InProcServer32,REG_EXPAND_SZ,,NT AUTHORITY\SYSTEM,HKEY_LOCAL_MACHINE\Software\Classes\CLSID\{6DCF75A0-83C9-4175-A7A8-FE3DCF1F94A4}\InProcServer32\,%SystemRoot%\System32\oobe\msoobeplugins.dll
ST869VRJ,Classes\CLSID\{49F371E1-8C5C-4d9c-9A3B-54A6827F513C}\InProcServer32,REG_EXPAND_SZ,,NT AUTHORITY\SYSTEM,HKEY_LOCAL_MACHINE\Software\Classes\CLSID\{49F371E1-8C5C-4d9c-9A3B-54A6827F513C}\InProcServer32\,%SystemRoot%\system32\ntshrui.dll
ST869VRJ,Classes\CLSID\{e949da38-c39d-4460-8ea7-a39152c56836}\InProcServer32,REG_SZ,,NT AUTHORITY\SYSTEM,HKEY_LOCAL_MACHINE\Software\Classes\CLSID\{e949da38-c39d-4460-8ea7-a39152c56836}\InProcServer32\,C:\Windows\System32\rascfg.dll
ST869VRJ,Classes\CLSID\{B2F2E083-84FE-4a7e-80C3-4B50D10D646E}\InProcServer32,REG_EXPAND_SZ,,NT AUTHORITY\SYSTEM,HKEY_LOCAL_MACHINE\Software\Classes\CLSID\{B2F2E083-84FE-4a7e-80C3-4B50D10D646E}\InProcServer32\,%SystemRoot%\system32\shell32.dll
ST869VRJ,Classes\CLSID\{9a096bb5-9dc3-4d1c-8526-c3cbf991ea4e}\InProcServer32,REG_SZ,,NT AUTHORITY\SYSTEM,HKEY_LOCAL_MACHINE\Software\Classes\CLSID\{9a096bb5-9dc3-4d1c-8526-c3cbf991ea4e}\InProcServer32\,C:\Windows\System32\ieframe.dll
ST869VRJ,Wow6432Node\Classes\CLSID\{10072CEC-8CC1-11D1-986E-00A0C955B42E}\InProcServer32,REG_SZ,,NT AUTHORITY\SYSTEM,HKEY_LOCAL_MACHINE\Software\Wow6432Node\Classes\CLSID\{10072CEC-8CC1-11D1-986E-00A0C955B42E}\InProcServer32\,C:\Program Files (x86)\Common Files\Microsoft Shared\VGX\vgx.dll
ST869VRJ,Classes\CLSID\{ecabb0be-7f19-11d2-978e-0000f8757e2a}\InProcServer32,REG_SZ,,NT AUTHORITY\SYSTEM,HKEY_LOCAL_MACHINE\Software\Classes\CLSID\{ecabb0be-7f19-11d2-978e-0000f8757e2a}\InProcServer32\,C:\Windows\System32\comsvcs.dll
ST869VRJ,Classes\CLSID\{060AF76C-68DD-11D0-8FC1-00C04FD9189D}\InProcServer32,REG_SZ,,NT AUTHORITY\SYSTEM,HKEY_LOCAL_MACHINE\Software\Classes\CLSID\{060AF76C-68DD-11D0-8FC1-00C04FD9189D}\InProcServer32\,C:\Windows\System32\quartz.dll
ST869VRJ,Classes\CLSID\{03837532-098B-11D8-9414-505054503030}\InProcServer32,REG_EXPAND_SZ,,NT AUTHORITY\SYSTEM,HKEY_LOCAL_MACHINE\Software\Classes\CLSID\{03837532-098B-11D8-9414-505054503030}\InProcServer32\,%SystemRoot%\System32\pla.dll
ST869VRJ,Classes\CLSID\{9E56BE60-C50F-11CF-9A2C-00A0C90A90CE}\InProcServer32,REG_EXPAND_SZ,,NT AUTHORITY\SYSTEM,HKEY_LOCAL_MACHINE\Software\Classes\CLSID\{9E56BE60-C50F-11CF-9A2C-00A0C90A90CE}\InProcServer32\,%SystemRoot%\System32\sendmail.dll
ST869VRJ,Classes\CLSID\{25E609E4-B259-11CF-BFC7-444553540000}\InProcServer32,REG_SZ,,NT AUTHORITY\SYSTEM,HKEY_LOCAL_MACHINE\Software\Classes\CLSID\{25E609E4-B259-11CF-BFC7-444553540000}\InProcServer32\,C:\Windows\System32\dinput8.dll
ST869VRJ,Classes\CLSID\{C58C4893-3BE0-4B45-ABB5-A63E4B8C8651}\InProcServer32,REG_EXPAND_SZ,,NT AUTHORITY\SYSTEM,HKEY_LOCAL_MACHINE\Software\Classes\CLSID\{C58C4893-3BE0-4B45-ABB5-A63E4B8C8651}\InProcServer32\,%SystemRoot%\System32\shdocvw.dll
ST869VRJ,Classes\CLSID\{EEBD2F15-87EE-4f93-856F-6AD7E31787B3}\InProcServer32,REG_SZ,,NT AUTHORITY\SYSTEM,HKEY_LOCAL_MACHINE\Software\Classes\CLSID\{EEBD2F15-87EE-4f93-856F-6AD7E31787B3}\InProcServer32\,C:\Windows\System32\comsnap.dll
ST869VRJ,Classes\CLSID\{D93CE8B5-3BF8-462C-A03F-DED2730078BA}\InProcServer32,REG_EXPAND_SZ,,NT AUTHORITY\SYSTEM,HKEY_LOCAL_MACHINE\Software\Classes\CLSID\{D93CE8B5-3BF8-462C-A03F-DED2730078BA}\InProcServer32\,%SystemRoot%\system32\authui.dll
ST869VRJ,Classes\CLSID\{03837530-098B-11D8-9414-505054503030}\InProcServer32,REG_EXPAND_SZ,,NT AUTHORITY\SYSTEM,HKEY_LOCAL_MACHINE\Software\Classes\CLSID\{03837530-098B-11D8-9414-505054503030}\InProcServer32\,%SystemRoot%\System32\pla.dll
ST869VRJ,Classes\CLSID\{100A0E8F-D705-44AA-ABA7-842B96FA4ED9}\InProcServer32,REG_SZ,,BUILTIN\Administrators,HKEY_LOCAL_MACHINE\Software\Classes\CLSID\{100A0E8F-D705-44AA-ABA7-842B96FA4ED9}\InProcServer32\,C:\Program Files\Common Files\McAfee\PEF\CORE\PEFWebObjects.dll
ST869VRJ,Classes\CLSID\{3613F1D2-C9A5-4f41-A070-E5BB823B2E5B}\InProcServer32,REG_EXPAND_SZ,,NT AUTHORITY\SYSTEM,HKEY_LOCAL_MACHINE\Software\Classes\CLSID\{3613F1D2-C9A5-4f41-A070-E5BB823B2E5B}\InProcServer32\,%SystemRoot%\system32\explorerframe.dll
ST869VRJ,Classes\CLSID\{9ECF752A-518E-46b1-8691-F5090F5E9A14}\InProcServer32,REG_EXPAND_SZ,,NT AUTHORITY\SYSTEM,HKEY_LOCAL_MACHINE\Software\Classes\CLSID\{9ECF752A-518E-46b1-8691-F5090F5E9A14}\InProcServer32\,%SystemRoot%\system32\shell32.dll
ST869VRJ,Classes\CLSID\{3C9EE142-8A59-4813-A633-206E0C95EA23}\InProcServer32,REG_SZ,,NT AUTHORITY\SYSTEM,HKEY_LOCAL_MACHINE\Software\Classes\CLSID\{3C9EE142-8A59-4813-A633-206E0C95EA23}\InProcServer32\,C:\Windows\System32\IME\SHARED\imebrokerps.dll
ST869VRJ,Classes\CLSID\{06290BD0-48AA-11D2-8432-006008C3FBFC}\InProcServer32,REG_SZ,,NT AUTHORITY\SYSTEM,HKEY_LOCAL_MACHINE\Software\Classes\CLSID\{06290BD0-48AA-11D2-8432-006008C3FBFC}\InProcServer32\,C:\Windows\System32\scrobj.dll
ST869VRJ,Classes\CLSID\{17f418ed-5cd0-4067-be51-4c96d386ebc1}\InProcServer32,REG_EXPAND_SZ,,NT AUTHORITY\SYSTEM,HKEY_LOCAL_MACHINE\Software\Classes\CLSID\{17f418ed-5cd0-4067-be51-4c96d386ebc1}\InProcServer32\,%SystemRoot%\system32\shell32.dll
ST869VRJ,Classes\CLSID\{5DC41694-C6A6-11d1-9D35-006008B0E5CA}\InProcServer32,REG_SZ,,NT AUTHORITY\SYSTEM,HKEY_LOCAL_MACHINE\Software\Classes\CLSID\{5DC41694-C6A6-11d1-9D35-006008B0E5CA}\InProcServer32\,C:\Windows\System32\catsrvut.dll
ST869VRJ,Classes\CLSID\{96c7a5ef-0e2c-46d7-9bc1-6445c2444d7a}\InProcServer32,REG_SZ,,NT AUTHORITY\SYSTEM,HKEY_LOCAL_MACHINE\Software\Classes\CLSID\{96c7a5ef-0e2c-46d7-9bc1-6445c2444d7a}\InProcServer32\,C:\Windows\System32\threadpoolwinrt.dll
ST869VRJ,Classes\CLSID\{527c9a9b-b9a2-44b0-84f9-f0dc11c2bcfb}\InProcServer32,REG_EXPAND_SZ,,NT AUTHORITY\SYSTEM,HKEY_LOCAL_MACHINE\Software\Classes\CLSID\{527c9a9b-b9a2-44b0-84f9-f0dc11c2bcfb}\InProcServer32\,%SystemRoot%\system32\shell32.dll
ST869VRJ,Microsoft\Windows NT\CurrentVersion\Image File Execution Options\ehexthost32.exe\,REG_DWORD,DisableExceptionChainValidation,NT AUTHORITY\SYSTEM,HKEY_LOCAL_MACHINE\Software\Microsoft\Windows NT\CurrentVersion\Image File Execution Options\ehexthost32.exe\DisableExceptionChainValidation,3
ST869VRJ,Classes\CLSID\{8E871B70-0F3D-4605-8919-89A7ACBA199C}\InProcServer32,REG_EXPAND_SZ,,NT AUTHORITY\SYSTEM,HKEY_LOCAL_MACHINE\Software\Classes\CLSID\{8E871B70-0F3D-4605-8919-89A7ACBA199C}\InProcServer32\,%SystemRoot%\system32\twinui.dll
ST869VRJ,Classes\CLSID\{90bd963c-925a-4628-b905-fa122a1890a6}\InProcServer32,REG_SZ,,NT AUTHORITY\SYSTEM,HKEY_LOCAL_MACHINE\Software\Classes\CLSID\{90bd963c-925a-4628-b905-fa122a1890a6}\InProcServer32\,C:\Windows\System32\IME\IMEJP\imjppred.dll
ST869VRJ,Classes\CLSID\{5d7222bc-b407-410b-b440-080f8172ca09}\InProcServer32,REG_SZ,,NT AUTHORITY\SYSTEM,HKEY_LOCAL_MACHINE\Software\Classes\CLSID\{5d7222bc-b407-410b-b440-080f8172ca09}\InProcServer32\,C:\Windows\System32\vaultcli.dll
ST869VRJ,Classes\CLSID\{227ec397-6791-4ac6-a762-2f70f99015c2}\InProcServer32,REG_EXPAND_SZ,,NT AUTHORITY\SYSTEM,HKEY_LOCAL_MACHINE\Software\Classes\CLSID\{227ec397-6791-4ac6-a762-2f70f99015c2}\InProcServer32\,%SystemRoot%\System32\iasrecst.dll
ST869VRJ,Classes\CLSID\{ECABB0CA-7F19-11D2-978E-0000F8757E2A}\InProcServer32,REG_SZ,,NT AUTHORITY\SYSTEM,HKEY_LOCAL_MACHINE\Software\Classes\CLSID\{ECABB0CA-7F19-11D2-978E-0000F8757E2A}\InProcServer32\,C:\Windows\System32\comsvcs.dll
ST869VRJ,Classes\CLSID\{545AE700-50BF-11D1-9FE9-00600832DB4A}\InProcServer32,REG_EXPAND_SZ,,NT AUTHORITY\SYSTEM,HKEY_LOCAL_MACHINE\Software\Classes\CLSID\{545AE700-50BF-11D1-9FE9-00600832DB4A}\InProcServer32\,%SystemRoot%\system32\cic.dll
ST869VRJ,Classes\CLSID\{47DFBE54-CF76-11D3-B38F-00105A1F473A}\InProcServer32,REG_EXPAND_SZ,,NT AUTHORITY\SYSTEM,HKEY_LOCAL_MACHINE\Software\Classes\CLSID\{47DFBE54-CF76-11D3-B38F-00105A1F473A}\InProcServer32\,%SystemRoot%\system32\wbem\wbemdisp.dll
ST869VRJ,Classes\CLSID\{53A3C917-BB24-3908-B58B-09ECDA99265F}\InProcServer32,REG_SZ,,NT AUTHORITY\SYSTEM,HKEY_LOCAL_MACHINE\Software\Classes\CLSID\{53A3C917-BB24-3908-B58B-09ECDA99265F}\InProcServer32\,C:\Windows\System32\mscoree.dll
ST869VRJ,Wow6432Node\Classes\CLSID\{0968e258-16c7-4dba-aa86-462dd61e31a3}\InProcServer32,REG_SZ,,NT AUTHORITY\SYSTEM,HKEY_LOCAL_MACHINE\Software\Wow6432Node\Classes\CLSID\{0968e258-16c7-4dba-aa86-462dd61e31a3}\InProcServer32\,C:\Windows\SysWOW64\urlmon.dll
ST869VRJ,Classes\CLSID\{631E88E6-45C5-40DC-B2D4-28B732E45F96}\InProcServer32,REG_EXPAND_SZ,,NT AUTHORITY\SYSTEM,HKEY_LOCAL_MACHINE\Software\Classes\CLSID\{631E88E6-45C5-40DC-B2D4-28B732E45F96}\InProcServer32\,%SystemRoot%\system32\twinui.dll
ST869VRJ,Classes\CLSID\{C03E8568-781E-49a1-8190-CE902D0B2CE7}\InProcServer32,REG_EXPAND_SZ,,NT AUTHORITY\SYSTEM,HKEY_LOCAL_MACHINE\Software\Classes\CLSID\{C03E8568-781E-49a1-8190-CE902D0B2CE7}\InProcServer32\,%SystemRoot%\system32\rasgcw.dll
ST869VRJ,Classes\CLSID\{4C2F8A31-96A3-441F-9BE8-2A2E813F6FE5}\InProcServer32,REG_SZ,,BUILTIN\Administrators,HKEY_LOCAL_MACHINE\Software\Classes\CLSID\{4C2F8A31-96A3-441F-9BE8-2A2E813F6FE5}\InProcServer32\,c:\PROGRA~1\mcafee\vul\mcvulods.dll
ST869VRJ,Classes\CLSID\{06993B16-A5C7-47EB-B61C-B1CB7EE600AC}\InProcServer32,REG_SZ,,NT AUTHORITY\SYSTEM,HKEY_LOCAL_MACHINE\Software\Classes\CLSID\{06993B16-A5C7-47EB-B61C-B1CB7EE600AC}\InProcServer32\,C:\Windows\System32\dot3gpui.dll
ST869VRJ,Microsoft\Windows NT\CurrentVersion\Image File Execution Options\DllNXOptions\,REG_DWORD,udtapi.dll,NT AUTHORITY\SYSTEM,HKEY_LOCAL_MACHINE\Software\Microsoft\Windows NT\CurrentVersion\Image File Execution Options\DllNXOptions\udtapi.dll,1
ST869VRJ,Classes\CLSID\{69BE8BB4-D66D-47C8-865A-ED1589433782}\InProcServer32,REG_EXPAND_SZ,,NT AUTHORITY\SYSTEM,HKEY_LOCAL_MACHINE\Software\Classes\CLSID\{69BE8BB4-D66D-47C8-865A-ED1589433782}\InProcServer32\,%SystemRoot%\system32\windowscodecs.dll
ST869VRJ,Classes\CLSID\{8e827c11-33e7-4bc1-b242-8cd9a1c2b304}\InProcServer32,REG_EXPAND_SZ,,NT AUTHORITY\SYSTEM,HKEY_LOCAL_MACHINE\Software\Classes\CLSID\{8e827c11-33e7-4bc1-b242-8cd9a1c2b304}\InProcServer32\,%SystemRoot%\system32\shell32.dll
ST869VRJ,Classes\CLSID\{CBC58E3D-6DF2-4187-8188-CF9C261F1B89}\InProcServer32,REG_SZ,,BUILTIN\Administrators,HKEY_LOCAL_MACHINE\Software\Classes\CLSID\{CBC58E3D-6DF2-4187-8188-CF9C261F1B89}\InProcServer32\,C:\Program Files\Common Files\McAfee\MHN\HomeNetSvc.dll
ST869VRJ,Classes\CLSID\{75FC37F9-423B-483F-8A2E-AA2CADA4106F}\InProcServer32,REG_SZ,,NT AUTHORITY\SYSTEM,HKEY_LOCAL_MACHINE\Software\Classes\CLSID\{75FC37F9-423B-483F-8A2E-AA2CADA4106F}\InProcServer32\,C:\Windows\System32\Windows.Security.Credentials.UI.CredentialPicker.dll
ST869VRJ,Wow6432Node\Classes\CLSID\{14D4CBD9-7490-4F25-BAA6-1C5E22F6B1E3}\InProcServer32,REG_SZ,,NT AUTHORITY\SYSTEM,HKEY_LOCAL_MACHINE\Software\Wow6432Node\Classes\CLSID\{14D4CBD9-7490-4F25-BAA6-1C5E22F6B1E3}\InProcServer32\,C:\Windows\Microsoft.NET\Framework\v3.0\WPF\PenIMC.dll
ST869VRJ,Classes\CLSID\{f0ae1542-f497-484b-a175-a20db09144ba}\InProcServer32,REG_EXPAND_SZ,,NT AUTHORITY\SYSTEM,HKEY_LOCAL_MACHINE\Software\Classes\CLSID\{f0ae1542-f497-484b-a175-a20db09144ba}\InProcServer32\,%SystemRoot%\system32\shell32.dll
ST869VRJ,Classes\CLSID\{8C40D44A-4EDE-3760-9B61-50255056D3C7}\InProcServer32,REG_SZ,,NT AUTHORITY\SYSTEM,HKEY_LOCAL_MACHINE\Software\Classes\CLSID\{8C40D44A-4EDE-3760-9B61-50255056D3C7}\InProcServer32\,C:\Windows\System32\mscoree.dll
ST869VRJ,Classes\CLSID\{7e5fe3d9-985f-4908-91f9-ee19f9fd1514}\InProcServer32,REG_SZ,,NT AUTHORITY\SYSTEM,HKEY_LOCAL_MACHINE\Software\Classes\CLSID\{7e5fe3d9-985f-4908-91f9-ee19f9fd1514}\InProcServer32\,C:\Windows\System32\twinapi.dll
ST869VRJ,Classes\CLSID\{DE4F5EAE-49F5-BEED-DA6F-A387DE19EAF4}\InProcServer32,REG_SZ,,BUILTIN\Administrators,HKEY_LOCAL_MACHINE\Software\Classes\CLSID\{DE4F5EAE-49F5-BEED-DA6F-A387DE19EAF4}\InProcServer32\,C:\PROGRA~1\McAfee\MfeAV\McOasShm.dll
ST869VRJ,Classes\CLSID\{00BB2764-6A77-11D0-A535-00C04FD7D062}\InProcServer32,REG_EXPAND_SZ,,NT AUTHORITY\SYSTEM,HKEY_LOCAL_MACHINE\Software\Classes\CLSID\{00BB2764-6A77-11D0-A535-00C04FD7D062}\InProcServer32\,%SystemRoot%\System32\shell32.dll
ST869VRJ,Classes\CLSID\{7EFD3C7E-9E4B-4A93-9503-DECD74C0AC6D}\InProcServer32,REG_EXPAND_SZ,,NT AUTHORITY\SYSTEM,HKEY_LOCAL_MACHINE\Software\Classes\CLSID\{7EFD3C7E-9E4B-4A93-9503-DECD74C0AC6D}\InProcServer32\,%SystemRoot%\System32\MSWB7.dll
ST869VRJ,Wow6432Node\Classes\CLSID\{05BDC38E-5493-487a-A7FF-8CF2246ABC13}\InProcServer32,REG_SZ,,NT AUTHORITY\SYSTEM,HKEY_LOCAL_MACHINE\Software\Wow6432Node\Classes\CLSID\{05BDC38E-5493-487a-A7FF-8CF2246ABC13}\InProcServer32\,C:\Windows\SysWOW64\ieframe.dll
ST869VRJ,Classes\CLSID\{9DBD2C50-62AD-11d0-B806-00C04FD706EC}\InProcServer32,REG_EXPAND_SZ,,NT AUTHORITY\SYSTEM,HKEY_LOCAL_MACHINE\Software\Classes\CLSID\{9DBD2C50-62AD-11d0-B806-00C04FD706EC}\InProcServer32\,%SystemRoot%\system32\shell32.dll
ST869VRJ,Classes\CLSID\{A5448B7A-AA07-3C56-B42B-7D881FA10934}\InProcServer32,REG_SZ,,NT AUTHORITY\SYSTEM,HKEY_LOCAL_MACHINE\Software\Classes\CLSID\{A5448B7A-AA07-3C56-B42B-7D881FA10934}\InProcServer32\,C:\Windows\System32\mscoree.dll
ST869VRJ,Classes\CLSID\{ecabb0c7-7f19-11d2-978e-0000f8757e2a}\InProcServer32,REG_SZ,,NT AUTHORITY\SYSTEM,HKEY_LOCAL_MACHINE\Software\Classes\CLSID\{ecabb0c7-7f19-11d2-978e-0000f8757e2a}\InProcServer32\,C:\Windows\System32\comsvcs.dll
ST869VRJ,Classes\CLSID\{6A01FDA0-30DF-11d0-B724-00AA006C1A01}\InProcServer32,REG_SZ,,NT AUTHORITY\SYSTEM,HKEY_LOCAL_MACHINE\Software\Classes\CLSID\{6A01FDA0-30DF-11d0-B724-00AA006C1A01}\InProcServer32\,C:\Windows\System32\imgutil.dll
ST869VRJ,Classes\CLSID\{54B50739-686F-45EB-9DFF-D6A9A0FAA9AF}\InProcServer32,REG_SZ,,NT AUTHORITY\SYSTEM,HKEY_LOCAL_MACHINE\Software\Classes\CLSID\{54B50739-686F-45EB-9DFF-D6A9A0FAA9AF}\InProcServer32\,C:\Windows\System32\bitsprx2.dll
ST869VRJ,Classes\CLSID\{266C72E5-62E8-11D1-AD89-00C04FD8FDFF}\InProcServer32,REG_EXPAND_SZ,,NT AUTHORITY\SYSTEM,HKEY_LOCAL_MACHINE\Software\Classes\CLSID\{266C72E5-62E8-11D1-AD89-00C04FD8FDFF}\InProcServer32\,%SystemRoot%\system32\wbem\wbemcons.dll
ST869VRJ,Classes\CLSID\{b2b4fb61-d2dd-4ddd-8001-20f98c6577ef}\InProcServer32,REG_EXPAND_SZ,,NT AUTHORITY\SYSTEM,HKEY_LOCAL_MACHINE\Software\Classes\CLSID\{b2b4fb61-d2dd-4ddd-8001-20f98c6577ef}\InProcServer32\,%SystemRoot%\system32\shell32.dll
ST869VRJ,Classes\CLSID\{FC3CD69D-BD08-436F-A284-1641E2236DDA}\InProcServer32,REG_SZ,,NT AUTHORITY\SYSTEM,HKEY_LOCAL_MACHINE\Software\Classes\CLSID\{FC3CD69D-BD08-436F-A284-1641E2236DDA}\InProcServer32\,C:\Windows\System32\Windows.Networking.dll
ST869VRJ,Classes\CLSID\{900c0763-5cad-4a34-bc1f-40cd513679d5}\InProcServer32,REG_EXPAND_SZ,,NT AUTHORITY\SYSTEM,HKEY_LOCAL_MACHINE\Software\Classes\CLSID\{900c0763-5cad-4a34-bc1f-40cd513679d5}\InProcServer32\,%SystemRoot%\System32\hcproviders.dll
ST869VRJ,Classes\CLSID\{31E65827-45A3-462A-A0CB-0B208F577152}\InProcServer32,REG_SZ,,BUILTIN\Administrators,HKEY_LOCAL_MACHINE\Software\Classes\CLSID\{31E65827-45A3-462A-A0CB-0B208F577152}\InProcServer32\,c:\PROGRA~1\mcafee\mqs\shrcore.dll
ST869VRJ,Classes\CLSID\{3FF566F0-6E6B-49D4-96E6-B78886692C62}\InProcServer32,REG_EXPAND_SZ,,NT AUTHORITY\SYSTEM,HKEY_LOCAL_MACHINE\Software\Classes\CLSID\{3FF566F0-6E6B-49D4-96E6-B78886692C62}\InProcServer32\,%SystemRoot%\system32\windowscodecs.dll
ST869VRJ,Wow6432Node\Microsoft\Windows NT\CurrentVersion\Drivers32\,REG_SZ,msacm.msgsm610,NT AUTHORITY\SYSTEM,HKEY_LOCAL_MACHINE\Software\Wow6432Node\Microsoft\Windows NT\CurrentVersion\Drivers32\msacm.msgsm610,msgsm32.acm
ST869VRJ,Classes\CLSID\{46C166AA-3108-11D4-9348-00C04F8EEB71}\InProcServer32,REG_EXPAND_SZ,,NT AUTHORITY\SYSTEM,HKEY_LOCAL_MACHINE\Software\Classes\CLSID\{46C166AA-3108-11D4-9348-00C04F8EEB71}\InProcServer32\,%SystemRoot%\system32\hnetcfg.dll
ST869VRJ,CurrentControlSet\Services\AmdK8\,REG_EXPAND_SZ,ImagePath,NT AUTHORITY\SYSTEM,HKEY_LOCAL_MACHINE\SYSTEM\CurrentControlSet\Services\AmdK8\ImagePath,\SystemRoot\System32\drivers\amdk8.sys
ST869VRJ,Classes\CLSID\{3FC0B520-68A9-11D0-8D77-00C04FD70822}\InProcServer32,REG_EXPAND_SZ,,NT AUTHORITY\SYSTEM,HKEY_LOCAL_MACHINE\Software\Classes\CLSID\{3FC0B520-68A9-11D0-8D77-00C04FD70822}\InProcServer32\,%SystemRoot%\system32\shell32.dll
ST869VRJ,Microsoft\Windows NT\CurrentVersion\Image File Execution Options\DllNXOptions\,REG_DWORD,symlcnet.dll,NT AUTHORITY\SYSTEM,HKEY_LOCAL_MACHINE\Software\Microsoft\Windows NT\CurrentVersion\Image File Execution Options\DllNXOptions\symlcnet.dll,1
ST869VRJ,Classes\CLSID\{934A9523-A3CA-4BC5-ADA0-D6D95D979421}\InProcServer32,REG_EXPAND_SZ,,NT AUTHORITY\SYSTEM,HKEY_LOCAL_MACHINE\Software\Classes\CLSID\{934A9523-A3CA-4BC5-ADA0-D6D95D979421}\InProcServer32\,%SystemRoot%\system32\dpnet.dll
ST869VRJ,Classes\CLSID\{92192FD8-C1CB-434B-A8E8-B7F3AC424EE4}\InProcServer32,REG_EXPAND_SZ,,NT AUTHORITY\SYSTEM,HKEY_LOCAL_MACHINE\Software\Classes\CLSID\{92192FD8-C1CB-434B-A8E8-B7F3AC424EE4}\InProcServer32\,%SystemRoot%\System32\oobe\msoobedui.dll
ST869VRJ,Classes\CLSID\{8FC0B734-A0E1-11D1-A7D3-0000F87571E3}\InProcServer32,REG_EXPAND_SZ,,NT AUTHORITY\SYSTEM,HKEY_LOCAL_MACHINE\Software\Classes\CLSID\{8FC0B734-A0E1-11D1-A7D3-0000F87571E3}\InProcServer32\,%SystemRoot%\System32\GPEdit.dll
ST869VRJ,Classes\CLSID\{8E6E6079-0CB7-11d2-8F10-0000F87ABD16}\InProcServer32,REG_SZ,,NT AUTHORITY\SYSTEM,HKEY_LOCAL_MACHINE\Software\Classes\CLSID\{8E6E6079-0CB7-11d2-8F10-0000F87ABD16}\InProcServer32\,C:\Windows\System32\ieframe.dll
ST869VRJ,Classes\CLSID\{7447A267-0015-42C8-A8F1-FB3B94C68361}\InProcServer32,REG_EXPAND_SZ,,NT AUTHORITY\SYSTEM,HKEY_LOCAL_MACHINE\Software\Classes\CLSID\{7447A267-0015-42C8-A8F1-FB3B94C68361}\InProcServer32\,%SystemRoot%\system32\windowscodecs.dll
ST869VRJ,Microsoft\Windows NT\CurrentVersion\Image File Execution Options\DllNXOptions\,REG_DWORD,TFDTCTT8.dll,NT AUTHORITY\SYSTEM,HKEY_LOCAL_MACHINE\Software\Microsoft\Windows NT\CurrentVersion\Image File Execution Options\DllNXOptions\TFDTCTT8.dll,1
ST869VRJ,Classes\CLSID\{88d96a0e-f192-11d4-a65f-0040963251e5}\InProcServer32,REG_EXPAND_SZ,,NT AUTHORITY\SYSTEM,HKEY_LOCAL_MACHINE\Software\Classes\CLSID\{88d96a0e-f192-11d4-a65f-0040963251e5}\InProcServer32\,C:\Windows\System32\msxml6.dll
ST869VRJ,Classes\CLSID\{F1C3BF79-C3E4-11D3-88E7-00902754C43A}\InProcServer32,REG_SZ,,NT AUTHORITY\SYSTEM,HKEY_LOCAL_MACHINE\Software\Classes\CLSID\{F1C3BF79-C3E4-11D3-88E7-00902754C43A}\InProcServer32\,C:\Windows\System32\mscoree.dll
ST869VRJ,Classes\CLSID\{82BD0E67-9FEA-4748-8672-D5EFE5B779B0}\InProcServer32,REG_EXPAND_SZ,,NT AUTHORITY\SYSTEM,HKEY_LOCAL_MACHINE\Software\Classes\CLSID\{82BD0E67-9FEA-4748-8672-D5EFE5B779B0}\InProcServer32\,%SystemRoot%\system32\credui.dll
ST869VRJ,Classes\CLSID\{3B8D102B-6F15-40EB-A830-5AA9CC0745BF}\InProcServer32,REG_SZ,,BUILTIN\Administrators,HKEY_LOCAL_MACHINE\Software\Classes\CLSID\{3B8D102B-6F15-40EB-A830-5AA9CC0745BF}\InProcServer32\,c:\PROGRA~1\COMMON~1\mcafee\oobe\mcoobesv.dll
ST869VRJ,Classes\CLSID\{0977EEC5-10F7-44AE-A7FA-D4824EBA5C74}\InProcServer32,REG_SZ,,NT AUTHORITY\SYSTEM,HKEY_LOCAL_MACHINE\Software\Classes\CLSID\{0977EEC5-10F7-44AE-A7FA-D4824EBA5C74}\InProcServer32\,C:\Windows\System32\puiobj.dll
ST869VRJ,Classes\CLSID\{b9815375-5d7f-4ce2-9245-c9d4da436930}\InProcServer32,REG_SZ,,NT AUTHORITY\SYSTEM,HKEY_LOCAL_MACHINE\Software\Classes\CLSID\{b9815375-5d7f-4ce2-9245-c9d4da436930}\InProcServer32\,C:\Windows\System32\inetcomm.dll
ST869VRJ,Classes\CLSID\{C2538E36-3135-49D9-B9D9-D5949FF1E949}\InProcServer32,REG_SZ,,BUILTIN\Administrators,HKEY_LOCAL_MACHINE\Software\Classes\CLSID\{C2538E36-3135-49D9-B9D9-D5949FF1E949}\InProcServer32\,c:\PROGRA~1\mcafee\mqs\qclite.dll
ST869VRJ,Classes\CLSID\{C68411EA-1396-48f3-AF98-B7F657E35C20}\InProcServer32,REG_EXPAND_SZ,,NT AUTHORITY\SYSTEM,HKEY_LOCAL_MACHINE\Software\Classes\CLSID\{C68411EA-1396-48f3-AF98-B7F657E35C20}\InProcServer32\,%SystemRoot%\system32\shell32.dll
ST869VRJ,Classes\CLSID\{9EF96870-E160-4792-820D-48CF0649E4EC}\InProcServer32,REG_EXPAND_SZ,,NT AUTHORITY\SYSTEM,HKEY_LOCAL_MACHINE\Software\Classes\CLSID\{9EF96870-E160-4792-820D-48CF0649E4EC}\InProcServer32\,%SystemRoot%\System32\Speech\Common\sapi.dll
ST869VRJ,Classes\CLSID\{DD1BD354-AA12-4468-B72B-E17D58898FF1}\InProcServer32,REG_EXPAND_SZ,,NT AUTHORITY\SYSTEM,HKEY_LOCAL_MACHINE\Software\Classes\CLSID\{DD1BD354-AA12-4468-B72B-E17D58898FF1}\InProcServer32\,%SystemRoot%\system32\Uxtheme.dll
ST869VRJ,Classes\CLSID\{374CEDE0-873A-4C4F-BC86-BCC8CF5116A3}\InProcServer32,REG_SZ,,NT AUTHORITY\SYSTEM,HKEY_LOCAL_MACHINE\Software\Classes\CLSID\{374CEDE0-873A-4C4F-BC86-BCC8CF5116A3}\InProcServer32\,C:\Windows\System32\ieframe.dll
ST869VRJ,Classes\CLSID\{C40FBD00-88B9-11d2-84AD-00C04FA31A86}\InProcServer32,REG_EXPAND_SZ,,NT AUTHORITY\SYSTEM,HKEY_LOCAL_MACHINE\Software\Classes\CLSID\{C40FBD00-88B9-11d2-84AD-00C04FA31A86}\InProcServer32\,%SystemRoot%\system32\dsquery.dll
ST869VRJ,CurrentControlSet\Services\vpci\,REG_EXPAND_SZ,ImagePath,NT AUTHORITY\SYSTEM,HKEY_LOCAL_MACHINE\SYSTEM\CurrentControlSet\Services\vpci\ImagePath,\SystemRoot\System32\drivers\vpci.sys
ST869VRJ,CurrentControlSet\Services\McAPExe\,REG_EXPAND_SZ,ImagePath,BUILTIN\Administrators,HKEY_LOCAL_MACHINE\SYSTEM\CurrentControlSet\Services\McAPExe\ImagePath,"""C:\Program Files\Common Files\McAfee\VSCore_15_8\McApExe.exe"""
ST869VRJ,Classes\CLSID\{EC0AE07D-6A4C-49a4-8A40-F130C525D7D9}\InProcServer32,REG_EXPAND_SZ,,NT AUTHORITY\SYSTEM,HKEY_LOCAL_MACHINE\Software\Classes\CLSID\{EC0AE07D-6A4C-49a4-8A40-F130C525D7D9}\InProcServer32\,%SystemRoot%\System32\audiokse.dll
ST869VRJ,Classes\CLSID\{53a01e9d-61cc-4cb0-83b1-31bc8df63156}\InProcServer32,REG_EXPAND_SZ,,NT AUTHORITY\SYSTEM,HKEY_LOCAL_MACHINE\Software\Classes\CLSID\{53a01e9d-61cc-4cb0-83b1-31bc8df63156}\InProcServer32\,%SystemRoot%\system32\shell32.dll
ST869VRJ,Classes\CLSID\{DEB01010-3A37-4d26-99DF-E2BB6AE3AC61}\InProcServer32,REG_EXPAND_SZ,,NT AUTHORITY\SYSTEM,HKEY_LOCAL_MACHINE\Software\Classes\CLSID\{DEB01010-3A37-4d26-99DF-E2BB6AE3AC61}\InProcServer32\,%SystemRoot%\System32\dmintf.dll
ST869VRJ,Classes\CLSID\{0fafd998-c8e8-42a1-86d7-7c10c664a415}\InProcServer32,REG_EXPAND_SZ,,NT AUTHORITY\SYSTEM,HKEY_LOCAL_MACHINE\Software\Classes\CLSID\{0fafd998-c8e8-42a1-86d7-7c10c664a415}\InProcServer32\,%SystemRoot%\system32\authui.dll
ST869VRJ,Classes\CLSID\{79eac9e0-baf9-11ce-8c82-00aa004ba90b}\InProcServer32,REG_SZ,,NT AUTHORITY\SYSTEM,HKEY_LOCAL_MACHINE\Software\Classes\CLSID\{79eac9e0-baf9-11ce-8c82-00aa004ba90b}\InProcServer32\,C:\Windows\System32\urlmon.dll
ST869VRJ,Classes\CLSID\{AFC681CF-E82F-361A-8280-CF4E1F844C3E}\InProcServer32,REG_SZ,,NT AUTHORITY\SYSTEM,HKEY_LOCAL_MACHINE\Software\Classes\CLSID\{AFC681CF-E82F-361A-8280-CF4E1F844C3E}\InProcServer32\,C:\Windows\System32\mscoree.dll
ST869VRJ,Classes\CLSID\{fccf70c8-f4d7-4d8b-8c17-cd6715e37fff}\InProcServer32,REG_EXPAND_SZ,,NT AUTHORITY\SYSTEM,HKEY_LOCAL_MACHINE\Software\Classes\CLSID\{fccf70c8-f4d7-4d8b-8c17-cd6715e37fff}\InProcServer32\,%SystemRoot%\system32\explorerframe.dll
ST869VRJ,Wow6432Node\Classes\CLSID\{35cc8486-4fb1-11d3-a5da-00c04f88249b}\InProcServer32,REG_SZ,,NT AUTHORITY\SYSTEM,HKEY_LOCAL_MACHINE\Software\Wow6432Node\Classes\CLSID\{35cc8486-4fb1-11d3-a5da-00c04f88249b}\InProcServer32\,C:\Windows\SysWOW64\IME\IMEKR\APPLETS\imkrcac.dll
ST869VRJ,Classes\CLSID\{E7772804-3287-418E-9072-CF2B47238981}\InProcServer32,REG_EXPAND_SZ,,NT AUTHORITY\SYSTEM,HKEY_LOCAL_MACHINE\Software\Classes\CLSID\{E7772804-3287-418E-9072-CF2B47238981}\InProcServer32\,%SystemRoot%\system32\upnp.dll
ST869VRJ,Classes\CLSID\{94297043-BD82-4DFD-B0DE-8177739C6D20}\InProcServer32,REG_SZ,,NT AUTHORITY\SYSTEM,HKEY_LOCAL_MACHINE\Software\Classes\CLSID\{94297043-BD82-4DFD-B0DE-8177739C6D20}\InProcServer32\,C:\Windows\System32\qasf.dll
ST869VRJ,Classes\CLSID\{2BB6C5E0-C2B9-3608-8868-21CFD6DDB91E}\InProcServer32,REG_SZ,,NT AUTHORITY\SYSTEM,HKEY_LOCAL_MACHINE\Software\Classes\CLSID\{2BB6C5E0-C2B9-3608-8868-21CFD6DDB91E}\InProcServer32\,C:\Windows\System32\mscoree.dll
ST869VRJ,Classes\CLSID\{B6AFFB50-6F46-49B1-B912-C3F7A876CCCA}\InProcServer32,REG_EXPAND_SZ,,NT AUTHORITY\SYSTEM,HKEY_LOCAL_MACHINE\Software\Classes\CLSID\{B6AFFB50-6F46-49B1-B912-C3F7A876CCCA}\InProcServer32\,%SystemRoot%\System32\fontext.dll
ST869VRJ,Wow6432Node\Classes\CLSID\{683C7EA1-3A4B-4764-A8E6-768C4F38BBA6}\InProcServer32,REG_SZ,,BUILTIN\Administrators,HKEY_LOCAL_MACHINE\Software\Wow6432Node\Classes\CLSID\{683C7EA1-3A4B-4764-A8E6-768C4F38BBA6}\InProcServer32\,c:\PROGRA~2\COMMON~1\mcafee\platform\mispps.dll
ST869VRJ,Classes\CLSID\{43CD41AD-3B78-3531-9031-3059E0AA64EB}\InProcServer32,REG_SZ,,NT AUTHORITY\SYSTEM,HKEY_LOCAL_MACHINE\Software\Classes\CLSID\{43CD41AD-3B78-3531-9031-3059E0AA64EB}\InProcServer32\,C:\Windows\System32\mscoree.dll
ST869VRJ,Classes\CLSID\{CD000002-8B95-11D1-82DB-00C04FB1625D}\InProcServer32,REG_SZ,,NT AUTHORITY\SYSTEM,HKEY_LOCAL_MACHINE\Software\Classes\CLSID\{CD000002-8B95-11D1-82DB-00C04FB1625D}\InProcServer32\,C:\Windows\System32\cdosys.dll
ST869VRJ,Classes\CLSID\{AFA470FE-371D-4F98-9592-39E3C7227E5C}\InProcServer32,REG_EXPAND_SZ,,NT AUTHORITY\SYSTEM,HKEY_LOCAL_MACHINE\Software\Classes\CLSID\{AFA470FE-371D-4F98-9592-39E3C7227E5C}\InProcServer32\,%SystemRoot%\system32\shell32.dll
ST869VRJ,Wow6432Node\Microsoft\Windows NT\CurrentVersion\Image File Execution Options\ExtExport.exe\,REG_QWORD,MitigationOptions,NT AUTHORITY\SYSTEM,HKEY_LOCAL_MACHINE\Software\Wow6432Node\Microsoft\Windows NT\CurrentVersion\Image File Execution Options\ExtExport.exe\MitigationOptions,256
ST869VRJ,Classes\CLSID\{96AD53F7-92C8-479D-8B83-3D62E0E5EBA9}\InProcServer32,REG_EXPAND_SZ,,NT AUTHORITY\SYSTEM,HKEY_LOCAL_MACHINE\Software\Classes\CLSID\{96AD53F7-92C8-479D-8B83-3D62E0E5EBA9}\InProcServer32\,%SystemRoot%\System32\oobe\msoobedui.dll
ST869VRJ,Classes\CLSID\{C6B5F214-0743-3868-B1EA-C4C23CE2AF52}\InProcServer32,REG_SZ,,NT AUTHORITY\SYSTEM,HKEY_LOCAL_MACHINE\Software\Classes\CLSID\{C6B5F214-0743-3868-B1EA-C4C23CE2AF52}\InProcServer32\,C:\Windows\System32\mscoree.dll
ST869VRJ,Classes\CLSID\{1B02C1F5-555B-4802-96A7-ADDDCCBCA38A}\InProcServer32,REG_EXPAND_SZ,,NT AUTHORITY\SYSTEM,HKEY_LOCAL_MACHINE\Software\Classes\CLSID\{1B02C1F5-555B-4802-96A7-ADDDCCBCA38A}\InProcServer32\,%SystemRoot%\system32\Dot3MM.dll
ST869VRJ,Classes\CLSID\{7F368827-9516-11D0-83D9-00A0C911E5DF}\InProcServer32,REG_SZ,,NT AUTHORITY\SYSTEM,HKEY_LOCAL_MACHINE\Software\Classes\CLSID\{7F368827-9516-11D0-83D9-00A0C911E5DF}\InProcServer32\,C:\Windows\System32\netcfgx.dll
ST869VRJ,Classes\CLSID\{C3A43F75-FE02-47d8-B3EE-0B568C0C5043}\InProcServer32,REG_EXPAND_SZ,,NT AUTHORITY\SYSTEM,HKEY_LOCAL_MACHINE\Software\Classes\CLSID\{C3A43F75-FE02-47d8-B3EE-0B568C0C5043}\InProcServer32\,%SystemRoot%\System32\werconcpl.dll
ST869VRJ,Classes\CLSID\{ef1c0450-0b48-4384-94ae-d1cb35641f86}\InProcServer32,REG_EXPAND_SZ,,NT AUTHORITY\SYSTEM,HKEY_LOCAL_MACHINE\Software\Classes\CLSID\{ef1c0450-0b48-4384-94ae-d1cb35641f86}\InProcServer32\,%SystemRoot%\system32\shell32.dll
ST869VRJ,Classes\CLSID\{7988B571-EC89-11cf-9C00-00AA00A14F56}\InProcServer32,REG_EXPAND_SZ,,NT AUTHORITY\SYSTEM,HKEY_LOCAL_MACHINE\Software\Classes\CLSID\{7988B571-EC89-11cf-9C00-00AA00A14F56}\InProcServer32\,%SystemRoot%\System32\dskquota.dll
ST869VRJ,Classes\CLSID\{01E04581-4EEE-11d0-BFE9-00AA005B4383}\InProcServer32,REG_EXPAND_SZ,,NT AUTHORITY\SYSTEM,HKEY_LOCAL_MACHINE\Software\Classes\CLSID\{01E04581-4EEE-11d0-BFE9-00AA005B4383}\InProcServer32\,%SystemRoot%\system32\explorerframe.dll
ST869VRJ,Classes\CLSID\{173FD26E-B0F7-42BF-BFD0-D91DF64CC298}\InProcServer32,REG_EXPAND_SZ,,NT AUTHORITY\SYSTEM,HKEY_LOCAL_MACHINE\Software\Classes\CLSID\{173FD26E-B0F7-42BF-BFD0-D91DF64CC298}\InProcServer32\,%SystemRoot%\System32\tpmvsc.dll
ST869VRJ,Classes\CLSID\{FCDC2CF5-ABCD-4BA5-94DA-1823AE06FE2B}\InProcServer32,REG_EXPAND_SZ,,NT AUTHORITY\SYSTEM,HKEY_LOCAL_MACHINE\Software\Classes\CLSID\{FCDC2CF5-ABCD-4BA5-94DA-1823AE06FE2B}\InProcServer32\,%SystemRoot%\system32\corrEngine.dll
ST869VRJ,Classes\CLSID\{333C7BC4-460F-11D0-BC04-0080C7055A83}\InProcServer32,REG_SZ,,NT AUTHORITY\SYSTEM,HKEY_LOCAL_MACHINE\Software\Classes\CLSID\{333C7BC4-460F-11D0-BC04-0080C7055A83}\InProcServer32\,C:\Windows\System32\tdc.ocx
ST869VRJ,Classes\CLSID\{D94EDF02-EFE5-4F0D-85C8-F5A68B3000B1}\InProcServer32,REG_EXPAND_SZ,,NT AUTHORITY\SYSTEM,HKEY_LOCAL_MACHINE\Software\Classes\CLSID\{D94EDF02-EFE5-4F0D-85C8-F5A68B3000B1}\InProcServer32\,%SystemRoot%\system32\windowscodecs.dll
ST869VRJ,Classes\CLSID\{9a02e012-6303-4e1e-b9a1-630f802592c5}\InProcServer32,REG_EXPAND_SZ,,NT AUTHORITY\SYSTEM,HKEY_LOCAL_MACHINE\Software\Classes\CLSID\{9a02e012-6303-4e1e-b9a1-630f802592c5}\InProcServer32\,%SystemRoot%\system32\propsys.dll
ST869VRJ,Classes\CLSID\{C58BD103-E87F-4B78-A0FA-7A5C95970EE2}\InProcServer32,REG_EXPAND_SZ,,NT AUTHORITY\SYSTEM,HKEY_LOCAL_MACHINE\Software\Classes\CLSID\{C58BD103-E87F-4B78-A0FA-7A5C95970EE2}\InProcServer32\,%SystemRoot%\System32\audioeng.dll
ST869VRJ,Classes\CLSID\{F32E8FA6-A99F-4E9B-AF78-C929EBB73589}\InProcServer32,REG_SZ,,NT AUTHORITY\SYSTEM,HKEY_LOCAL_MACHINE\Software\Classes\CLSID\{F32E8FA6-A99F-4E9B-AF78-C929EBB73589}\InProcServer32\,C:\Windows\System32\twinui.dll
ST869VRJ,Classes\CLSID\{EAA78D4A-20A3-3FDE-AB72-D3D55E3AEFE6}\InProcServer32,REG_SZ,,NT AUTHORITY\SYSTEM,HKEY_LOCAL_MACHINE\Software\Classes\CLSID\{EAA78D4A-20A3-3FDE-AB72-D3D55E3AEFE6}\InProcServer32\,C:\Windows\System32\mscoree.dll
ST869VRJ,Classes\CLSID\{3F69F351-0379-11D2-A484-00C04F8EFB69}\InProcServer32,REG_SZ,,NT AUTHORITY\SYSTEM,HKEY_LOCAL_MACHINE\Software\Classes\CLSID\{3F69F351-0379-11D2-A484-00C04F8EFB69}\InProcServer32\,C:\Windows\System32\Dxtmsft.dll
ST869VRJ,Classes\CLSID\{E429B25A-E5D3-4D1F-9BE3-0C608477E3A1}\InProcServer32,REG_EXPAND_SZ,,NT AUTHORITY\SYSTEM,HKEY_LOCAL_MACHINE\Software\Classes\CLSID\{E429B25A-E5D3-4D1F-9BE3-0C608477E3A1}\InProcServer32\,%programFiles%\Windows NT\TableTextService\TableTextService.dll
ST869VRJ,Classes\CLSID\{FA06375D-F0A4-4A47-AD8D-148595F1E0B8}\InProcServer32,REG_EXPAND_SZ,,NT AUTHORITY\SYSTEM,HKEY_LOCAL_MACHINE\Software\Classes\CLSID\{FA06375D-F0A4-4A47-AD8D-148595F1E0B8}\InProcServer32\,%SystemRoot%\system32\tscfgwmi.dll
ST869VRJ,Classes\CLSID\{1ADD3454-9CD8-449B-8777-341DAC8A3B0A}\InProcServer32,REG_EXPAND_SZ,,NT AUTHORITY\SYSTEM,HKEY_LOCAL_MACHINE\Software\Classes\CLSID\{1ADD3454-9CD8-449B-8777-341DAC8A3B0A}\InProcServer32\,%SystemRoot%\System32\twinui.dll
ST869VRJ,Classes\CLSID\{F5D3E63B-CB0F-4628-A478-6D8244BE36B1}\InProcServer32,REG_EXPAND_SZ,,NT AUTHORITY\SYSTEM,HKEY_LOCAL_MACHINE\Software\Classes\CLSID\{F5D3E63B-CB0F-4628-A478-6D8244BE36B1}\InProcServer32\,%SystemRoot%\system32\windowscodecs.dll
ST869VRJ,Classes\CLSID\{5AE1DAE0-1461-11d2-A484-00C04F8EFB69}\InProcServer32,REG_SZ,,NT AUTHORITY\SYSTEM,HKEY_LOCAL_MACHINE\Software\Classes\CLSID\{5AE1DAE0-1461-11d2-A484-00C04F8EFB69}\InProcServer32\,C:\Windows\System32\Dxtmsft.dll
ST869VRJ,Classes\CLSID\{D3588AB0-0781-11CE-B03A-0020AF0BA770}\InProcServer32,REG_SZ,,NT AUTHORITY\SYSTEM,HKEY_LOCAL_MACHINE\Software\Classes\CLSID\{D3588AB0-0781-11CE-B03A-0020AF0BA770}\InProcServer32\,C:\Windows\System32\quartz.dll
ST869VRJ,Classes\CLSID\{B176402A-8942-4161-B754-FB582EA57A1A}\InProcServer32,REG_EXPAND_SZ,,NT AUTHORITY\SYSTEM,HKEY_LOCAL_MACHINE\Software\Classes\CLSID\{B176402A-8942-4161-B754-FB582EA57A1A}\InProcServer32\,%SystemRoot%\system32\twinui.dll
ST869VRJ,Classes\CLSID\{FDF9C30D-CCAB-3E2D-B584-9E24CE8038E3}\InProcServer32,REG_SZ,,NT AUTHORITY\SYSTEM,HKEY_LOCAL_MACHINE\Software\Classes\CLSID\{FDF9C30D-CCAB-3E2D-B584-9E24CE8038E3}\InProcServer32\,C:\Windows\System32\mscoree.dll
ST869VRJ,CurrentControlSet\Services\npsvctrig\,REG_EXPAND_SZ,ImagePath,NT AUTHORITY\SYSTEM,HKEY_LOCAL_MACHINE\SYSTEM\CurrentControlSet\Services\npsvctrig\ImagePath,\SystemRoot\System32\drivers\npsvctrig.sys
ST869VRJ,Classes\CLSID\{94357B53-CA29-4b78-83AE-E8FE7409134F}\InProcServer32,REG_EXPAND_SZ,,NT AUTHORITY\SYSTEM,HKEY_LOCAL_MACHINE\Software\Classes\CLSID\{94357B53-CA29-4b78-83AE-E8FE7409134F}\InProcServer32\,%SystemRoot%\system32\shell32.dll
ST869VRJ,Classes\CLSID\{1c773157-69bb-4998-abf1-93a94fd766d3}\InProcServer32,REG_SZ,,NT AUTHORITY\SYSTEM,HKEY_LOCAL_MACHINE\Software\Classes\CLSID\{1c773157-69bb-4998-abf1-93a94fd766d3}\InProcServer32\,C:\Windows\System32\IME\IMEJP\imjpdapi.dll
ST869VRJ,Classes\CLSID\{F7ECB841-7EB6-41EB-BAEA-E2145F7348C6}\InProcServer32,REG_EXPAND_SZ,,NT AUTHORITY\SYSTEM,HKEY_LOCAL_MACHINE\Software\Classes\CLSID\{F7ECB841-7EB6-41EB-BAEA-E2145F7348C6}\InProcServer32\,%SystemRoot%\system32\dot3conn.dll
ST869VRJ,Classes\CLSID\{6E65CBC1-926D-11D0-8E27-00C04FC99DCF}\InProcServer32,REG_SZ,,NT AUTHORITY\SYSTEM,HKEY_LOCAL_MACHINE\Software\Classes\CLSID\{6E65CBC1-926D-11D0-8E27-00C04FC99DCF}\InProcServer32\,C:\Windows\System32\rascfg.dll
ST869VRJ,Classes\CLSID\{e3e478d6-a2f2-4791-89a3-21f5c78dc3ec}\InProcServer32,REG_EXPAND_SZ,,NT AUTHORITY\SYSTEM,HKEY_LOCAL_MACHINE\Software\Classes\CLSID\{e3e478d6-a2f2-4791-89a3-21f5c78dc3ec}\InProcServer32\,%SystemRoot%\system32\shell32.dll
ST869VRJ,Classes\CLSID\{C608E099-892D-4628-B6A2-97257B014E2E}\InProcServer32,REG_EXPAND_SZ,,NT AUTHORITY\SYSTEM,HKEY_LOCAL_MACHINE\Software\Classes\CLSID\{C608E099-892D-4628-B6A2-97257B014E2E}\InProcServer32\,%SystemRoot%\system32\UIRibbon.dll
ST869VRJ,Classes\CLSID\{D6FEDB1D-CF21-4BD9-AF3B-C5468E9C6684}\InProcServer32,REG_EXPAND_SZ,,NT AUTHORITY\SYSTEM,HKEY_LOCAL_MACHINE\Software\Classes\CLSID\{D6FEDB1D-CF21-4BD9-AF3B-C5468E9C6684}\InProcServer32\,%SystemRoot%\system32\mmcndmgr.dll
ST869VRJ,Classes\CLSID\{2D5EC63C-1B3E-3EE4-9052-EB0D0303549C}\InProcServer32,REG_SZ,,NT AUTHORITY\SYSTEM,HKEY_LOCAL_MACHINE\Software\Classes\CLSID\{2D5EC63C-1B3E-3EE4-9052-EB0D0303549C}\InProcServer32\,C:\Windows\System32\mscoree.dll
ST869VRJ,CurrentControlSet\Control\Session Manager\KnownDlls\,REG_EXPAND_SZ,DllDirectory32,NT AUTHORITY\SYSTEM,HKEY_LOCAL_MACHINE\System\CurrentControlSet\Control\Session Manager\KnownDlls\DllDirectory32,%SystemRoot%\syswow64
ST869VRJ,Classes\CLSID\{40AE2088-CE00-33AD-9320-5D201CB46FC9}\InProcServer32,REG_SZ,,NT AUTHORITY\SYSTEM,HKEY_LOCAL_MACHINE\Software\Classes\CLSID\{40AE2088-CE00-33AD-9320-5D201CB46FC9}\InProcServer32\,C:\Windows\System32\mscoree.dll
ST869VRJ,Classes\CLSID\{659CDEAE-489E-11D9-A9CD-000D56965251}\InProcServer32,REG_SZ,,NT AUTHORITY\SYSTEM,HKEY_LOCAL_MACHINE\Software\Classes\CLSID\{659CDEAE-489E-11D9-A9CD-000D56965251}\InProcServer32\,C:\Windows\System32\bitsprx5.dll
ST869VRJ,Classes\CLSID\{7071EC71-663B-4bc1-A1FA-B97F3B917C55}\InProcServer32,REG_EXPAND_SZ,,NT AUTHORITY\SYSTEM,HKEY_LOCAL_MACHINE\Software\Classes\CLSID\{7071EC71-663B-4bc1-A1FA-B97F3B917C55}\InProcServer32\,%SystemRoot%\system32\connect.dll
ST869VRJ,Classes\CLSID\{7F976B72-4B71-3858-BEE8-8E3A3189A651}\InProcServer32,REG_SZ,,NT AUTHORITY\SYSTEM,HKEY_LOCAL_MACHINE\Software\Classes\CLSID\{7F976B72-4B71-3858-BEE8-8E3A3189A651}\InProcServer32\,C:\Windows\System32\mscoree.dll
ST869VRJ,CurrentControlSet\Services\kdnic\,REG_EXPAND_SZ,ImagePath,NT AUTHORITY\SYSTEM,HKEY_LOCAL_MACHINE\SYSTEM\CurrentControlSet\Services\kdnic\ImagePath,\SystemRoot\system32\DRIVERS\kdnic.sys
ST869VRJ,Classes\CLSID\{042dc17c-023f-43df-a3ec-982b4dc78a64}\InProcServer32,REG_EXPAND_SZ,,NT AUTHORITY\SYSTEM,HKEY_LOCAL_MACHINE\Software\Classes\CLSID\{042dc17c-023f-43df-a3ec-982b4dc78a64}\InProcServer32\,%SystemRoot%\system32\propsys.dll
ST869VRJ,Classes\CLSID\{000C103E-0000-0000-C000-000000000046}\InProcServer32,REG_SZ,,NT AUTHORITY\SYSTEM,HKEY_LOCAL_MACHINE\Software\Classes\CLSID\{000C103E-0000-0000-C000-000000000046}\InProcServer32\,C:\Windows\System32\msi.dll
ST869VRJ,CurrentControlSet\Services\DeviceInstall\Parameters\,REG_EXPAND_SZ,ServiceDll,NT AUTHORITY\SYSTEM,HKEY_LOCAL_MACHINE\SYSTEM\CurrentControlSet\Services\DeviceInstall\Parameters\ServiceDll,%SystemRoot%\system32\umpnpmgr.dll
ST869VRJ,Classes\CLSID\{AD1841CF-0EC5-4b59-ACC4-8329EED299F9}\InProcServer32,REG_EXPAND_SZ,,NT AUTHORITY\SYSTEM,HKEY_LOCAL_MACHINE\Software\Classes\CLSID\{AD1841CF-0EC5-4b59-ACC4-8329EED299F9}\InProcServer32\,%SystemRoot%\system32\ndfhcdiscovery.dll
ST869VRJ,Classes\CLSID\{2559a1f3-21d7-11d4-bdaf-00c04f60b9f0}\InProcServer32,REG_EXPAND_SZ,,NT AUTHORITY\SYSTEM,HKEY_LOCAL_MACHINE\Software\Classes\CLSID\{2559a1f3-21d7-11d4-bdaf-00c04f60b9f0}\InProcServer32\,%SystemRoot%\System32\shell32.dll
ST869VRJ,Classes\CLSID\{ae5c828c-66a3-46e5-83f0-5ba1d7aa7752}\InProcServer32,REG_SZ,,NT AUTHORITY\SYSTEM,HKEY_LOCAL_MACHINE\Software\Classes\CLSID\{ae5c828c-66a3-46e5-83f0-5ba1d7aa7752}\InProcServer32\,C:\Windows\System32\Windows.Networking.Sockets.PushEnabledApplication.dll
ST869VRJ,Classes\CLSID\{A02797fC-C4AE-418C-AF95-E637C7EAD2A1}\InProcServer32,REG_EXPAND_SZ,,NT AUTHORITY\SYSTEM,HKEY_LOCAL_MACHINE\Software\Classes\CLSID\{A02797fC-C4AE-418C-AF95-E637C7EAD2A1}\InProcServer32\,%SystemRoot%\system32\windowscodecs.dll
ST869VRJ,Classes\CLSID\{88C8A919-EB24-3CCA-84F7-2EA82BB3F3ED}\InProcServer32,REG_SZ,,NT AUTHORITY\SYSTEM,HKEY_LOCAL_MACHINE\Software\Classes\CLSID\{88C8A919-EB24-3CCA-84F7-2EA82BB3F3ED}\InProcServer32\,C:\Windows\System32\mscoree.dll
ST869VRJ,Classes\CLSID\{BACF5C8A-A3C7-11D1-A760-00C04FB9603F}\InProcServer32,REG_EXPAND_SZ,,NT AUTHORITY\SYSTEM,HKEY_LOCAL_MACHINE\Software\Classes\CLSID\{BACF5C8A-A3C7-11D1-A760-00C04FB9603F}\InProcServer32\,%SystemRoot%\System32\appmgr.dll
ST869VRJ,Classes\CLSID\{b11d16d0-e195-4ca6-bbd5-1254ec098953}\InProcServer32,REG_EXPAND_SZ,,NT AUTHORITY\SYSTEM,HKEY_LOCAL_MACHINE\Software\Classes\CLSID\{b11d16d0-e195-4ca6-bbd5-1254ec098953}\InProcServer32\,%SystemRoot%\system32\netcorehc.dll
ST869VRJ,Classes\CLSID\{f1bd1079-9f01-4bdc-8036-f09b70095066}\InProcServer32,REG_SZ,,NT AUTHORITY\SYSTEM,HKEY_LOCAL_MACHINE\Software\Classes\CLSID\{f1bd1079-9f01-4bdc-8036-f09b70095066}\InProcServer32\,C:\Windows\System32\bitsprx4.dll
ST869VRJ,Classes\CLSID\{7312498D-E87A-11d1-81E0-0000F87557DB}\InProcServer32,REG_SZ,,NT AUTHORITY\SYSTEM,HKEY_LOCAL_MACHINE\Software\Classes\CLSID\{7312498D-E87A-11d1-81E0-0000F87557DB}\InProcServer32\,C:\Windows\System32\Dxtmsft.dll
ST869VRJ,Wow6432Node\Classes\CLSID\{25E609E0-B259-11CF-BFC7-444553540000}\InProcServer32,REG_SZ,,NT AUTHORITY\SYSTEM,HKEY_LOCAL_MACHINE\Software\Wow6432Node\Classes\CLSID\{25E609E0-B259-11CF-BFC7-444553540000}\InProcServer32\,C:\Windows\SysWOW64\dinput.dll
ST869VRJ,Classes\CLSID\{64577982-86D7-11d1-BDFC-00C04FA31009}\InProcServer32,REG_SZ,,NT AUTHORITY\SYSTEM,HKEY_LOCAL_MACHINE\Software\Classes\CLSID\{64577982-86D7-11d1-BDFC-00C04FA31009}\InProcServer32\,C:\Windows\System32\inetcomm.dll
ST869VRJ,Wow6432Node\Classes\CLSID\{1407023f-dfb0-4b9b-b1f0-40ea250e51cb}\InProcServer32,REG_SZ,,NT AUTHORITY\SYSTEM,HKEY_LOCAL_MACHINE\Software\Wow6432Node\Classes\CLSID\{1407023f-dfb0-4b9b-b1f0-40ea250e51cb}\InProcServer32\,C:\Windows\SysWOW64\wups.dll
ST869VRJ,Classes\CLSID\{182C3813-DF97-40fa-9C4E-B7D3E74F00CA}\InProcServer32,REG_SZ,,NT AUTHORITY\SYSTEM,HKEY_LOCAL_MACHINE\Software\Classes\CLSID\{182C3813-DF97-40fa-9C4E-B7D3E74F00CA}\InProcServer32\,C:\Windows\System32\ieframe.dll
ST869VRJ,Classes\CLSID\{6641D86E-79C2-42ED-9C08-BBDA2B780E1D}\InProcServer32,REG_SZ,,BUILTIN\Administrators,HKEY_LOCAL_MACHINE\Software\Classes\CLSID\{6641D86E-79C2-42ED-9C08-BBDA2B780E1D}\InProcServer32\,C:\Program Files\Common Files\McAfee\PEF\CORE\PEFWebObjects.dll
ST869VRJ,CurrentControlSet\Services\KeyIso\Parameters\,REG_EXPAND_SZ,ServiceDll,NT AUTHORITY\SYSTEM,HKEY_LOCAL_MACHINE\SYSTEM\CurrentControlSet\Services\KeyIso\Parameters\ServiceDll,%SystemRoot%\system32\keyiso.dll
ST869VRJ,Classes\CLSID\{DCB00C01-570F-4A9B-8D69-199FDBA5723B}\InProcServer32,REG_EXPAND_SZ,,NT AUTHORITY\SYSTEM,HKEY_LOCAL_MACHINE\Software\Classes\CLSID\{DCB00C01-570F-4A9B-8D69-199FDBA5723B}\InProcServer32\,%SystemRoot%\System32\netprofm.dll
ST869VRJ,Classes\CLSID\{7007ACD3-3202-11D1-AAD2-00805FC1270E}\InProcServer32,REG_EXPAND_SZ,,NT AUTHORITY\SYSTEM,HKEY_LOCAL_MACHINE\Software\Classes\CLSID\{7007ACD3-3202-11D1-AAD2-00805FC1270E}\InProcServer32\,%SystemRoot%\System32\netshell.dll
ST869VRJ,Wow6432Node\Classes\CLSID\{3fb11ad5-928d-4534-b217-2ffbfdbb6395}\InProcServer32,REG_SZ,,NT AUTHORITY\SYSTEM,HKEY_LOCAL_MACHINE\Software\Wow6432Node\Classes\CLSID\{3fb11ad5-928d-4534-b217-2ffbfdbb6395}\InProcServer32\,C:\Windows\SysWOW64\IME\shared\mscand20.dll
ST869VRJ,Classes\CLSID\{7548A939-2776-46CF-8F62-1D1F488DEDF0}\InProcServer32,REG_EXPAND_SZ,,NT AUTHORITY\SYSTEM,HKEY_LOCAL_MACHINE\Software\Classes\CLSID\{7548A939-2776-46CF-8F62-1D1F488DEDF0}\InProcServer32\,%SystemRoot%\system32\searchfolder.dll
ST869VRJ,Classes\CLSID\{3C1CD4CD-9359-4A9D-A0FA-9E809E873CA6}\InProcServer32,REG_SZ,,BUILTIN\Administrators,HKEY_LOCAL_MACHINE\Software\Classes\CLSID\{3C1CD4CD-9359-4A9D-A0FA-9E809E873CA6}\InProcServer32\,c:\PROGRA~1\COMMON~1\mcafee\updmgr\62117~1.2\MCUPDA~1.DLL
ST869VRJ,Classes\CLSID\{725F645B-EAED-4fc5-B1C5-D9AD0ACCBA5E}\InProcServer32,REG_EXPAND_SZ,,NT AUTHORITY\SYSTEM,HKEY_LOCAL_MACHINE\Software\Classes\CLSID\{725F645B-EAED-4fc5-B1C5-D9AD0ACCBA5E}\InProcServer32\,%SystemRoot%\System32\comdlg32.dll
ST869VRJ,Classes\CLSID\{D26AA4A5-92AD-48DB-8D59-95EF0DCE6939}\InProcServer32,REG_SZ,,NT AUTHORITY\SYSTEM,HKEY_LOCAL_MACHINE\Software\Classes\CLSID\{D26AA4A5-92AD-48DB-8D59-95EF0DCE6939}\InProcServer32\,C:\Windows\System32\setup\rasmigplugin.dll
ST869VRJ,Classes\CLSID\{0c9ac398-8c78-4b4b-b8c6-675ed1b734a1}\InProcServer32,REG_EXPAND_SZ,,NT AUTHORITY\SYSTEM,HKEY_LOCAL_MACHINE\Software\Classes\CLSID\{0c9ac398-8c78-4b4b-b8c6-675ed1b734a1}\InProcServer32\,%SystemRoot%\system32\netcorehc.dll
ST869VRJ,Classes\CLSID\{7724F5B4-9A4A-4a93-AD09-B06F7AB31035}\InProcServer32,REG_EXPAND_SZ,,NT AUTHORITY\SYSTEM,HKEY_LOCAL_MACHINE\Software\Classes\CLSID\{7724F5B4-9A4A-4a93-AD09-B06F7AB31035}\InProcServer32\,%SystemRoot%\system32\DAMM.dll
ST869VRJ,Classes\CLSID\{FD853CE0-7F86-11d0-8252-00C04FD85AB4}\InProcServer32,REG_SZ,,NT AUTHORITY\SYSTEM,HKEY_LOCAL_MACHINE\Software\Classes\CLSID\{FD853CE0-7F86-11d0-8252-00C04FD85AB4}\InProcServer32\,C:\Windows\System32\inetcomm.dll
ST869VRJ,Classes\CLSID\{233664b0-0367-11cf-abc4-02608c9e7553}\InProcServer32,REG_EXPAND_SZ,,NT AUTHORITY\SYSTEM,HKEY_LOCAL_MACHINE\Software\Classes\CLSID\{233664b0-0367-11cf-abc4-02608c9e7553}\InProcServer32\,%SystemRoot%\system32\activeds.dll
ST869VRJ,Classes\CLSID\{819d1334-9d74-4254-9ac8-dc745ebc5386}\InProcServer32,REG_EXPAND_SZ,,NT AUTHORITY\SYSTEM,HKEY_LOCAL_MACHINE\Software\Classes\CLSID\{819d1334-9d74-4254-9ac8-dc745ebc5386}\InProcServer32\,%SystemRoot%\system32\shell32.dll
ST869VRJ,Classes\CLSID\{C23FC28D-C55F-4720-8B32-91F73C2BD5D1}\InProcServer32,REG_EXPAND_SZ,,NT AUTHORITY\SYSTEM,HKEY_LOCAL_MACHINE\Software\Classes\CLSID\{C23FC28D-C55F-4720-8B32-91F73C2BD5D1}\InProcServer32\,%SystemRoot%\System32\Speech\Common\sapi.dll
ST869VRJ,Classes\CLSID\{8EAD3A12-B2C1-11d0-83AA-00A0C92C9D5D}\InProcServer32,REG_EXPAND_SZ,,NT AUTHORITY\SYSTEM,HKEY_LOCAL_MACHINE\Software\Classes\CLSID\{8EAD3A12-B2C1-11d0-83AA-00A0C92C9D5D}\InProcServer32\,%SystemRoot%\System32\dmdskmgr.dll
ST869VRJ,Classes\CLSID\{bf50b68e-29b8-4386-ae9c-9734d5117cd5}\InProcServer32,REG_EXPAND_SZ,,NT AUTHORITY\SYSTEM,HKEY_LOCAL_MACHINE\Software\Classes\CLSID\{bf50b68e-29b8-4386-ae9c-9734d5117cd5}\InProcServer32\,%SystemRoot%\system32\explorerframe.dll
ST869VRJ,Classes\CLSID\{f507f854-308b-401e-a1b7-b55ba6ba679a}\InProcServer32,REG_EXPAND_SZ,,NT AUTHORITY\SYSTEM,HKEY_LOCAL_MACHINE\Software\Classes\CLSID\{f507f854-308b-401e-a1b7-b55ba6ba679a}\InProcServer32\,%SystemRoot%\system32\shell32.dll
ST869VRJ,Classes\CLSID\{09655E95-040C-4654-85AF-48852407FDD9}\InProcServer32,REG_SZ,,NT AUTHORITY\SYSTEM,HKEY_LOCAL_MACHINE\Software\Classes\CLSID\{09655E95-040C-4654-85AF-48852407FDD9}\InProcServer32\,C:\Windows\System32\tsworkspace.dll
ST869VRJ,Classes\CLSID\{250e91a0-0367-11cf-abc4-02608c9e7553}\InProcServer32,REG_EXPAND_SZ,,NT AUTHORITY\SYSTEM,HKEY_LOCAL_MACHINE\Software\Classes\CLSID\{250e91a0-0367-11cf-abc4-02608c9e7553}\InProcServer32\,%SystemRoot%\system32\adsnt.dll
ST869VRJ,Classes\CLSID\{47D3C68D-7D85-3227-A9E7-88451D6BADFC}\InProcServer32,REG_SZ,,NT AUTHORITY\SYSTEM,HKEY_LOCAL_MACHINE\Software\Classes\CLSID\{47D3C68D-7D85-3227-A9E7-88451D6BADFC}\InProcServer32\,C:\Windows\System32\mscoree.dll
ST869VRJ,Classes\CLSID\{B9BC2A50-43C3-41AA-A087-5DB14E184BAE}\InProcServer32,REG_SZ,,NT AUTHORITY\SYSTEM,HKEY_LOCAL_MACHINE\Software\Classes\CLSID\{B9BC2A50-43C3-41AA-A087-5DB14E184BAE}\InProcServer32\,C:\Windows\System32\InputSwitch.dll
ST869VRJ,Classes\CLSID\{26D32566-760A-40A2-AA82-A40366528916}\InProcServer32,REG_SZ,,NT AUTHORITY\SYSTEM,HKEY_LOCAL_MACHINE\Software\Classes\CLSID\{26D32566-760A-40A2-AA82-A40366528916}\InProcServer32\,C:\Windows\System32\wuapi.dll
ST869VRJ,Classes\CLSID\{CCDEDADE-AE23-47f3-A588-B09A05CA1A00}\InProcServer32,REG_EXPAND_SZ,,NT AUTHORITY\SYSTEM,HKEY_LOCAL_MACHINE\Software\Classes\CLSID\{CCDEDADE-AE23-47f3-A588-B09A05CA1A00}\InProcServer32\,%SystemRoot%\System32\diagcpl.dll
ST869VRJ,Microsoft\Windows NT\CurrentVersion\Image File Execution Options\DllNXOptions\,REG_DWORD,msjava.dll,NT AUTHORITY\SYSTEM,HKEY_LOCAL_MACHINE\Software\Microsoft\Windows NT\CurrentVersion\Image File Execution Options\DllNXOptions\msjava.dll,1
ST869VRJ,Classes\CLSID\{B54E85D9-FE23-499F-8B88-6ACEA713752B}\InProcServer32,REG_EXPAND_SZ,,NT AUTHORITY\SYSTEM,HKEY_LOCAL_MACHINE\Software\Classes\CLSID\{B54E85D9-FE23-499F-8B88-6ACEA713752B}\InProcServer32\,%SystemRoot%\system32\windowscodecs.dll
ST869VRJ,Classes\CLSID\{C985DF59-A91B-446B-93C3-FB2705D529BC}\InProcServer32,REG_EXPAND_SZ,,NT AUTHORITY\SYSTEM,HKEY_LOCAL_MACHINE\Software\Classes\CLSID\{C985DF59-A91B-446B-93C3-FB2705D529BC}\InProcServer32\,%SystemRoot%\system32\twinui.dll
ST869VRJ,Classes\CLSID\{ED0BC45C-2438-31A9-BBB6-E2A3B5916419}\InProcServer32,REG_SZ,,NT AUTHORITY\SYSTEM,HKEY_LOCAL_MACHINE\Software\Classes\CLSID\{ED0BC45C-2438-31A9-BBB6-E2A3B5916419}\InProcServer32\,C:\Windows\System32\mscoree.dll
ST869VRJ,CurrentControlSet\Services\FontCache\Parameters\,REG_EXPAND_SZ,ServiceDll,NT AUTHORITY\SYSTEM,HKEY_LOCAL_MACHINE\SYSTEM\CurrentControlSet\Services\FontCache\Parameters\ServiceDll,%SystemRoot%\system32\FntCache.dll
ST869VRJ,Classes\CLSID\{3901CC3F-84B5-4FA4-BA35-AA8172B8A09B}\InProcServer32,REG_EXPAND_SZ,,NT AUTHORITY\SYSTEM,HKEY_LOCAL_MACHINE\Software\Classes\CLSID\{3901CC3F-84B5-4FA4-BA35-AA8172B8A09B}\InProcServer32\,%SystemRoot%\System32\dsound.dll
ST869VRJ,Classes\CLSID\{7A076CE1-4B31-452a-A4F1-0304C8738100}\InProcServer32,REG_EXPAND_SZ,,NT AUTHORITY\SYSTEM,HKEY_LOCAL_MACHINE\Software\Classes\CLSID\{7A076CE1-4B31-452a-A4F1-0304C8738100}\InProcServer32\,%SystemRoot%\System32\shpafact.dll
ST869VRJ,Classes\CLSID\{C64B9B66-E53D-4c56-B9AE-FEDE4EE95DB1}\InProcServer32,REG_EXPAND_SZ,,NT AUTHORITY\SYSTEM,HKEY_LOCAL_MACHINE\Software\Classes\CLSID\{C64B9B66-E53D-4c56-B9AE-FEDE4EE95DB1}\InProcServer32\,%SystemRoot%\System32\StructuredQuery.dll
ST869VRJ,Classes\CLSID\{C03E8533-781E-49a1-8190-CE902D0B2CE7}\InProcServer32,REG_EXPAND_SZ,,NT AUTHORITY\SYSTEM,HKEY_LOCAL_MACHINE\Software\Classes\CLSID\{C03E8533-781E-49a1-8190-CE902D0B2CE7}\InProcServer32\,%SystemRoot%\system32\rasgcw.dll
ST869VRJ,Classes\CLSID\{A3CCEDF7-2DE2-11D0-86F4-00A0C913F750}\InProcServer32,REG_SZ,,NT AUTHORITY\SYSTEM,HKEY_LOCAL_MACHINE\Software\Classes\CLSID\{A3CCEDF7-2DE2-11D0-86F4-00A0C913F750}\InProcServer32\,C:\Windows\System32\pngfilt.dll
ST869VRJ,Classes\CLSID\{047A9A40-657E-11D3-8D5B-00104B35E7EF}\InProcServer32,REG_SZ,,NT AUTHORITY\SYSTEM,HKEY_LOCAL_MACHINE\Software\Classes\CLSID\{047A9A40-657E-11D3-8D5B-00104B35E7EF}\InProcServer32\,C:\Windows\System32\mscoree.dll
ST869VRJ,Classes\CLSID\{6BC096E0-0CE6-11D1-BAAE-00C04FC2E20D}\InProcServer32,REG_EXPAND_SZ,,NT AUTHORITY\SYSTEM,HKEY_LOCAL_MACHINE\Software\Classes\CLSID\{6BC096E0-0CE6-11D1-BAAE-00C04FC2E20D}\InProcServer32\,%SystemRoot%\system32\iasnap.dll
ST869VRJ,Classes\CLSID\{00B01B2E-B1FE-33A6-AD40-57DE8358DC7D}\InProcServer32,REG_SZ,,NT AUTHORITY\SYSTEM,HKEY_LOCAL_MACHINE\Software\Classes\CLSID\{00B01B2E-B1FE-33A6-AD40-57DE8358DC7D}\InProcServer32\,C:\Windows\System32\mscoree.dll
ST869VRJ,Classes\CLSID\{39524FB7-028F-4035-8C2B-8E65D2B17E67}\InProcServer32,REG_EXPAND_SZ,,NT AUTHORITY\SYSTEM,HKEY_LOCAL_MACHINE\Software\Classes\CLSID\{39524FB7-028F-4035-8C2B-8E65D2B17E67}\InProcServer32\,%SystemRoot%\system32\tscfgwmi.dll
ST869VRJ,Classes\CLSID\{D13B741D-051F-322F-93AA-1367A3C8AAFB}\InProcServer32,REG_SZ,,NT AUTHORITY\SYSTEM,HKEY_LOCAL_MACHINE\Software\Classes\CLSID\{D13B741D-051F-322F-93AA-1367A3C8AAFB}\InProcServer32\,C:\Windows\System32\mscoree.dll
ST869VRJ,Classes\CLSID\{6F26A6CD-967B-47FD-874A-7AED2C9D25A2}\InProcServer32,REG_SZ,,NT AUTHORITY\SYSTEM,HKEY_LOCAL_MACHINE\Software\Classes\CLSID\{6F26A6CD-967B-47FD-874A-7AED2C9D25A2}\InProcServer32\,C:\Windows\System32\quartz.dll
ST869VRJ,Classes\CLSID\{3037B4CD-A40B-401B-B676-2017EE8FAFF4}\InProcServer32,REG_SZ,,NT AUTHORITY\SYSTEM,HKEY_LOCAL_MACHINE\Software\Classes\CLSID\{3037B4CD-A40B-401B-B676-2017EE8FAFF4}\InProcServer32\,C:\Program Files\Windows NT\Accessories\WordpadFilter.dll
ST869VRJ,Classes\CLSID\{B164E929-A1B6-4A06-B104-2CD0E90A88FF}\InProcServer32,REG_SZ,,BUILTIN\Administrators,HKEY_LOCAL_MACHINE\Software\Classes\CLSID\{B164E929-A1B6-4A06-B104-2CD0E90A88FF}\InProcServer32\,C:\Program Files\McAfee\WebAdvisor\x64\IEPlugin.dll
ST869VRJ,CurrentControlSet\Services\DXGKrnl\,REG_EXPAND_SZ,ImagePath,NT AUTHORITY\SYSTEM,HKEY_LOCAL_MACHINE\SYSTEM\CurrentControlSet\Services\DXGKrnl\ImagePath,\SystemRoot\System32\drivers\dxgkrnl.sys
ST869VRJ,Wow6432Node\Microsoft\Windows NT\CurrentVersion\Drivers32\,REG_SZ,msacm.imaadpcm,NT AUTHORITY\SYSTEM,HKEY_LOCAL_MACHINE\Software\Wow6432Node\Microsoft\Windows NT\CurrentVersion\Drivers32\msacm.imaadpcm,imaadp32.acm
ST869VRJ,Classes\CLSID\{14795a8f-78f3-47bd-acb6-e767414fe293}\InProcServer32,REG_EXPAND_SZ,,NT AUTHORITY\SYSTEM,HKEY_LOCAL_MACHINE\Software\Classes\CLSID\{14795a8f-78f3-47bd-acb6-e767414fe293}\InProcServer32\,%SystemRoot%\system32\shell32.dll
ST869VRJ,Classes\CLSID\{27354128-7F64-5B0F-8F00-5D77AFBE261E}\InProcServer32,REG_SZ,,NT AUTHORITY\SYSTEM,HKEY_LOCAL_MACHINE\Software\Classes\CLSID\{27354128-7F64-5B0F-8F00-5D77AFBE261E}\InProcServer32\,C:\Windows\System32\imapi2.dll
ST869VRJ,CurrentControlSet\Services\AudioEndpointBuilder\Parameters\,REG_EXPAND_SZ,ServiceDll,NT AUTHORITY\SYSTEM,HKEY_LOCAL_MACHINE\SYSTEM\CurrentControlSet\Services\AudioEndpointBuilder\Parameters\ServiceDll,%SystemRoot%\System32\AudioEndpointBuilder.dll
ST869VRJ,CurrentControlSet\Services\BITS\Parameters\,REG_EXPAND_SZ,ServiceDll,NT AUTHORITY\SYSTEM,HKEY_LOCAL_MACHINE\SYSTEM\CurrentControlSet\Services\BITS\Parameters\ServiceDll,%SystemRoot%\System32\qmgr.dll
ST869VRJ,Classes\CLSID\{81007291-f070-4c4f-b978-ad1bec84babc}\InProcServer32,REG_EXPAND_SZ,,NT AUTHORITY\SYSTEM,HKEY_LOCAL_MACHINE\Software\Classes\CLSID\{81007291-f070-4c4f-b978-ad1bec84babc}\InProcServer32\,%SystemRoot%\system32\shell32.dll
ST869VRJ,Classes\CLSID\{A10DDD46-26AA-4b27-8FD1-D8A27A8AAF8C}\InProcServer32,REG_SZ,,BUILTIN\Administrators,HKEY_LOCAL_MACHINE\Software\Classes\CLSID\{A10DDD46-26AA-4b27-8FD1-D8A27A8AAF8C}\InProcServer32\,C:\PROGRA~1\McAfee\MfeAV\McOasShm.dll
ST869VRJ,Classes\CLSID\{9EFCE8D1-F3E0-460E-B301-0C08C95C1843}\InProcServer32,REG_SZ,,BUILTIN\Administrators,HKEY_LOCAL_MACHINE\Software\Classes\CLSID\{9EFCE8D1-F3E0-460E-B301-0C08C95C1843}\InProcServer32\,c:\PROGRA~1\COMMON~1\mcafee\platform\mcuicfg.dll
ST869VRJ,Classes\CLSID\{BFD468D2-D0A0-4bdc-878C-E69C2F5B435D}\InProcServer32,REG_SZ,,NT AUTHORITY\SYSTEM,HKEY_LOCAL_MACHINE\Software\Classes\CLSID\{BFD468D2-D0A0-4bdc-878C-E69C2F5B435D}\InProcServer32\,C:\Windows\System32\inetcomm.dll
ST869VRJ,Classes\CLSID\{85cfccaf-2d14-42b6-80b6-f40f65d016e7}\InProcServer32,REG_EXPAND_SZ,,NT AUTHORITY\SYSTEM,HKEY_LOCAL_MACHINE\Software\Classes\CLSID\{85cfccaf-2d14-42b6-80b6-f40f65d016e7}\InProcServer32\,%SystemRoot%\system32\shell32.dll
ST869VRJ,Classes\CLSID\{C624BA95-FBCB-4409-8C03-8CCEEC533EF1}\InProcServer32,REG_EXPAND_SZ,,NT AUTHORITY\SYSTEM,HKEY_LOCAL_MACHINE\Software\Classes\CLSID\{C624BA95-FBCB-4409-8C03-8CCEEC533EF1}\InProcServer32\,%SystemRoot%\system32\upnp.dll
ST869VRJ,CurrentControlSet\Services\TermService\Parameters\,REG_EXPAND_SZ,ServiceDll,NT AUTHORITY\SYSTEM,HKEY_LOCAL_MACHINE\SYSTEM\CurrentControlSet\Services\TermService\Parameters\ServiceDll,%SystemRoot%\System32\termsrv.dll
ST869VRJ,Classes\CLSID\{827b7a93-2c48-433e-b247-8e3be20aab4a}\InProcServer32,REG_EXPAND_SZ,,NT AUTHORITY\SYSTEM,HKEY_LOCAL_MACHINE\Software\Classes\CLSID\{827b7a93-2c48-433e-b247-8e3be20aab4a}\InProcServer32\,%SystemRoot%\system32\shell32.dll
ST869VRJ,Classes\CLSID\{adacedf4-9c34-430e-a65f-488f0ab491da}\InProcServer32,REG_SZ,,NT AUTHORITY\SYSTEM,HKEY_LOCAL_MACHINE\Software\Classes\CLSID\{adacedf4-9c34-430e-a65f-488f0ab491da}\InProcServer32\,C:\Windows\System32\catsrvut.dll
ST869VRJ,Classes\CLSID\{37ea3a21-7493-4208-a011-7f9ea79ce9f5}\InProcServer32,REG_EXPAND_SZ,,NT AUTHORITY\SYSTEM,HKEY_LOCAL_MACHINE\Software\Classes\CLSID\{37ea3a21-7493-4208-a011-7f9ea79ce9f5}\InProcServer32\,%SystemRoot%\system32\shell32.dll
ST869VRJ,Classes\CLSID\{C700F6EF-A80F-4B24-922A-32308B6FF0C3}\InProcServer32,REG_EXPAND_SZ,,NT AUTHORITY\SYSTEM,HKEY_LOCAL_MACHINE\Software\Classes\CLSID\{C700F6EF-A80F-4B24-922A-32308B6FF0C3}\InProcServer32\,%SystemRoot%\System32\NaturalLanguage6.dll
ST869VRJ,Classes\CLSID\{b77b1cbf-e827-44a9-a33a-6ccfeeaa142a}\InProcServer32,REG_EXPAND_SZ,,NT AUTHORITY\SYSTEM,HKEY_LOCAL_MACHINE\Software\Classes\CLSID\{b77b1cbf-e827-44a9-a33a-6ccfeeaa142a}\InProcServer32\,%SystemRoot%\system32\shell32.dll
ST869VRJ,Classes\CLSID\{05827933-6FB3-4485-89F2-75615F94AAEA}\InProcServer32,REG_EXPAND_SZ,,NT AUTHORITY\SYSTEM,HKEY_LOCAL_MACHINE\Software\Classes\CLSID\{05827933-6FB3-4485-89F2-75615F94AAEA}\InProcServer32\,%SystemRoot%\system32\twinui.dll
ST869VRJ,Classes\CLSID\{55B400DA-2B36-443e-9774-B8C2DAE12FFC}\InProcServer32,REG_EXPAND_SZ,,NT AUTHORITY\SYSTEM,HKEY_LOCAL_MACHINE\Software\Classes\CLSID\{55B400DA-2B36-443e-9774-B8C2DAE12FFC}\InProcServer32\,%SystemRoot%\system32\twinui.dll
ST869VRJ,Classes\CLSID\{F8FB6E07-55E6-4BB9-96BC-2393A039CEE7}\InProcServer32,REG_SZ,,NT AUTHORITY\SYSTEM,HKEY_LOCAL_MACHINE\Software\Classes\CLSID\{F8FB6E07-55E6-4BB9-96BC-2393A039CEE7}\InProcServer32\,C:\Windows\System32\puiapi.dll
ST869VRJ,Classes\CLSID\{6F674828-9081-3B45-BC39-791BD84CCF8F}\InProcServer32,REG_SZ,,NT AUTHORITY\SYSTEM,HKEY_LOCAL_MACHINE\Software\Classes\CLSID\{6F674828-9081-3B45-BC39-791BD84CCF8F}\InProcServer32\,C:\Windows\System32\mscoree.dll
ST869VRJ,Classes\CLSID\{5B2BB965-9043-498C-B60E-C0379DC0BBD4}\InProcServer32,REG_SZ,,BUILTIN\Administrators,HKEY_LOCAL_MACHINE\Software\Classes\CLSID\{5B2BB965-9043-498C-B60E-C0379DC0BBD4}\InProcServer32\,c:\PROGRA~1\mcafee\mpf\mpfshm.dll
ST869VRJ,Classes\CLSID\{4de7016c-5ef9-11d1-8c13-00c04fd8d503}\InProcServer32,REG_EXPAND_SZ,,NT AUTHORITY\SYSTEM,HKEY_LOCAL_MACHINE\Software\Classes\CLSID\{4de7016c-5ef9-11d1-8c13-00c04fd8d503}\InProcServer32\,%SystemRoot%\system32\adsmsext.dll
ST869VRJ,Classes\CLSID\{865ab07b-1c8e-48c0-b9a7-fa6c5ff48f7b}\InProcServer32,REG_EXPAND_SZ,,NT AUTHORITY\SYSTEM,HKEY_LOCAL_MACHINE\Software\Classes\CLSID\{865ab07b-1c8e-48c0-b9a7-fa6c5ff48f7b}\InProcServer32\,%SystemRoot%\system32\shell32.dll
ST869VRJ,CurrentControlSet\Services\McAWFwk\,REG_EXPAND_SZ,ImagePath,BUILTIN\Administrators,HKEY_LOCAL_MACHINE\SYSTEM\CurrentControlSet\Services\McAWFwk\ImagePath,c:\PROGRA~1\COMMON~1\mcafee\actwiz\mcawfwk.exe
ST869VRJ,Classes\CLSID\{1D3529C7-671A-468d-AD2A-499A96B073D1}\InProcServer32,REG_EXPAND_SZ,,NT AUTHORITY\SYSTEM,HKEY_LOCAL_MACHINE\Software\Classes\CLSID\{1D3529C7-671A-468d-AD2A-499A96B073D1}\InProcServer32\,%SystemRoot%\System32\WLanHC.dll
ST869VRJ,Classes\CLSID\{E2B3C97F-6AE1-41AC-817A-F6F92166D7DD}\InProcServer32,REG_SZ,,NT AUTHORITY\SYSTEM,HKEY_LOCAL_MACHINE\Software\Classes\CLSID\{E2B3C97F-6AE1-41AC-817A-F6F92166D7DD}\InProcServer32\,C:\Windows\System32\FirewallAPI.dll
ST869VRJ,Classes\CLSID\{1EC2DE53-75CC-11d2-9775-00A0C9B4D50C}\InProcServer32,REG_SZ,,NT AUTHORITY\SYSTEM,HKEY_LOCAL_MACHINE\Software\Classes\CLSID\{1EC2DE53-75CC-11d2-9775-00A0C9B4D50C}\InProcServer32\,C:\Windows\System32\mscoree.dll
ST869VRJ,CurrentControlSet\Services\WinSock2\Parameters\Protocol_Catalog9\Catalog_Entries\000000000005\,REG_BINARY,PackedCatalogItem,NT AUTHORITY\SYSTEM,HKEY_LOCAL_MACHINE\System\CurrentControlSet\Services\WinSock2\Parameters\Protocol_Catalog9\Catalog_Entries\000000000005\PackedCatalogItem,"%SystemRoot%\system32\mswsock.dll."".h.t.t.p.:././.s.c.h.e.m.a.s...m.i.c.r.o.s.o.f.t...c.o.m./.w.i.n./.2.0.0.4./.0.8./.e.v.e.n.t.s."".&gt;..... . .&lt;.t.e.m.p.l.a.t.e. .t.i.d.=."".R.e.s.u.l.t."".&gt;..... . . . .&lt;.d.a.t.a. .i.n.T.y.p.e.=."".w.i.n.:.U.I.n.t.3.2."". .n.a.m.e..........................&amp;.......l4.................................................................................@.%.S.y.s.t.e.m.R.o.o.t.%.\.S.y.s.t.e.m.3.2.\.m.s.w.s.o.c.k...d.l.l. .-.6.0.2.0.1..............................................................................................................................................................................................................................................................................................................................................................................................................................................."
ST869VRJ,Classes\CLSID\{6BC0989C-0CE6-11D1-BAAE-00C04FC2E20D}\InProcServer32,REG_EXPAND_SZ,,NT AUTHORITY\SYSTEM,HKEY_LOCAL_MACHINE\Software\Classes\CLSID\{6BC0989C-0CE6-11D1-BAAE-00C04FC2E20D}\InProcServer32\,%SystemRoot%\system32\iassam.dll
ST869VRJ,Classes\CLSID\{E388F56A-D03B-4A08-ADC3-E44CA937AD91}\InProcServer32,REG_EXPAND_SZ,,NT AUTHORITY\SYSTEM,HKEY_LOCAL_MACHINE\Software\Classes\CLSID\{E388F56A-D03B-4A08-ADC3-E44CA937AD91}\InProcServer32\,%SystemRoot%\System32\twinui.dll
ST869VRJ,Classes\CLSID\{ECABAFD1-7F19-11D2-978E-0000F8757E2A}\InProcServer32,REG_SZ,,NT AUTHORITY\SYSTEM,HKEY_LOCAL_MACHINE\Software\Classes\CLSID\{ECABAFD1-7F19-11D2-978E-0000F8757E2A}\InProcServer32\,C:\Windows\System32\mscoree.dll
ST869VRJ,Classes\CLSID\{A38E6420-19EC-490c-B4BF-51673C360213}\InProcServer32,REG_EXPAND_SZ,,NT AUTHORITY\SYSTEM,HKEY_LOCAL_MACHINE\Software\Classes\CLSID\{A38E6420-19EC-490c-B4BF-51673C360213}\InProcServer32\,%SystemRoot%\system32\explorerframe.dll
ST869VRJ,Wow6432Node\Classes\CLSID\{3050f4e1-98b5-11cf-bb82-00aa00bdce0b}\InProcServer32,REG_SZ,,NT AUTHORITY\SYSTEM,HKEY_LOCAL_MACHINE\Software\Wow6432Node\Classes\CLSID\{3050f4e1-98b5-11cf-bb82-00aa00bdce0b}\InProcServer32\,C:\Windows\SysWOW64\mshtmled.dll
ST869VRJ,Classes\CLSID\{4b360c3c-d284-4384-abcc-ef133e1445da}\InProcServer32,REG_SZ,,NT AUTHORITY\SYSTEM,HKEY_LOCAL_MACHINE\Software\Classes\CLSID\{4b360c3c-d284-4384-abcc-ef133e1445da}\InProcServer32\,C:\Windows\System32\ieframe.dll
ST869VRJ,Classes\CLSID\{9440861a-25ca-4bc2-833e-866a6191d110}\InProcServer32,REG_EXPAND_SZ,,NT AUTHORITY\SYSTEM,HKEY_LOCAL_MACHINE\Software\Classes\CLSID\{9440861a-25ca-4bc2-833e-866a6191d110}\InProcServer32\,%SystemRoot%\System32\twinui.dll
ST869VRJ,Classes\CLSID\{7F6BCBE5-EB30-370B-9F1B-92A6265AFEDD}\InProcServer32,REG_SZ,,NT AUTHORITY\SYSTEM,HKEY_LOCAL_MACHINE\Software\Classes\CLSID\{7F6BCBE5-EB30-370B-9F1B-92A6265AFEDD}\InProcServer32\,C:\Windows\System32\mscoree.dll
ST869VRJ,Classes\CLSID\{677126ed-2a91-40ff-8c52-06181c064573}\InProcServer32,REG_EXPAND_SZ,,NT AUTHORITY\SYSTEM,HKEY_LOCAL_MACHINE\Software\Classes\CLSID\{677126ed-2a91-40ff-8c52-06181c064573}\InProcServer32\,%SystemRoot%\system32\qagent.dll
ST869VRJ,Classes\CLSID\{C8059EB6-D2FC-4ecf-A15F-AF427F5E4DB6}\InProcServer32,REG_SZ,,NT AUTHORITY\SYSTEM,HKEY_LOCAL_MACHINE\Software\Classes\CLSID\{C8059EB6-D2FC-4ecf-A15F-AF427F5E4DB6}\InProcServer32\,C:\Windows\System32\msfeedsbs.dll
ST869VRJ,Classes\CLSID\{08fedb70-9d27-4bcf-bbb0-99986ae2bcb5}\InProcServer32,REG_SZ,,NT AUTHORITY\SYSTEM,HKEY_LOCAL_MACHINE\Software\Classes\CLSID\{08fedb70-9d27-4bcf-bbb0-99986ae2bcb5}\InProcServer32\,C:\Windows\System32\IME\shared\imecfmps.dll
ST869VRJ,Classes\CLSID\{12426E70-50E2-3129-B617-E252B36ECE89}\InProcServer32,REG_SZ,,NT AUTHORITY\SYSTEM,HKEY_LOCAL_MACHINE\Software\Classes\CLSID\{12426E70-50E2-3129-B617-E252B36ECE89}\InProcServer32\,C:\Windows\System32\mscoree.dll
ST869VRJ,Microsoft\Windows NT\CurrentVersion\Image File Execution Options\drvinst.exe\,REG_DWORD,DisableExceptionChainValidation,NT AUTHORITY\SYSTEM,HKEY_LOCAL_MACHINE\Software\Microsoft\Windows NT\CurrentVersion\Image File Execution Options\drvinst.exe\DisableExceptionChainValidation,3
ST869VRJ,Classes\CLSID\{1A34F5C1-4A5A-46DC-B644-1F4567E7A676}\InProcServer32,REG_EXPAND_SZ,,NT AUTHORITY\SYSTEM,HKEY_LOCAL_MACHINE\Software\Classes\CLSID\{1A34F5C1-4A5A-46DC-B644-1F4567E7A676}\InProcServer32\,%SystemRoot%\system32\windowscodecs.dll
ST869VRJ,CurrentControlSet\Services\mshidumdf\,REG_EXPAND_SZ,ImagePath,NT AUTHORITY\SYSTEM,HKEY_LOCAL_MACHINE\SYSTEM\CurrentControlSet\Services\mshidumdf\ImagePath,\SystemRoot\System32\drivers\mshidumdf.sys
ST869VRJ,Wow6432Node\Classes\CLSID\{D3DCB472-7261-43ce-924B-0704BD730D5F}\InProcServer32,REG_SZ,,NT AUTHORITY\SYSTEM,HKEY_LOCAL_MACHINE\Software\Wow6432Node\Classes\CLSID\{D3DCB472-7261-43ce-924B-0704BD730D5F}\InProcServer32\,C:\Windows\SysWOW64\fdwsd.dll
ST869VRJ,Classes\CLSID\{F6914A11-D95D-324F-BA0F-39A374625290}\InProcServer32,REG_SZ,,NT AUTHORITY\SYSTEM,HKEY_LOCAL_MACHINE\Software\Classes\CLSID\{F6914A11-D95D-324F-BA0F-39A374625290}\InProcServer32\,C:\Windows\System32\mscoree.dll
ST869VRJ,Classes\CLSID\{1DD7B920-0AAE-457B-8A6B-077A92933F82}\InProcServer32,REG_SZ,,BUILTIN\Administrators,HKEY_LOCAL_MACHINE\Software\Classes\CLSID\{1DD7B920-0AAE-457B-8A6B-077A92933F82}\InProcServer32\,c:\PROGRA~1\mcafee\msc\MCBOOT~1.DLL
ST869VRJ,Classes\CLSID\{4F8C7A2C-C891-400C-B4D7-A04D08CEF024}\InProcServer32,REG_SZ,,BUILTIN\Administrators,HKEY_LOCAL_MACHINE\Software\Classes\CLSID\{4F8C7A2C-C891-400C-B4D7-A04D08CEF024}\InProcServer32\,c:\PROGRA~1\COMMON~1\mcafee\platform\alertmgr.dll
ST869VRJ,Classes\CLSID\{9BB86057-19A1-49BB-A522-D4CE0AF55767}\InProcServer32,REG_SZ,,BUILTIN\Administrators,HKEY_LOCAL_MACHINE\Software\Classes\CLSID\{9BB86057-19A1-49BB-A522-D4CE0AF55767}\InProcServer32\,c:\PROGRA~1\mcafee\msc\mciptshm.dll
ST869VRJ,CurrentControlSet\Services\LanmanWorkstation\Parameters\,REG_EXPAND_SZ,ServiceDll,NT AUTHORITY\SYSTEM,HKEY_LOCAL_MACHINE\SYSTEM\CurrentControlSet\Services\LanmanWorkstation\Parameters\ServiceDll,%SystemRoot%\System32\wkssvc.dll
ST869VRJ,Classes\CLSID\{9381AF33-66A3-4D5A-8AF2-9515B1DC19A5}\InProcServer32,REG_EXPAND_SZ,,NT AUTHORITY\SYSTEM,HKEY_LOCAL_MACHINE\Software\Classes\CLSID\{9381AF33-66A3-4D5A-8AF2-9515B1DC19A5}\InProcServer32\,%SystemRoot%\System32\rasgcw.dll
ST869VRJ,Classes\CLSID\{B7D66A11-7233-4e29-A3B7-9D359344ED5B}\InProcServer32,REG_SZ,,BUILTIN\Administrators,HKEY_LOCAL_MACHINE\Software\Classes\CLSID\{B7D66A11-7233-4e29-A3B7-9D359344ED5B}\InProcServer32\,c:\PROGRA~1\mcafee\msc\mcmscshm.dll
ST869VRJ,CurrentControlSet\Services\McAfee WebAdvisor\,REG_EXPAND_SZ,ImagePath,BUILTIN\Administrators,HKEY_LOCAL_MACHINE\SYSTEM\CurrentControlSet\Services\McAfee WebAdvisor\ImagePath,C:\Program Files\McAfee\WebAdvisor\ServiceHost.exe
ST869VRJ,Classes\CLSID\{87AB8051-37BD-4e70-83C0-1E4F9AE1D37D}\InProcServer32,REG_EXPAND_SZ,,NT AUTHORITY\SYSTEM,HKEY_LOCAL_MACHINE\Software\Classes\CLSID\{87AB8051-37BD-4e70-83C0-1E4F9AE1D37D}\InProcServer32\,%SystemRoot%\system32\explorerframe.dll
ST869VRJ,Classes\CLSID\{0e3be0d7-030e-4ca3-a911-d86e24ae0a3c}\InProcServer32,REG_EXPAND_SZ,,NT AUTHORITY\SYSTEM,HKEY_LOCAL_MACHINE\Software\Classes\CLSID\{0e3be0d7-030e-4ca3-a911-d86e24ae0a3c}\InProcServer32\,%SystemRoot%\system32\IME\IMETC\IMTCCFG.DLL
ST869VRJ,Classes\CLSID\{D9F9C262-6231-11D3-8B1D-00C04FB6BD3D}\InProcServer32,REG_SZ,,NT AUTHORITY\SYSTEM,HKEY_LOCAL_MACHINE\Software\Classes\CLSID\{D9F9C262-6231-11D3-8B1D-00C04FB6BD3D}\InProcServer32\,C:\Windows\System32\qasf.dll
ST869VRJ,Classes\CLSID\{165455AA-DFB8-4B89-AFF6-D4C4FDD5FFD6}\InProcServer32,REG_SZ,,NT AUTHORITY\SYSTEM,HKEY_LOCAL_MACHINE\Software\Classes\CLSID\{165455AA-DFB8-4B89-AFF6-D4C4FDD5FFD6}\InProcServer32\,C:\Windows\System32\InputMethod\SHARED\MTFUtils.dll
ST869VRJ,Classes\CLSID\{C3E5D3D3-1A03-11CF-942D-008029004347}\InProcServer32,REG_EXPAND_SZ,,NT AUTHORITY\SYSTEM,HKEY_LOCAL_MACHINE\Software\Classes\CLSID\{C3E5D3D3-1A03-11CF-942D-008029004347}\InProcServer32\,%SystemRoot%\System32\sysmon.ocx
ST869VRJ,Classes\CLSID\{6A3D3995-C7A1-400c-8510-EE9241A7ACA2}\InProcServer32,REG_SZ,,NT AUTHORITY\SYSTEM,HKEY_LOCAL_MACHINE\Software\Classes\CLSID\{6A3D3995-C7A1-400c-8510-EE9241A7ACA2}\InProcServer32\,C:\Windows\System32\InputMethod\SHARED\MTF.dll
ST869VRJ,Classes\CLSID\{e2550429-5df2-48cd-9ea3-26ff682d8a17}\InProcServer32,REG_EXPAND_SZ,,NT AUTHORITY\SYSTEM,HKEY_LOCAL_MACHINE\Software\Classes\CLSID\{e2550429-5df2-48cd-9ea3-26ff682d8a17}\InProcServer32\,%SystemRoot%\system32\shell32.dll
ST869VRJ,Classes\CLSID\{A860CE50-3910-11d0-86FC-00A0C913F750}\InProcServer32,REG_SZ,,NT AUTHORITY\SYSTEM,HKEY_LOCAL_MACHINE\Software\Classes\CLSID\{A860CE50-3910-11d0-86FC-00A0C913F750}\InProcServer32\,C:\Windows\System32\imgutil.dll
ST869VRJ,Classes\CLSID\{2C875213-FCE5-11d1-A0B0-00C04FA31A86}\InProcServer32,REG_EXPAND_SZ,,NT AUTHORITY\SYSTEM,HKEY_LOCAL_MACHINE\Software\Classes\CLSID\{2C875213-FCE5-11d1-A0B0-00C04FA31A86}\InProcServer32\,%SystemRoot%\system32\dsquery.dll
ST869VRJ,Microsoft\Windows\CurrentVersion\Policies\Explorer\,REG_DWORD,NoActiveDesktop,NT AUTHORITY\SYSTEM,HKEY_LOCAL_MACHINE\Software\Microsoft\Windows\CurrentVersion\Policies\Explorer\NoActiveDesktop,1
ST869VRJ,Classes\CLSID\{14ce31dc-abc2-484c-b061-cf3416aed8ff}\InProcServer32,REG_EXPAND_SZ,,NT AUTHORITY\SYSTEM,HKEY_LOCAL_MACHINE\Software\Classes\CLSID\{14ce31dc-abc2-484c-b061-cf3416aed8ff}\InProcServer32\,%SystemRoot%\system32\authui.dll
ST869VRJ,Classes\CLSID\{EBFE7BA0-628D-11D2-AE0F-006097B01411}\InProcServer32,REG_EXPAND_SZ,,NT AUTHORITY\SYSTEM,HKEY_LOCAL_MACHINE\Software\Classes\CLSID\{EBFE7BA0-628D-11D2-AE0F-006097B01411}\InProcServer32\,%SystemRoot%\system32\dpnet.dll
ST869VRJ,Classes\CLSID\{B4FB3F98-C1EA-428d-A78A-D1F5659CBA93}\InProcServer32,REG_EXPAND_SZ,,NT AUTHORITY\SYSTEM,HKEY_LOCAL_MACHINE\Software\Classes\CLSID\{B4FB3F98-C1EA-428d-A78A-D1F5659CBA93}\InProcServer32\,%SystemRoot%\system32\shell32.dll
ST869VRJ,Classes\CLSID\{A8159420-398E-4471-9521-A84B0BF2BE54}\InProcServer32,REG_SZ,,NT AUTHORITY\SYSTEM,HKEY_LOCAL_MACHINE\Software\Classes\CLSID\{A8159420-398E-4471-9521-A84B0BF2BE54}\InProcServer32\,C:\Windows\System32\Dsui.dll
ST869VRJ,Classes\CLSID\{3C9DCA8B-4410-3143-B801-559553EB6725}\InProcServer32,REG_SZ,,NT AUTHORITY\SYSTEM,HKEY_LOCAL_MACHINE\Software\Classes\CLSID\{3C9DCA8B-4410-3143-B801-559553EB6725}\InProcServer32\,C:\Windows\System32\mscoree.dll
ST869VRJ,Classes\CLSID\{CD70A734-B6DB-4588-9813-FF2E37A4661F}\InProcServer32,REG_EXPAND_SZ,,NT AUTHORITY\SYSTEM,HKEY_LOCAL_MACHINE\Software\Classes\CLSID\{CD70A734-B6DB-4588-9813-FF2E37A4661F}\InProcServer32\,%SystemRoot%\system32\wkspbrokerAx.dll
ST869VRJ,Classes\CLSID\{CAEC7D4F-0B02-3579-943F-821738EE78CC}\InProcServer32,REG_SZ,,NT AUTHORITY\SYSTEM,HKEY_LOCAL_MACHINE\Software\Classes\CLSID\{CAEC7D4F-0B02-3579-943F-821738EE78CC}\InProcServer32\,C:\Windows\System32\mscoree.dll
ST869VRJ,Microsoft\Windows NT\CurrentVersion\Image File Execution Options\DllNXOptions\,REG_DWORD,NSWSTE.dll,NT AUTHORITY\SYSTEM,HKEY_LOCAL_MACHINE\Software\Microsoft\Windows NT\CurrentVersion\Image File Execution Options\DllNXOptions\NSWSTE.dll,1
ST869VRJ,Wow6432Node\Classes\CLSID\{4be5c3b3-53a2-4f2f-af9d-d26a5327eb92}\InProcServer32,REG_SZ,,NT AUTHORITY\SYSTEM,HKEY_LOCAL_MACHINE\Software\Wow6432Node\Classes\CLSID\{4be5c3b3-53a2-4f2f-af9d-d26a5327eb92}\InProcServer32\,C:\Windows\SysWOW64\IME\IMEKR\APPLETS\imkrskf.dll
ST869VRJ,Classes\CLSID\{7071ECB8-663B-4bc1-A1FA-B97F3B917C55}\InProcServer32,REG_EXPAND_SZ,,NT AUTHORITY\SYSTEM,HKEY_LOCAL_MACHINE\Software\Classes\CLSID\{7071ECB8-663B-4bc1-A1FA-B97F3B917C55}\InProcServer32\,%SystemRoot%\system32\connect.dll
ST869VRJ,Classes\CLSID\{26fdc864-be88-46e7-9235-032d8ea5162e}\InProcServer32,REG_EXPAND_SZ,,NT AUTHORITY\SYSTEM,HKEY_LOCAL_MACHINE\Software\Classes\CLSID\{26fdc864-be88-46e7-9235-032d8ea5162e}\InProcServer32\,%SystemRoot%\system32\shell32.dll
ST869VRJ,Classes\CLSID\{530CC6A4-357F-49E2-AB11-3C481DBEDE31}\InProcServer32,REG_EXPAND_SZ,,NT AUTHORITY\SYSTEM,HKEY_LOCAL_MACHINE\Software\Classes\CLSID\{530CC6A4-357F-49E2-AB11-3C481DBEDE31}\InProcServer32\,%SystemRoot%\System32\NaturalLanguage6.dll
ST869VRJ,Classes\CLSID\{A03FB29D-1AF8-4632-9778-2DE93E21A4F1}\InProcServer32,REG_EXPAND_SZ,,NT AUTHORITY\SYSTEM,HKEY_LOCAL_MACHINE\Software\Classes\CLSID\{A03FB29D-1AF8-4632-9778-2DE93E21A4F1}\InProcServer32\,%SystemRoot%\system32\AepRoam.dll
ST869VRJ,Classes\CLSID\{CC3FA696-93B8-4745-B935-0599ACB97747}\InProcServer32,REG_EXPAND_SZ,,NT AUTHORITY\SYSTEM,HKEY_LOCAL_MACHINE\Software\Classes\CLSID\{CC3FA696-93B8-4745-B935-0599ACB97747}\InProcServer32\,%SystemRoot%\system32\explorerframe.dll
ST869VRJ,Classes\CLSID\{088E8DFB-2464-4C21-BAD2-F0AA6DB5D4BC}\InProcServer32,REG_EXPAND_SZ,,NT AUTHORITY\SYSTEM,HKEY_LOCAL_MACHINE\Software\Classes\CLSID\{088E8DFB-2464-4C21-BAD2-F0AA6DB5D4BC}\InProcServer32\,%SystemRoot%\System32\hcproviders.dll
ST869VRJ,Classes\CLSID\{B1AEC16F-2383-4852-B0E9-8F0B1DC66B4D}\InProcServer32,REG_SZ,,NT AUTHORITY\SYSTEM,HKEY_LOCAL_MACHINE\Software\Classes\CLSID\{B1AEC16F-2383-4852-B0E9-8F0B1DC66B4D}\InProcServer32\,C:\Windows\System32\twinapi.appcore.dll
ST869VRJ,Classes\CLSID\{B0F64827-79BB-3163-B1AB-A2EA0E1FDA23}\InProcServer32,REG_SZ,,NT AUTHORITY\SYSTEM,HKEY_LOCAL_MACHINE\Software\Classes\CLSID\{B0F64827-79BB-3163-B1AB-A2EA0E1FDA23}\InProcServer32\,C:\Windows\System32\mscoree.dll
ST869VRJ,Classes\CLSID\{BBB9389D-CB46-4855-ADA6-4570E7342B3C}\InProcServer32,REG_EXPAND_SZ,,NT AUTHORITY\SYSTEM,HKEY_LOCAL_MACHINE\Software\Classes\CLSID\{BBB9389D-CB46-4855-ADA6-4570E7342B3C}\InProcServer32\,%SystemRoot%\system32\ntshrui.dll
ST869VRJ,Classes\CLSID\{59CE6880-ACF8-11CF-B56E-0080C7C4B68A}\InProcServer32,REG_SZ,,NT AUTHORITY\SYSTEM,HKEY_LOCAL_MACHINE\Software\Classes\CLSID\{59CE6880-ACF8-11CF-B56E-0080C7C4B68A}\InProcServer32\,C:\Windows\System32\quartz.dll
ST869VRJ,Wow6432Node\Classes\CLSID\{4c870c20-4ed3-4235-9a2a-7185f8a87d06}\InProcServer32,REG_SZ,,NT AUTHORITY\SYSTEM,HKEY_LOCAL_MACHINE\Software\Wow6432Node\Classes\CLSID\{4c870c20-4ed3-4235-9a2a-7185f8a87d06}\InProcServer32\,C:\Windows\SysWOW64\IME\IMEKR\DICTS\imkrhjd.dll
ST869VRJ,Classes\CLSID\{374EE8E8-DEA6-4DB7-B14A-B43EE3E8948E}\InProcServer32,REG_EXPAND_SZ,,NT AUTHORITY\SYSTEM,HKEY_LOCAL_MACHINE\Software\Classes\CLSID\{374EE8E8-DEA6-4DB7-B14A-B43EE3E8948E}\InProcServer32\,%SystemRoot%\System32\twinui.appcore.dll
ST869VRJ,Classes\CLSID\{27354125-7F64-5B0F-8F00-5D77AFBE261E}\InProcServer32,REG_SZ,,NT AUTHORITY\SYSTEM,HKEY_LOCAL_MACHINE\Software\Classes\CLSID\{27354125-7F64-5B0F-8F00-5D77AFBE261E}\InProcServer32\,C:\Windows\System32\imapi2.dll
ST869VRJ,Classes\CLSID\{0482DDE0-7817-11CF-8A03-00AA006ECB65}\InProcServer32,REG_SZ,,NT AUTHORITY\SYSTEM,HKEY_LOCAL_MACHINE\Software\Classes\CLSID\{0482DDE0-7817-11CF-8A03-00AA006ECB65}\InProcServer32\,C:\Windows\System32\kswdmcap.ax
ST869VRJ,Classes\CLSID\{437ff9c0-a07f-4fa0-af80-84b6c6440a16}\InProcServer32,REG_EXPAND_SZ,,NT AUTHORITY\SYSTEM,HKEY_LOCAL_MACHINE\Software\Classes\CLSID\{437ff9c0-a07f-4fa0-af80-84b6c6440a16}\InProcServer32\,%SystemRoot%\system32\shell32.dll
ST869VRJ,Classes\CLSID\{f8c2ab3b-17bc-41da-9758-339d7dbf2d88}\InProcServer32,REG_EXPAND_SZ,,NT AUTHORITY\SYSTEM,HKEY_LOCAL_MACHINE\Software\Classes\CLSID\{f8c2ab3b-17bc-41da-9758-339d7dbf2d88}\InProcServer32\,%SystemRoot%\system32\twext.dll
ST869VRJ,CurrentControlSet\Services\AcpiPmi\,REG_EXPAND_SZ,ImagePath,NT AUTHORITY\SYSTEM,HKEY_LOCAL_MACHINE\SYSTEM\CurrentControlSet\Services\AcpiPmi\ImagePath,\SystemRoot\System32\drivers\acpipmi.sys
ST869VRJ,CurrentControlSet\Services\PEFService\,REG_EXPAND_SZ,ImagePath,BUILTIN\Administrators,HKEY_LOCAL_MACHINE\SYSTEM\CurrentControlSet\Services\PEFService\ImagePath,"""C:\Program Files\Common Files\McAfee\PEF\CORE\PEFService.exe"""
ST869VRJ,Classes\CLSID\{25336920-03F9-11cf-8FD0-00AA00686F13}\InProcServer32,REG_SZ,,NT AUTHORITY\SYSTEM,HKEY_LOCAL_MACHINE\Software\Classes\CLSID\{25336920-03F9-11cf-8FD0-00AA00686F13}\InProcServer32\,C:\Windows\System32\mshtml.dll
ST869VRJ,Classes\CLSID\{6A08CF80-0E18-11CF-A24D-0020AFD79767}\InProcServer32,REG_SZ,,NT AUTHORITY\SYSTEM,HKEY_LOCAL_MACHINE\Software\Classes\CLSID\{6A08CF80-0E18-11CF-A24D-0020AFD79767}\InProcServer32\,C:\Windows\System32\quartz.dll
ST869VRJ,Wow6432Node\Classes\CLSID\{FC3CD69D-BD08-436F-A284-1641E2236DDA}\InProcServer32,REG_SZ,,NT AUTHORITY\SYSTEM,HKEY_LOCAL_MACHINE\Software\Wow6432Node\Classes\CLSID\{FC3CD69D-BD08-436F-A284-1641E2236DDA}\InProcServer32\,C:\Windows\SysWOW64\Windows.Networking.dll
ST869VRJ,Classes\CLSID\{04731B67-D933-450a-90E6-4ACD2E9408FE}\InProcServer32,REG_EXPAND_SZ,,NT AUTHORITY\SYSTEM,HKEY_LOCAL_MACHINE\Software\Classes\CLSID\{04731B67-D933-450a-90E6-4ACD2E9408FE}\InProcServer32\,%SystemRoot%\system32\SearchFolder.dll
ST869VRJ,Classes\CLSID\{4A1E5ACD-A108-4100-9E26-D2FAFA1BA486}\InProcServer32,REG_EXPAND_SZ,,NT AUTHORITY\SYSTEM,HKEY_LOCAL_MACHINE\Software\Classes\CLSID\{4A1E5ACD-A108-4100-9E26-D2FAFA1BA486}\InProcServer32\,%SystemRoot%\System32\icsigd.dll
ST869VRJ,Classes\CLSID\{8C334A55-DDB9-491c-817E-35A6B85D2ECB}\InProcServer32,REG_EXPAND_SZ,,NT AUTHORITY\SYSTEM,HKEY_LOCAL_MACHINE\Software\Classes\CLSID\{8C334A55-DDB9-491c-817E-35A6B85D2ECB}\InProcServer32\,%SystemRoot%\system32\iassam.dll
ST869VRJ,Classes\CLSID\{90087284-d6d6-11d0-8353-00a0c90640bf}\InProcServer32,REG_EXPAND_SZ,,NT AUTHORITY\SYSTEM,HKEY_LOCAL_MACHINE\Software\Classes\CLSID\{90087284-d6d6-11d0-8353-00a0c90640bf}\InProcServer32\,%SystemRoot%\System32\devmgr.dll
ST869VRJ,Classes\CLSID\{FAC1D9C0-0296-11D1-A840-00A0C92C9D5D}\InProcServer32,REG_EXPAND_SZ,,NT AUTHORITY\SYSTEM,HKEY_LOCAL_MACHINE\Software\Classes\CLSID\{FAC1D9C0-0296-11D1-A840-00A0C92C9D5D}\InProcServer32\,%SystemRoot%\System32\dmdskmgr.dll
ST869VRJ,Classes\CLSID\{90F1A06E-7712-4762-86B5-7A5EBA6BDB01}\InProcServer32,REG_SZ,,NT AUTHORITY\SYSTEM,HKEY_LOCAL_MACHINE\Software\Classes\CLSID\{90F1A06E-7712-4762-86B5-7A5EBA6BDB01}\InProcServer32\,C:\Windows\System32\mscoree.dll
ST869VRJ,CurrentControlSet\Services\usbuhci\,REG_EXPAND_SZ,ImagePath,NT AUTHORITY\SYSTEM,HKEY_LOCAL_MACHINE\SYSTEM\CurrentControlSet\Services\usbuhci\ImagePath,\SystemRoot\System32\drivers\usbuhci.sys
ST869VRJ,Classes\CLSID\{8E8F1601-AE98-3DAC-B48B-EC27C95A481E}\InProcServer32,REG_SZ,,NT AUTHORITY\SYSTEM,HKEY_LOCAL_MACHINE\Software\Classes\CLSID\{8E8F1601-AE98-3DAC-B48B-EC27C95A481E}\InProcServer32\,C:\Windows\System32\mscoree.dll
ST869VRJ,Classes\CLSID\{267cf8a9-f4e3-41e6-95b1-af881be130ff}\InProcServer32,REG_EXPAND_SZ,,NT AUTHORITY\SYSTEM,HKEY_LOCAL_MACHINE\Software\Classes\CLSID\{267cf8a9-f4e3-41e6-95b1-af881be130ff}\InProcServer32\,%SystemRoot%\system32\shell32.dll
ST869VRJ,Classes\CLSID\{0BE9F729-A4E0-4BED-9FB3-85F1858143B7}\InProcServer32,REG_SZ,,NT AUTHORITY\SYSTEM,HKEY_LOCAL_MACHINE\Software\Classes\CLSID\{0BE9F729-A4E0-4BED-9FB3-85F1858143B7}\InProcServer32\,C:\Windows\System32\tsworkspace.dll
ST869VRJ,Classes\CLSID\{81b43e73-e814-4dcd-a7c6-e22e7fe6a029}\InProcServer32,REG_EXPAND_SZ,,NT AUTHORITY\SYSTEM,HKEY_LOCAL_MACHINE\Software\Classes\CLSID\{81b43e73-e814-4dcd-a7c6-e22e7fe6a029}\InProcServer32\,%SystemRoot%\system32\shell32.dll
ST869VRJ,Wow6432Node\Classes\CLSID\{0D0D66EB-CF74-4164-B52F-08344672DD46}\InProcServer32,REG_SZ,,NT AUTHORITY\SYSTEM,HKEY_LOCAL_MACHINE\Software\Wow6432Node\Classes\CLSID\{0D0D66EB-CF74-4164-B52F-08344672DD46}\InProcServer32\,C:\Windows\SysWOW64\fdssdp.dll
ST869VRJ,Classes\CLSID\{0E5CBF21-D15F-11D0-8301-00AA005B4383}\InProcServer32,REG_EXPAND_SZ,,NT AUTHORITY\SYSTEM,HKEY_LOCAL_MACHINE\Software\Classes\CLSID\{0E5CBF21-D15F-11D0-8301-00AA005B4383}\InProcServer32\,%SystemRoot%\system32\shell32.dll
ST869VRJ,Classes\CLSID\{08d5bfbf-fbca-4322-9f70-ca9f66f8ed6a}\InProcServer32,REG_EXPAND_SZ,,NT AUTHORITY\SYSTEM,HKEY_LOCAL_MACHINE\Software\Classes\CLSID\{08d5bfbf-fbca-4322-9f70-ca9f66f8ed6a}\InProcServer32\,%SystemRoot%\system32\shell32.dll
ST869VRJ,CurrentControlSet\Services\mshidkmdf\,REG_EXPAND_SZ,ImagePath,NT AUTHORITY\SYSTEM,HKEY_LOCAL_MACHINE\SYSTEM\CurrentControlSet\Services\mshidkmdf\ImagePath,\SystemRoot\System32\drivers\mshidkmdf.sys
ST869VRJ,Classes\CLSID\{68e52c1c-37cb-41d2-afe1-1e77d5f10676}\InProcServer32,REG_EXPAND_SZ,,NT AUTHORITY\SYSTEM,HKEY_LOCAL_MACHINE\Software\Classes\CLSID\{68e52c1c-37cb-41d2-afe1-1e77d5f10676}\InProcServer32\,%SystemRoot%\system32\shell32.dll
ST869VRJ,Classes\CLSID\{50D42F09-ECD1-4B41-B65D-DA1FDAA75663}\InProcServer32,REG_EXPAND_SZ,,NT AUTHORITY\SYSTEM,HKEY_LOCAL_MACHINE\Software\Classes\CLSID\{50D42F09-ECD1-4B41-B65D-DA1FDAA75663}\InProcServer32\,%SystemRoot%\system32\windowscodecs.dll
ST869VRJ,Classes\CLSID\{7940ACF8-60BA-4213-A7C3-F3B400EE266D}\InProcServer32,REG_SZ,,NT AUTHORITY\SYSTEM,HKEY_LOCAL_MACHINE\Software\Classes\CLSID\{7940ACF8-60BA-4213-A7C3-F3B400EE266D}\InProcServer32\,C:\Windows\System32\tsworkspace.dll
ST869VRJ,Classes\CLSID\{F020E586-5264-11d1-A532-0000F8757D7E}\InProcServer32,REG_EXPAND_SZ,,NT AUTHORITY\SYSTEM,HKEY_LOCAL_MACHINE\Software\Classes\CLSID\{F020E586-5264-11d1-A532-0000F8757D7E}\InProcServer32\,%SystemRoot%\system32\dsquery.dll
ST869VRJ,Classes\CLSID\{D7C3453E-1F1C-48CD-AFE6-CFF2A937D337}\InProcServer32,REG_SZ,,NT AUTHORITY\SYSTEM,HKEY_LOCAL_MACHINE\Software\Classes\CLSID\{D7C3453E-1F1C-48CD-AFE6-CFF2A937D337}\InProcServer32\,C:\Windows\system32\wbem\RacWmiProv.dll
ST869VRJ,Classes\CLSID\{EE5799D0-070A-49EE-8476-6A02E46E9FDD}\InProcServer32,REG_EXPAND_SZ,,NT AUTHORITY\SYSTEM,HKEY_LOCAL_MACHINE\Software\Classes\CLSID\{EE5799D0-070A-49EE-8476-6A02E46E9FDD}\InProcServer32\,%SystemRoot%\System32\oobe\msoobedui.dll
ST869VRJ,Classes\CLSID\{A8DFB9A0-8A20-479F-B538-9387C5EEBA2B}\InProcServer32,REG_SZ,,NT AUTHORITY\SYSTEM,HKEY_LOCAL_MACHINE\Software\Classes\CLSID\{A8DFB9A0-8A20-479F-B538-9387C5EEBA2B}\InProcServer32\,C:\Windows\System32\quartz.dll
ST869VRJ,Microsoft\Windows NT\CurrentVersion\Image File Execution Options\iexplore.exe\,REG_DWORD,DisableUserModeCallbackFilter,NT AUTHORITY\SYSTEM,HKEY_LOCAL_MACHINE\Software\Microsoft\Windows NT\CurrentVersion\Image File Execution Options\iexplore.exe\DisableUserModeCallbackFilter,1
ST869VRJ,Classes\CLSID\{D36D2090-4DF3-4bd4-A22F-0D91975F7964}\InProcServer32,REG_EXPAND_SZ,,NT AUTHORITY\SYSTEM,HKEY_LOCAL_MACHINE\Software\Classes\CLSID\{D36D2090-4DF3-4bd4-A22F-0D91975F7964}\InProcServer32\,%SystemRoot%\System32\Speech\Common\sapi.dll
ST869VRJ,Classes\CLSID\{590AB12E-F706-4BA8-9D08-A1EEC69A687D}\InProcServer32,REG_SZ,,BUILTIN\Administrators,HKEY_LOCAL_MACHINE\Software\Classes\CLSID\{590AB12E-F706-4BA8-9D08-A1EEC69A687D}\InProcServer32\,c:\PROGRA~1\COMMON~1\mcafee\platform\core\mccoreps.dll
ST869VRJ,Wow6432Node\Microsoft\Windows NT\CurrentVersion\Drivers32\,REG_SZ,msacm.msadpcm,NT AUTHORITY\SYSTEM,HKEY_LOCAL_MACHINE\Software\Wow6432Node\Microsoft\Windows NT\CurrentVersion\Drivers32\msacm.msadpcm,msadp32.acm
ST869VRJ,Classes\CLSID\{7df2cfcd-6c09-415a-ae9d-5263f4964cbb}\InProcServer32,REG_EXPAND_SZ,,NT AUTHORITY\SYSTEM,HKEY_LOCAL_MACHINE\Software\Classes\CLSID\{7df2cfcd-6c09-415a-ae9d-5263f4964cbb}\InProcServer32\,%SystemRoot%\system32\shell32.dll
ST869VRJ,Classes\CLSID\{27354124-7F64-5B0F-8F00-5D77AFBE261E}\InProcServer32,REG_SZ,,NT AUTHORITY\SYSTEM,HKEY_LOCAL_MACHINE\Software\Classes\CLSID\{27354124-7F64-5B0F-8F00-5D77AFBE261E}\InProcServer32\,C:\Windows\System32\imapi2.dll
ST869VRJ,Classes\CLSID\{12518493-00B2-11d2-9FA5-9E3420524153}\InProcServer32,REG_EXPAND_SZ,,NT AUTHORITY\SYSTEM,HKEY_LOCAL_MACHINE\Software\Classes\CLSID\{12518493-00B2-11d2-9FA5-9E3420524153}\InProcServer32\,%SystemRoot%\system32\shell32.dll
ST869VRJ,Classes\CLSID\{40B66661-4972-11D1-A7CA-0000F87571E3}\InProcServer32,REG_EXPAND_SZ,,NT AUTHORITY\SYSTEM,HKEY_LOCAL_MACHINE\Software\Classes\CLSID\{40B66661-4972-11D1-A7CA-0000F87571E3}\InProcServer32\,%SystemRoot%\System32\scrptadm.dll
ST869VRJ,Classes\CLSID\{F562A2C8-E850-4F05-8E7A-E7192E4E6C23}\InProcServer32,REG_EXPAND_SZ,,NT AUTHORITY\SYSTEM,HKEY_LOCAL_MACHINE\Software\Classes\CLSID\{F562A2C8-E850-4F05-8E7A-E7192E4E6C23}\InProcServer32\,%SystemRoot%\system32\propsys.dll
ST869VRJ,Classes\CLSID\{8E989135-2736-4767-8160-EA3613F69D24}\InProcServer32,REG_SZ,,NT AUTHORITY\SYSTEM,HKEY_LOCAL_MACHINE\Software\Classes\CLSID\{8E989135-2736-4767-8160-EA3613F69D24}\InProcServer32\,C:\Windows\System32\ieframe.dll
ST869VRJ,Classes\CLSID\{01575CFE-9A55-4003-A5E1-F38D1EBDCBE1}\InProcServer32,REG_EXPAND_SZ,,NT AUTHORITY\SYSTEM,HKEY_LOCAL_MACHINE\Software\Classes\CLSID\{01575CFE-9A55-4003-A5E1-F38D1EBDCBE1}\InProcServer32\,%SystemRoot%\system32\MsCtfMonitor.dll
ST869VRJ,Classes\CLSID\{0BE35203-8F91-11CE-9DE3-00AA004BB851}\InProcServer32,REG_SZ,,NT AUTHORITY\SYSTEM,HKEY_LOCAL_MACHINE\Software\Classes\CLSID\{0BE35203-8F91-11CE-9DE3-00AA004BB851}\InProcServer32\,C:\Windows\System32\oleaut32.dll
ST869VRJ,Classes\CLSID\{96709adb-52b9-4735-8534-3a8b32631432}\InProcServer32,REG_SZ,,NT AUTHORITY\SYSTEM,HKEY_LOCAL_MACHINE\Software\Classes\CLSID\{96709adb-52b9-4735-8534-3a8b32631432}\InProcServer32\,C:\Windows\System32\CertEnroll.dll
ST869VRJ,Classes\CLSID\{E6CF50BC-485D-41DE-A703-14D3E95C0146}\InProcServer32,REG_EXPAND_SZ,,BUILTIN\Administrators,HKEY_LOCAL_MACHINE\Software\Classes\CLSID\{E6CF50BC-485D-41DE-A703-14D3E95C0146}\InProcServer32\,"""C:\Program Files\McAfee\MfeAV\AMSIExt.dll"""
ST869VRJ,Classes\CLSID\{CF3D2E50-53F2-11D2-960C-00C04F8EE628}\InProcServer32,REG_EXPAND_SZ,,NT AUTHORITY\SYSTEM,HKEY_LOCAL_MACHINE\Software\Classes\CLSID\{CF3D2E50-53F2-11D2-960C-00C04F8EE628}\InProcServer32\,%SystemRoot%\System32\Speech\Common\sapi.dll
ST869VRJ,Classes\CLSID\{F324E4F9-8496-40b2-A1FF-9617C1C9AFFE}\InProcServer32,REG_SZ,,NT AUTHORITY\SYSTEM,HKEY_LOCAL_MACHINE\Software\Classes\CLSID\{F324E4F9-8496-40b2-A1FF-9617C1C9AFFE}\InProcServer32\,C:\Windows\System32\shell32.dll
ST869VRJ,Classes\CLSID\{C228A457-53F5-4a76-8035-DF2DA33E76C8}\InProcServer32,REG_EXPAND_SZ,,NT AUTHORITY\SYSTEM,HKEY_LOCAL_MACHINE\Software\Classes\CLSID\{C228A457-53F5-4a76-8035-DF2DA33E76C8}\InProcServer32\,%SystemRoot%\system32\DxpTaskSync.dll
ST869VRJ,Classes\CLSID\{D451359E-D6F4-45BB-8A05-271E8A98C740}\InProcServer32,REG_EXPAND_SZ,,NT AUTHORITY\SYSTEM,HKEY_LOCAL_MACHINE\Software\Classes\CLSID\{D451359E-D6F4-45BB-8A05-271E8A98C740}\InProcServer32\,%SystemRoot%\System32\explorerframe.dll
ST869VRJ,Classes\CLSID\{E13EF4E4-D2F2-11d0-9816-00C04FD91972}\InProcServer32,REG_EXPAND_SZ,,NT AUTHORITY\SYSTEM,HKEY_LOCAL_MACHINE\Software\Classes\CLSID\{E13EF4E4-D2F2-11d0-9816-00C04FD91972}\InProcServer32\,%SystemRoot%\system32\shell32.dll
ST869VRJ,Classes\CLSID\{02A3586C-D264-40BF-97F7-FE40F7E3A882}\InProcServer32,REG_EXPAND_SZ,,NT AUTHORITY\SYSTEM,HKEY_LOCAL_MACHINE\Software\Classes\CLSID\{02A3586C-D264-40BF-97F7-FE40F7E3A882}\InProcServer32\,%SystemRoot%\System32\vdsdyn.dll
ST869VRJ,CurrentControlSet\Services\LanmanWorkstation\NetworkProvider\,REG_EXPAND_SZ,ProviderPath,NT AUTHORITY\SYSTEM,HKEY_LOCAL_MACHINE\SYSTEM\CurrentControlSet\Services\LanmanWorkstation\NetworkProvider\ProviderPath,%SystemRoot%\System32\ntlanman.dll
ST869VRJ,Wow6432Node\Microsoft\Windows NT\CurrentVersion\Drivers32\,REG_SZ,vidc.i420,NT AUTHORITY\SYSTEM,HKEY_LOCAL_MACHINE\Software\Wow6432Node\Microsoft\Windows NT\CurrentVersion\Drivers32\vidc.i420,iyuv_32.dll
ST869VRJ,Classes\CLSID\{DAFD8210-5711-4B91-9FE3-F75B7AE279BF}\InProcServer32,REG_EXPAND_SZ,,NT AUTHORITY\SYSTEM,HKEY_LOCAL_MACHINE\Software\Classes\CLSID\{DAFD8210-5711-4B91-9FE3-F75B7AE279BF}\InProcServer32\,%SystemRoot%\System32\dsdmo.dll
ST869VRJ,Classes\CLSID\{cf4270f5-2e43-4468-83b3-a8c45bb33ea1}\InProcServer32,REG_SZ,,NT AUTHORITY\SYSTEM,HKEY_LOCAL_MACHINE\Software\Classes\CLSID\{cf4270f5-2e43-4468-83b3-a8c45bb33ea1}\InProcServer32\,C:\Windows\System32\pstask.dll
ST869VRJ,Classes\CLSID\{E444E1B9-502C-44f9-B714-30DA330D0E8E}\InProcServer32,REG_SZ,,NT AUTHORITY\SYSTEM,HKEY_LOCAL_MACHINE\Software\Classes\CLSID\{E444E1B9-502C-44f9-B714-30DA330D0E8E}\InProcServer32\,C:\Windows\System32\tsworkspace.dll
ST869VRJ,Classes\CLSID\{68b07bff-cb50-4d60-a7d5-02b1a523bc8c}\InProcServer32,REG_EXPAND_SZ,,NT AUTHORITY\SYSTEM,HKEY_LOCAL_MACHINE\Software\Classes\CLSID\{68b07bff-cb50-4d60-a7d5-02b1a523bc8c}\InProcServer32\,%SystemRoot%\System32\shell32.dll
ST869VRJ,Classes\CLSID\{06290BD1-48AA-11D2-8432-006008C3FBFC}\InProcServer32,REG_SZ,,NT AUTHORITY\SYSTEM,HKEY_LOCAL_MACHINE\Software\Classes\CLSID\{06290BD1-48AA-11D2-8432-006008C3FBFC}\InProcServer32\,C:\Windows\System32\scrobj.dll
ST869VRJ,Classes\CLSID\{E25E57E9-DA9C-4A35-A0D8-CFB5EA6AF7E6}\InProcServer32,REG_EXPAND_SZ,,NT AUTHORITY\SYSTEM,HKEY_LOCAL_MACHINE\Software\Classes\CLSID\{E25E57E9-DA9C-4A35-A0D8-CFB5EA6AF7E6}\InProcServer32\,%SystemRoot%\system32\AuditNativeSnapIn.dll
ST869VRJ,Classes\CLSID\{00020420-0000-0000-C000-000000000046}\InProcServer32,REG_SZ,,NT AUTHORITY\SYSTEM,HKEY_LOCAL_MACHINE\Software\Classes\CLSID\{00020420-0000-0000-C000-000000000046}\InProcServer32\,C:\Windows\System32\oleaut32.dll
ST869VRJ,Classes\CLSID\{5a4b3263-4381-4499-bf2f-c98d168e3ee2}\InProcServer32,REG_SZ,,NT AUTHORITY\SYSTEM,HKEY_LOCAL_MACHINE\Software\Classes\CLSID\{5a4b3263-4381-4499-bf2f-c98d168e3ee2}\InProcServer32\,C:\Windows\System32\IME\IMEJP\imjpdapi.dll
ST869VRJ,Classes\CLSID\{56EA1054-1959-467f-BE3B-A2A787C4B6EA}\InProcServer32,REG_EXPAND_SZ,,NT AUTHORITY\SYSTEM,HKEY_LOCAL_MACHINE\Software\Classes\CLSID\{56EA1054-1959-467f-BE3B-A2A787C4B6EA}\InProcServer32\,%SystemRoot%\System32\shacct.dll
ST869VRJ,Classes\CLSID\{A0A5A274-A190-4A81-997B-9593D6F6D462}\InProcServer32,REG_EXPAND_SZ,,NT AUTHORITY\SYSTEM,HKEY_LOCAL_MACHINE\Software\Classes\CLSID\{A0A5A274-A190-4A81-997B-9593D6F6D462}\InProcServer32\,%SystemRoot%\System32\NaturalLanguage6.dll
ST869VRJ,Classes\CLSID\{F6D90F12-9C73-11D3-B32E-00C04F990BB4}\InProcServer32,REG_EXPAND_SZ,,NT AUTHORITY\SYSTEM,HKEY_LOCAL_MACHINE\Software\Classes\CLSID\{F6D90F12-9C73-11D3-B32E-00C04F990BB4}\InProcServer32\,%SystemRoot%\System32\msxml3.dll
ST869VRJ,Classes\CLSID\{1372A97E-2034-41ee-A6C1-1B68FAFA75A1}\InProcServer32,REG_SZ,,NT AUTHORITY\SYSTEM,HKEY_LOCAL_MACHINE\Software\Classes\CLSID\{1372A97E-2034-41ee-A6C1-1B68FAFA75A1}\InProcServer32\,C:\Windows\System32\inetcomm.dll
ST869VRJ,Classes\CLSID\{22B6E688-B3A5-44FC-B0CE-69F20653CD61}\InProcServer32,REG_SZ,,NT AUTHORITY\SYSTEM,HKEY_LOCAL_MACHINE\Software\Classes\CLSID\{22B6E688-B3A5-44FC-B0CE-69F20653CD61}\InProcServer32\,C:\Windows\System32\tsworkspace.dll
ST869VRJ,Classes\CLSID\{136E0057-D7ED-4B85-9F62-1318CFE1573B}\InProcServer32,REG_EXPAND_SZ,,NT AUTHORITY\SYSTEM,HKEY_LOCAL_MACHINE\Software\Classes\CLSID\{136E0057-D7ED-4B85-9F62-1318CFE1573B}\InProcServer32\,%SystemRoot%\System32\NaturalLanguage6.dll
ST869VRJ,Classes\CLSID\{F6D90F16-9C73-11D3-B32E-00C04F990BB4}\InProcServer32,REG_EXPAND_SZ,,NT AUTHORITY\SYSTEM,HKEY_LOCAL_MACHINE\Software\Classes\CLSID\{F6D90F16-9C73-11D3-B32E-00C04F990BB4}\InProcServer32\,%SystemRoot%\System32\msxml3.dll
ST869VRJ,Classes\CLSID\{022BA4BE-26C9-495B-8829-1CDD5946720C}\InProcServer32,REG_SZ,,NT AUTHORITY\SYSTEM,HKEY_LOCAL_MACHINE\Software\Classes\CLSID\{022BA4BE-26C9-495B-8829-1CDD5946720C}\InProcServer32\,C:\Windows\System32\DeviceElementSource.dll
ST869VRJ,Classes\CLSID\{B81FF171-20F3-11d2-8DCC-00A0C9B00525}\InProcServer32,REG_SZ,,NT AUTHORITY\SYSTEM,HKEY_LOCAL_MACHINE\Software\Classes\CLSID\{B81FF171-20F3-11d2-8DCC-00A0C9B00525}\InProcServer32\,C:\Windows\System32\mscoree.dll
ST869VRJ,Classes\CLSID\{CC785860-B2CA-11CE-8D2B-0000E202599C}\InProcServer32,REG_SZ,,NT AUTHORITY\SYSTEM,HKEY_LOCAL_MACHINE\Software\Classes\CLSID\{CC785860-B2CA-11CE-8D2B-0000E202599C}\InProcServer32\,C:\Windows\System32\quartz.dll
ST869VRJ,Wow6432Node\Classes\CLSID\{420F0000-71EB-4757-B979-418F039FC1F9}\InProcServer32,REG_SZ,,BUILTIN\Administrators,HKEY_LOCAL_MACHINE\Software\Wow6432Node\Classes\CLSID\{420F0000-71EB-4757-B979-418F039FC1F9}\InProcServer32\,C:\Program Files (x86)\VMware\VMware Player\elevated.dll
ST869VRJ,CurrentControlSet\Services\Browser\Parameters\,REG_EXPAND_SZ,ServiceDll,NT AUTHORITY\SYSTEM,HKEY_LOCAL_MACHINE\SYSTEM\CurrentControlSet\Services\Browser\Parameters\ServiceDll,%SystemRoot%\System32\browser.dll
ST869VRJ,Classes\CLSID\{7658F2A2-0A83-11d2-A484-00C04F8EFB69}\InProcServer32,REG_SZ,,NT AUTHORITY\SYSTEM,HKEY_LOCAL_MACHINE\Software\Classes\CLSID\{7658F2A2-0A83-11d2-A484-00C04F8EFB69}\InProcServer32\,C:\Windows\System32\Dxtmsft.dll
ST869VRJ,Wow6432Node\Classes\CLSID\{00B01B2E-B1FE-33A6-AD40-57DE8358DC7D}\InProcServer32,REG_SZ,,NT AUTHORITY\SYSTEM,HKEY_LOCAL_MACHINE\Software\Wow6432Node\Classes\CLSID\{00B01B2E-B1FE-33A6-AD40-57DE8358DC7D}\InProcServer32\,C:\Windows\SysWOW64\mscoree.dll
ST869VRJ,Classes\CLSID\{382AC1B5-9C16-4CCD-9D00-D5053977B8D6}\InProcServer32,REG_EXPAND_SZ,,NT AUTHORITY\SYSTEM,HKEY_LOCAL_MACHINE\Software\Classes\CLSID\{382AC1B5-9C16-4CCD-9D00-D5053977B8D6}\InProcServer32\,%SystemRoot%\system32\sysmain.dll
ST869VRJ,Classes\CLSID\{3E669F1D-9C23-11d1-9053-00C04FD9189D}\InProcServer32,REG_SZ,,NT AUTHORITY\SYSTEM,HKEY_LOCAL_MACHINE\Software\Classes\CLSID\{3E669F1D-9C23-11d1-9053-00C04FD9189D}\InProcServer32\,C:\Windows\System32\Dxtrans.dll
ST869VRJ,Classes\CLSID\{693C76B7-39CA-4EF7-9D38-0DA4F54D3240}\InProcServer32,REG_SZ,,NT AUTHORITY\SYSTEM,HKEY_LOCAL_MACHINE\Software\Classes\CLSID\{693C76B7-39CA-4EF7-9D38-0DA4F54D3240}\InProcServer32\,C:\Windows\System32\ActiveSockets.dll
ST869VRJ,Classes\CLSID\{120CED89-3BF4-4173-A132-3CB406CF3231}\InProcServer32,REG_EXPAND_SZ,,NT AUTHORITY\SYSTEM,HKEY_LOCAL_MACHINE\Software\Classes\CLSID\{120CED89-3BF4-4173-A132-3CB406CF3231}\InProcServer32\,%SystemRoot%\System32\dsdmo.dll
ST869VRJ,Classes\CLSID\{db6efb73-5153-43b7-8078-c6ffc4c0238c}\InProcServer32,REG_EXPAND_SZ,,NT AUTHORITY\SYSTEM,HKEY_LOCAL_MACHINE\Software\Classes\CLSID\{db6efb73-5153-43b7-8078-c6ffc4c0238c}\InProcServer32\,%SystemRoot%\system32\SearchFolder.dll
ST869VRJ,Classes\CLSID\{3080F90D-D7AD-11D9-BD98-0000947B0257}\InProcServer32,REG_EXPAND_SZ,,NT AUTHORITY\SYSTEM,HKEY_LOCAL_MACHINE\Software\Classes\CLSID\{3080F90D-D7AD-11D9-BD98-0000947B0257}\InProcServer32\,%SystemRoot%\System32\shell32.dll
ST869VRJ,Wow6432Node\Classes\CLSID\{F74B1266-FF39-4B62-8B6B-29C09920852C}\InProcServer32,REG_EXPAND_SZ,,NT AUTHORITY\SYSTEM,HKEY_LOCAL_MACHINE\Software\Wow6432Node\Classes\CLSID\{F74B1266-FF39-4B62-8B6B-29C09920852C}\InProcServer32\,C:\Windows\SysWOW64\ieetwproxystub.dll
ST869VRJ,Classes\CLSID\{CD000010-8B95-11D1-82DB-00C04FB1625D}\InProcServer32,REG_SZ,,NT AUTHORITY\SYSTEM,HKEY_LOCAL_MACHINE\Software\Classes\CLSID\{CD000010-8B95-11D1-82DB-00C04FB1625D}\InProcServer32\,C:\Windows\System32\cdosys.dll
ST869VRJ,Classes\CLSID\{ecabb0a8-7f19-11d2-978e-0000f8757e2a}\InProcServer32,REG_SZ,,NT AUTHORITY\SYSTEM,HKEY_LOCAL_MACHINE\Software\Classes\CLSID\{ecabb0a8-7f19-11d2-978e-0000f8757e2a}\InProcServer32\,C:\Windows\System32\comsvcs.dll
ST869VRJ,Classes\CLSID\{927ea2af-1c54-43d5-825e-0074ce028eee}\InProcServer32,REG_EXPAND_SZ,,NT AUTHORITY\SYSTEM,HKEY_LOCAL_MACHINE\Software\Classes\CLSID\{927ea2af-1c54-43d5-825e-0074ce028eee}\InProcServer32\,%SystemRoot%\System32\energytask.dll
ST869VRJ,Wow6432Node\Classes\CLSID\{2A038320-5727-4FDC-B703-1EC222C6911F}\InProcServer32,REG_SZ,,NT AUTHORITY\SYSTEM,HKEY_LOCAL_MACHINE\Software\Wow6432Node\Classes\CLSID\{2A038320-5727-4FDC-B703-1EC222C6911F}\InProcServer32\,C:\Windows\SysWOW64\Windows.Devices.HumanInterfaceDevice.dll
ST869VRJ,Classes\CLSID\{0CF32AA1-7571-11D0-93C4-00AA00A3DDEA}\InProcServer32,REG_EXPAND_SZ,,NT AUTHORITY\SYSTEM,HKEY_LOCAL_MACHINE\Software\Classes\CLSID\{0CF32AA1-7571-11D0-93C4-00AA00A3DDEA}\InProcServer32\,%SystemRoot%\System32\sysmon.ocx
ST869VRJ,Classes\CLSID\{00020000-0000-0000-C000-000000000046}\InProcServer32,REG_EXPAND_SZ,,NT AUTHORITY\SYSTEM,HKEY_LOCAL_MACHINE\Software\Classes\CLSID\{00020000-0000-0000-C000-000000000046}\InProcServer32\,C:\Windows\System32\avifil32.dll
ST869VRJ,Classes\CLSID\{5BAF654A-5A07-4264-A255-9FF54C7151E7}\InProcServer32,REG_SZ,,NT AUTHORITY\SYSTEM,HKEY_LOCAL_MACHINE\Software\Classes\CLSID\{5BAF654A-5A07-4264-A255-9FF54C7151E7}\InProcServer32\,C:\Windows\System32\wuapi.dll
ST869VRJ,Classes\CLSID\{4F23C296-F56E-45AF-904D-D245BF750759}\InProcServer32,REG_EXPAND_SZ,,NT AUTHORITY\SYSTEM,HKEY_LOCAL_MACHINE\Software\Classes\CLSID\{4F23C296-F56E-45AF-904D-D245BF750759}\InProcServer32\,%SystemRoot%\System32\explorerframe.dll
ST869VRJ,Classes\CLSID\{0D23F8B4-F2A6-3EFF-9D37-BDF79AC6B440}\InProcServer32,REG_SZ,,NT AUTHORITY\SYSTEM,HKEY_LOCAL_MACHINE\Software\Classes\CLSID\{0D23F8B4-F2A6-3EFF-9D37-BDF79AC6B440}\InProcServer32\,C:\Windows\System32\mscoree.dll
ST869VRJ,Classes\CLSID\{B05DABD9-56E5-4FDC-AFA4-8A47E91F1C9C}\InProcServer32,REG_SZ,,NT AUTHORITY\SYSTEM,HKEY_LOCAL_MACHINE\Software\Classes\CLSID\{B05DABD9-56E5-4FDC-AFA4-8A47E91F1C9C}\InProcServer32\,C:\Windows\System32\encapi.dll
ST869VRJ,Classes\CLSID\{3EBBDA08-0E3A-46ff-B8DE-DDC1FB3B2BB7}\InProcServer32,REG_EXPAND_SZ,,NT AUTHORITY\SYSTEM,HKEY_LOCAL_MACHINE\Software\Classes\CLSID\{3EBBDA08-0E3A-46ff-B8DE-DDC1FB3B2BB7}\InProcServer32\,%SystemRoot%\System32\twinui.dll
ST869VRJ,Classes\CLSID\{FCE59DA7-7BAC-40DA-8D21-3E7311BA51CD}\InProcServer32,REG_EXPAND_SZ,,NT AUTHORITY\SYSTEM,HKEY_LOCAL_MACHINE\Software\Classes\CLSID\{FCE59DA7-7BAC-40DA-8D21-3E7311BA51CD}\InProcServer32\,%SystemRoot%\System32\fssprov.dll
ST869VRJ,Classes\CLSID\{79eac9e5-baf9-11ce-8c82-00aa004ba90b}\InProcServer32,REG_SZ,,NT AUTHORITY\SYSTEM,HKEY_LOCAL_MACHINE\Software\Classes\CLSID\{79eac9e5-baf9-11ce-8c82-00aa004ba90b}\InProcServer32\,C:\Windows\System32\urlmon.dll
ST869VRJ,Classes\CLSID\{3FECE929-9E54-42D2-A598-82A7C6D7B511}\InProcServer32,REG_EXPAND_SZ,,NT AUTHORITY\SYSTEM,HKEY_LOCAL_MACHINE\Software\Classes\CLSID\{3FECE929-9E54-42D2-A598-82A7C6D7B511}\InProcServer32\,%SystemRoot%\System32\twinui.dll
ST869VRJ,Classes\CLSID\{c73f6f30-97a0-4ad1-a08f-540d4e9bc7b9}\InProcServer32,REG_EXPAND_SZ,,NT AUTHORITY\SYSTEM,HKEY_LOCAL_MACHINE\Software\Classes\CLSID\{c73f6f30-97a0-4ad1-a08f-540d4e9bc7b9}\InProcServer32\,%SystemRoot%\System32\shdocvw.dll
ST869VRJ,Classes\CLSID\{03837511-098B-11D8-9414-505054503030}\InProcServer32,REG_EXPAND_SZ,,NT AUTHORITY\SYSTEM,HKEY_LOCAL_MACHINE\Software\Classes\CLSID\{03837511-098B-11D8-9414-505054503030}\InProcServer32\,%SystemRoot%\System32\pla.dll
ST869VRJ,Classes\CLSID\{b66d6057-5f10-403c-87a5-88dae2813806}\InProcServer32,REG_EXPAND_SZ,,NT AUTHORITY\SYSTEM,HKEY_LOCAL_MACHINE\Software\Classes\CLSID\{b66d6057-5f10-403c-87a5-88dae2813806}\InProcServer32\,%SystemRoot%\System32\wpninprc.dll
ST869VRJ,Classes\CLSID\{9D745ED8-C514-4D1D-BF42-751FED2D5AC7}\InProcServer32,REG_SZ,,NT AUTHORITY\SYSTEM,HKEY_LOCAL_MACHINE\Software\Classes\CLSID\{9D745ED8-C514-4D1D-BF42-751FED2D5AC7}\InProcServer32\,C:\Windows\System32\FirewallAPI.dll
ST869VRJ,Classes\CLSID\{C03E8552-781E-49a1-8190-CE902D0B2CE7}\InProcServer32,REG_EXPAND_SZ,,NT AUTHORITY\SYSTEM,HKEY_LOCAL_MACHINE\Software\Classes\CLSID\{C03E8552-781E-49a1-8190-CE902D0B2CE7}\InProcServer32\,%SystemRoot%\system32\rasgcw.dll
ST869VRJ,Classes\CLSID\{E37E2028-CE1A-4f42-AF05-6CEABC4E5D75}\InProcServer32,REG_SZ,,NT AUTHORITY\SYSTEM,HKEY_LOCAL_MACHINE\Software\Classes\CLSID\{E37E2028-CE1A-4f42-AF05-6CEABC4E5D75}\InProcServer32\,C:\Windows\System32\dfshim.dll
ST869VRJ,Classes\CLSID\{5D02926A-212E-11D0-9DF9-00A0C922E6EC}\InProcServer32,REG_SZ,,NT AUTHORITY\SYSTEM,HKEY_LOCAL_MACHINE\Software\Classes\CLSID\{5D02926A-212E-11D0-9DF9-00A0C922E6EC}\InProcServer32\,C:\Windows\System32\itss.dll
ST869VRJ,Classes\CLSID\{C4457F51-993A-4b98-A19B-EC2B4F0DA087}\InProcServer32,REG_EXPAND_SZ,,NT AUTHORITY\SYSTEM,HKEY_LOCAL_MACHINE\Software\Classes\CLSID\{C4457F51-993A-4b98-A19B-EC2B4F0DA087}\InProcServer32\,%SystemRoot%\system32\SrpUxNativeSnapIn.dll
ST869VRJ,Classes\CLSID\{F90B5F36-367B-402A-9DD1-BC0FD59D8F62}\InProcServer32,REG_EXPAND_SZ,,NT AUTHORITY\SYSTEM,HKEY_LOCAL_MACHINE\Software\Classes\CLSID\{F90B5F36-367B-402A-9DD1-BC0FD59D8F62}\InProcServer32\,%SystemRoot%\system32\windowscodecs.dll
ST869VRJ,Microsoft\Active Setup\Installed Components\{A509B1A7-37EF-4b3f-8CFC-4F3A74704073}\,REG_SZ,StubPath,NT AUTHORITY\SYSTEM,HKEY_LOCAL_MACHINE\SOFTWARE\Microsoft\Active Setup\Installed Components\{A509B1A7-37EF-4b3f-8CFC-4F3A74704073}\StubPath,"""C:\Windows\System32\rundll32.exe"" ""C:\Windows\System32\iesetup.dll"" IEHardenAdmin"
ST869VRJ,Wow6432Node\Classes\CLSID\{12DA6D0B-021F-4d79-8794-64145F503CA5}\InProcServer32,REG_SZ,,NT AUTHORITY\SYSTEM,HKEY_LOCAL_MACHINE\Software\Wow6432Node\Classes\CLSID\{12DA6D0B-021F-4d79-8794-64145F503CA5}\InProcServer32\,C:\Windows\SysWOW64\eapqec.dll
ST869VRJ,Classes\CLSID\{88C6C381-2E85-11D0-94DE-444553540000}\InProcServer32,REG_SZ,,NT AUTHORITY\SYSTEM,HKEY_LOCAL_MACHINE\Software\Classes\CLSID\{88C6C381-2E85-11D0-94DE-444553540000}\InProcServer32\,C:\Windows\System32\occache.dll
ST869VRJ,Classes\CLSID\{266C72D4-62E8-11D1-AD89-00C04FD8FDFF}\InProcServer32,REG_EXPAND_SZ,,NT AUTHORITY\SYSTEM,HKEY_LOCAL_MACHINE\Software\Classes\CLSID\{266C72D4-62E8-11D1-AD89-00C04FD8FDFF}\InProcServer32\,%SystemRoot%\system32\wbem\wbemcons.dll
ST869VRJ,Classes\CLSID\{4662DAA5-D393-11D0-9A56-00C04FB68BF7}\InProcServer32,REG_SZ,,NT AUTHORITY\SYSTEM,HKEY_LOCAL_MACHINE\Software\Classes\CLSID\{4662DAA5-D393-11D0-9A56-00C04FB68BF7}\InProcServer32\,C:\Windows\System32\itircl.dll
ST869VRJ,Classes\CLSID\{9d0f8731-12bb-42da-9a27-2f97b8c99998}\InProcServer32,REG_SZ,,BUILTIN\Administrators,HKEY_LOCAL_MACHINE\Software\Classes\CLSID\{9d0f8731-12bb-42da-9a27-2f97b8c99998}\InProcServer32\,C:\PROGRA~1\McAfee\MfeAV\mvslog.dll
ST869VRJ,Classes\CLSID\{099EB73C-FF12-45C5-BF64-F0277733A6E2}\InProcServer32,REG_SZ,,NT AUTHORITY\SYSTEM,HKEY_LOCAL_MACHINE\Software\Classes\CLSID\{099EB73C-FF12-45C5-BF64-F0277733A6E2}\InProcServer32\,C:\Windows\System32\OneDriveSettingSyncProvider.dll
ST869VRJ,CurrentControlSet\Services\VMware NAT Service\,REG_EXPAND_SZ,ImagePath,BUILTIN\Administrators,HKEY_LOCAL_MACHINE\SYSTEM\CurrentControlSet\Services\VMware NAT Service\ImagePath,C:\WINDOWS\SysWOW64\vmnat.exe
ST869VRJ,Classes\CLSID\{9D0EAB8C-8EF4-4020-B867-2B1E04E4B8E5}\InProcServer32,REG_EXPAND_SZ,,NT AUTHORITY\SYSTEM,HKEY_LOCAL_MACHINE\Software\Classes\CLSID\{9D0EAB8C-8EF4-4020-B867-2B1E04E4B8E5}\InProcServer32\,%SystemRoot%\System32\NaturalLanguage6.dll
ST869VRJ,Classes\CLSID\{77CA5A75-1D99-4E2A-8D16-D2D7D00E9A9B}\InProcServer32,REG_SZ,,NT AUTHORITY\SYSTEM,HKEY_LOCAL_MACHINE\Software\Classes\CLSID\{77CA5A75-1D99-4E2A-8D16-D2D7D00E9A9B}\InProcServer32\,C:\Windows\System32\DevicePairing.dll
ST869VRJ,Classes\CLSID\{E822F35C-DDC2-3FB2-9768-A2AEBCED7C40}\InProcServer32,REG_SZ,,NT AUTHORITY\SYSTEM,HKEY_LOCAL_MACHINE\Software\Classes\CLSID\{E822F35C-DDC2-3FB2-9768-A2AEBCED7C40}\InProcServer32\,C:\Windows\System32\mscoree.dll
ST869VRJ,Wow6432Node\Classes\CLSID\{093FF999-1EA0-4079-9525-9614C3504B74}\InProcServer32,REG_SZ,,NT AUTHORITY\SYSTEM,HKEY_LOCAL_MACHINE\Software\Wow6432Node\Classes\CLSID\{093FF999-1EA0-4079-9525-9614C3504B74}\InProcServer32\,C:\Windows\SysWOW64\wshom.ocx
ST869VRJ,Classes\CLSID\{07398dcf-2e0b-4ece-99dd-56b262db948b}\InProcServer32,REG_EXPAND_SZ,,NT AUTHORITY\SYSTEM,HKEY_LOCAL_MACHINE\Software\Classes\CLSID\{07398dcf-2e0b-4ece-99dd-56b262db948b}\InProcServer32\,%SystemRoot%\system32\SearchFolder.dll
ST869VRJ,Classes\CLSID\{46763EE0-CAB2-11CE-8C20-00AA0051E5D4}\InProcServer32,REG_SZ,,NT AUTHORITY\SYSTEM,HKEY_LOCAL_MACHINE\Software\Classes\CLSID\{46763EE0-CAB2-11CE-8C20-00AA0051E5D4}\InProcServer32\,C:\Windows\System32\oleaut32.dll
ST869VRJ,Classes\CLSID\{0BA2A2AC-A4D5-38CB-AD03-A0D5B6EC4646}\InProcServer32,REG_SZ,,NT AUTHORITY\SYSTEM,HKEY_LOCAL_MACHINE\Software\Classes\CLSID\{0BA2A2AC-A4D5-38CB-AD03-A0D5B6EC4646}\InProcServer32\,C:\Windows\System32\mscoree.dll
ST869VRJ,Classes\CLSID\{d3c86d56-03a1-42d5-af4c-1b612be90448}\InProcServer32,REG_EXPAND_SZ,,NT AUTHORITY\SYSTEM,HKEY_LOCAL_MACHINE\Software\Classes\CLSID\{d3c86d56-03a1-42d5-af4c-1b612be90448}\InProcServer32\,%SystemRoot%\system32\SearchFolder.dll
ST869VRJ,Classes\CLSID\{5791BC26-CE9C-11D1-97BF-0000F81E849C}\InProcServer32,REG_EXPAND_SZ,,NT AUTHORITY\SYSTEM,HKEY_LOCAL_MACHINE\Software\Classes\CLSID\{5791BC26-CE9C-11D1-97BF-0000F81E849C}\InProcServer32\,%SystemRoot%\system32\wbem\wbemdisp.dll
ST869VRJ,Classes\CLSID\{7E8BC44E-AEFF-11D1-89C2-00C04FB6BFC4}\InProcServer32,REG_SZ,,NT AUTHORITY\SYSTEM,HKEY_LOCAL_MACHINE\Software\Classes\CLSID\{7E8BC44E-AEFF-11D1-89C2-00C04FB6BFC4}\InProcServer32\,C:\Windows\System32\mshtml.dll
ST869VRJ,Classes\CLSID\{9BE580F3-3B6B-4101-923B-7D74D0D82B04}\InProcServer32,REG_SZ,,BUILTIN\Administrators,HKEY_LOCAL_MACHINE\Software\Classes\CLSID\{9BE580F3-3B6B-4101-923B-7D74D0D82B04}\InProcServer32\,c:\PROGRA~1\mcafee\msc\mcmscshm.dll
ST869VRJ,Classes\CLSID\{7afb974e-3842-4106-a702-82a13e088f46}\InProcServer32,REG_EXPAND_SZ,,NT AUTHORITY\SYSTEM,HKEY_LOCAL_MACHINE\Software\Classes\CLSID\{7afb974e-3842-4106-a702-82a13e088f46}\InProcServer32\,%SystemRoot%\System32\shell32.dll
ST869VRJ,CurrentControlSet\Services\vmicshutdown\Parameters\,REG_EXPAND_SZ,ServiceDll,NT AUTHORITY\SYSTEM,HKEY_LOCAL_MACHINE\SYSTEM\CurrentControlSet\Services\vmicshutdown\Parameters\ServiceDll,%SystemRoot%\System32\ICSvc.dll
ST869VRJ,Wow6432Node\Microsoft\Windows NT\CurrentVersion\Drivers32\,REG_SZ,vidc.yvu9,NT AUTHORITY\SYSTEM,HKEY_LOCAL_MACHINE\Software\Wow6432Node\Microsoft\Windows NT\CurrentVersion\Drivers32\vidc.yvu9,tsbyuv.dll
ST869VRJ,Classes\CLSID\{F72A76A0-EB0A-11D0-ACE4-0000C0CC16BA}\InProcServer32,REG_SZ,,NT AUTHORITY\SYSTEM,HKEY_LOCAL_MACHINE\Software\Classes\CLSID\{F72A76A0-EB0A-11D0-ACE4-0000C0CC16BA}\InProcServer32\,C:\Windows\System32\kswdmcap.ax
ST869VRJ,Classes\CLSID\{76be8257-c4c0-4d37-90c0-a23372254d27}\InProcServer32,REG_EXPAND_SZ,,NT AUTHORITY\SYSTEM,HKEY_LOCAL_MACHINE\Software\Classes\CLSID\{76be8257-c4c0-4d37-90c0-a23372254d27}\InProcServer32\,%SystemRoot%\system32\SearchFolder.dll
ST869VRJ,Classes\CLSID\{7071EC77-663B-4BC1-A1FA-B97F3B917C55}\InProcServer32,REG_EXPAND_SZ,,NT AUTHORITY\SYSTEM,HKEY_LOCAL_MACHINE\Software\Classes\CLSID\{7071EC77-663B-4BC1-A1FA-B97F3B917C55}\InProcServer32\,%SystemRoot%\system32\xwizards.dll
ST869VRJ,Classes\CLSID\{8c2031f1-b169-4e7c-9cb0-56f18d7b0c01}\InProcServer32,REG_EXPAND_SZ,,NT AUTHORITY\SYSTEM,HKEY_LOCAL_MACHINE\Software\Classes\CLSID\{8c2031f1-b169-4e7c-9cb0-56f18d7b0c01}\InProcServer32\,%SystemRoot%\System32\iasrecst.dll
ST869VRJ,Classes\CLSID\{6BC098A6-0CE6-11D1-BAAE-00C04FC2E20D}\InProcServer32,REG_EXPAND_SZ,,NT AUTHORITY\SYSTEM,HKEY_LOCAL_MACHINE\Software\Classes\CLSID\{6BC098A6-0CE6-11D1-BAAE-00C04FC2E20D}\InProcServer32\,%SystemRoot%\system32\iasnap.dll
ST869VRJ,Classes\CLSID\{DA93E903-C843-11D2-A084-00C04F8EF9B5}\InProcServer32,REG_EXPAND_SZ,,NT AUTHORITY\SYSTEM,HKEY_LOCAL_MACHINE\Software\Classes\CLSID\{DA93E903-C843-11D2-A084-00C04F8EF9B5}\InProcServer32\,%SystemRoot%\System32\Speech\Common\sapi.dll
ST869VRJ,Classes\CLSID\{B92E345D-F52D-41F3-B562-081BC772E3B9}\InProcServer32,REG_EXPAND_SZ,,NT AUTHORITY\SYSTEM,HKEY_LOCAL_MACHINE\Software\Classes\CLSID\{B92E345D-F52D-41F3-B562-081BC772E3B9}\InProcServer32\,%SystemRoot%\system32\windowscodecs.dll
ST869VRJ,Classes\CLSID\{8DE39096-D24E-4DF3-B24B-1B7F770BF799}\InProcServer32,REG_EXPAND_SZ,,NT AUTHORITY\SYSTEM,HKEY_LOCAL_MACHINE\Software\Classes\CLSID\{8DE39096-D24E-4DF3-B24B-1B7F770BF799}\InProcServer32\,%SystemRoot%\system32\shell32.dll
ST869VRJ,Classes\CLSID\{7071ECA5-663B-4bc1-A1FA-B97F3B917C55}\InProcServer32,REG_EXPAND_SZ,,NT AUTHORITY\SYSTEM,HKEY_LOCAL_MACHINE\Software\Classes\CLSID\{7071ECA5-663B-4bc1-A1FA-B97F3B917C55}\InProcServer32\,%SystemRoot%\system32\connect.dll
ST869VRJ,Classes\CLSID\{A8CD0ADC-23D6-4B79-BCC9-D3309DF34760}\InProcServer32,REG_EXPAND_SZ,,NT AUTHORITY\SYSTEM,HKEY_LOCAL_MACHINE\Software\Classes\CLSID\{A8CD0ADC-23D6-4B79-BCC9-D3309DF34760}\InProcServer32\,%SystemRoot%\system32\authui.dll
ST869VRJ,Classes\CLSID\{418c8b64-5463-461d-88e0-75e2afa3c6fa}\InProcServer32,REG_EXPAND_SZ,,NT AUTHORITY\SYSTEM,HKEY_LOCAL_MACHINE\Software\Classes\CLSID\{418c8b64-5463-461d-88e0-75e2afa3c6fa}\InProcServer32\,%SystemRoot%\system32\shell32.dll
ST869VRJ,Classes\CLSID\{22F1B05B-F983-4CC7-A5F6-67BC2701E29A}\InProcServer32,REG_SZ,,NT AUTHORITY\SYSTEM,HKEY_LOCAL_MACHINE\Software\Classes\CLSID\{22F1B05B-F983-4CC7-A5F6-67BC2701E29A}\InProcServer32\,C:\Windows\System32\twinui.dll
ST869VRJ,Classes\CLSID\{20C6F4C2-80A8-4310-A59A-1CC487334236}\InProcServer32,REG_SZ,,NT AUTHORITY\SYSTEM,HKEY_LOCAL_MACHINE\Software\Classes\CLSID\{20C6F4C2-80A8-4310-A59A-1CC487334236}\InProcServer32\,C:\Windows\Microsoft.NET\Framework64\v4.0.30319\WPF\PenIMC2_v0400.dll
ST869VRJ,Classes\CLSID\{ecabafb1-7f19-11d2-978e-0000f8757e2a}\InProcServer32,REG_SZ,,NT AUTHORITY\SYSTEM,HKEY_LOCAL_MACHINE\Software\Classes\CLSID\{ecabafb1-7f19-11d2-978e-0000f8757e2a}\InProcServer32\,C:\Windows\System32\comsvcs.dll
ST869VRJ,Wow6432Node\Classes\CLSID\{08165EA0-E946-11CF-9C87-00AA005127ED}\InProcServer32,REG_SZ,,NT AUTHORITY\SYSTEM,HKEY_LOCAL_MACHINE\Software\Wow6432Node\Classes\CLSID\{08165EA0-E946-11CF-9C87-00AA005127ED}\InProcServer32\,C:\Windows\SysWOW64\webcheck.dll
ST869VRJ,Classes\CLSID\{f85d5d94-6851-44f7-bb3a-bfd0949abf1d}\InProcServer32,REG_EXPAND_SZ,,NT AUTHORITY\SYSTEM,HKEY_LOCAL_MACHINE\Software\Classes\CLSID\{f85d5d94-6851-44f7-bb3a-bfd0949abf1d}\InProcServer32\,%SystemRoot%\system32\shell32.dll
ST869VRJ,Classes\CLSID\{71F96465-78F3-11D0-A18C-00A0C9118956}\InProcServer32,REG_SZ,,NT AUTHORITY\SYSTEM,HKEY_LOCAL_MACHINE\Software\Classes\CLSID\{71F96465-78F3-11D0-A18C-00A0C9118956}\InProcServer32\,C:\Windows\System32\kswdmcap.ax
ST869VRJ,Classes\CLSID\{33D9A762-90C8-11d0-BD43-00A0C911CE86}\InProcServer32,REG_SZ,,NT AUTHORITY\SYSTEM,HKEY_LOCAL_MACHINE\Software\Classes\CLSID\{33D9A762-90C8-11d0-BD43-00A0C911CE86}\InProcServer32\,C:\Windows\System32\devenum.dll
ST869VRJ,Classes\CLSID\{7071ECE0-663B-4bc1-A1FA-B97F3B917C55}\InProcServer32,REG_EXPAND_SZ,,NT AUTHORITY\SYSTEM,HKEY_LOCAL_MACHINE\Software\Classes\CLSID\{7071ECE0-663B-4bc1-A1FA-B97F3B917C55}\InProcServer32\,%SystemRoot%\system32\connect.dll
ST869VRJ,Classes\CLSID\{EFA97F08-EE06-42EC-AAAF-F8CB106247A2}\InProcServer32,REG_EXPAND_SZ,,NT AUTHORITY\SYSTEM,HKEY_LOCAL_MACHINE\Software\Classes\CLSID\{EFA97F08-EE06-42EC-AAAF-F8CB106247A2}\InProcServer32\,%SystemRoot%\System32\FileAppxStreamingDataSource.dll
ST869VRJ,Classes\CLSID\{51B4ABF3-748F-4E3B-A276-C828330E926A}\InProcServer32,REG_SZ,,NT AUTHORITY\SYSTEM,HKEY_LOCAL_MACHINE\Software\Classes\CLSID\{51B4ABF3-748F-4E3B-A276-C828330E926A}\InProcServer32\,C:\Windows\System32\quartz.dll
ST869VRJ,Wow6432Node\Classes\CLSID\{03ca8927-0bf5-4df6-9534-0f5e17851944}\InProcServer32,REG_SZ,,NT AUTHORITY\SYSTEM,HKEY_LOCAL_MACHINE\Software\Wow6432Node\Classes\CLSID\{03ca8927-0bf5-4df6-9534-0f5e17851944}\InProcServer32\,C:\Windows\SysWOW64\IME\IMEJP\imjpdapi.dll
ST869VRJ,Classes\CLSID\{e2183960-9d58-4e9c-878a-4acc06ca564a}\InProcServer32,REG_EXPAND_SZ,,NT AUTHORITY\SYSTEM,HKEY_LOCAL_MACHINE\Software\Classes\CLSID\{e2183960-9d58-4e9c-878a-4acc06ca564a}\InProcServer32\,%SystemRoot%\system32\shell32.dll
ST869VRJ,CurrentControlSet\Services\WinSock2\Parameters\Protocol_Catalog9\Catalog_Entries\000000000007\,REG_BINARY,PackedCatalogItem,NT AUTHORITY\SYSTEM,HKEY_LOCAL_MACHINE\System\CurrentControlSet\Services\WinSock2\Parameters\Protocol_Catalog9\Catalog_Entries\000000000007\PackedCatalogItem,"%SystemRoot%\system32\mswsock.dll."".h.t.t.p.:././.s.c.h.e.m.a.s...m.i.c.r.o.s.o.f.t...c.o.m./.w.i.n./.2.0.0.4./.0.8./.e.v.e.n.t.s."".&gt;..... . .&lt;.t.e.m.p.l.a.t.e. .t.i.d.=."".R.e.s.u.l.t."".&gt;..... . . . .&lt;.d.a.t.a. .i.n.T.y.p.e.=."".w.i.n.:.U.I.n.t.3.2."". .n.a.m.e.f ....................`.z3..........................................................................................@.%.S.y.s.t.e.m.R.o.o.t.%.\.S.y.s.t.e.m.3.2.\.w.s.h.q.o.s...d.l.l. .-.1.0.0....................................................................................................................................................................................................................................................................................................................................................................................................................................................."
ST869VRJ,Classes\CLSID\{89D26277-8408-3FC8-BD44-CF5F0E614C82}\InProcServer32,REG_SZ,,NT AUTHORITY\SYSTEM,HKEY_LOCAL_MACHINE\Software\Classes\CLSID\{89D26277-8408-3FC8-BD44-CF5F0E614C82}\InProcServer32\,C:\Windows\System32\mscoree.dll
ST869VRJ,Classes\CLSID\{5C3E6CE8-B218-3762-883C-91BC987CDC2D}\InProcServer32,REG_SZ,,NT AUTHORITY\SYSTEM,HKEY_LOCAL_MACHINE\Software\Classes\CLSID\{5C3E6CE8-B218-3762-883C-91BC987CDC2D}\InProcServer32\,C:\Windows\System32\mscoree.dll
ST869VRJ,Classes\CLSID\{12A5109E-F9A9-4A44-B849-2B6B245FC5EB}\InProcServer32,REG_SZ,,BUILTIN\Administrators,HKEY_LOCAL_MACHINE\Software\Classes\CLSID\{12A5109E-F9A9-4A44-B849-2B6B245FC5EB}\InProcServer32\,c:\PROGRA~1\mcafee\mps\mpsver.dll
ST869VRJ,Classes\CLSID\{7EB483B0-414C-4B45-A46C-CF4620531F8F}\InProcServer32,REG_SZ,,BUILTIN\Administrators,HKEY_LOCAL_MACHINE\Software\Classes\CLSID\{7EB483B0-414C-4B45-A46C-CF4620531F8F}\InProcServer32\,c:\PROGRA~1\mcafee\mps\mpscfg.dll
ST869VRJ,Classes\CLSID\{7BD29E01-76C1-11CF-9DD0-00A0C9034933}\InProcServer32,REG_SZ,,NT AUTHORITY\SYSTEM,HKEY_LOCAL_MACHINE\Software\Classes\CLSID\{7BD29E01-76C1-11CF-9DD0-00A0C9034933}\InProcServer32\,C:\Windows\System32\ieframe.dll
ST869VRJ,Classes\CLSID\{027D3767-28E0-4FFA-98D0-DF67D0CBBE47}\InProcServer32,REG_SZ,,NT AUTHORITY\SYSTEM,HKEY_LOCAL_MACHINE\Software\Classes\CLSID\{027D3767-28E0-4FFA-98D0-DF67D0CBBE47}\InProcServer32\,C:\Windows\System32\Windows.UI.Immersive.dll
ST869VRJ,Classes\CLSID\{B021FF57-A928-459c-9D6C-14DED0C9BED2}\InProcServer32,REG_SZ,,NT AUTHORITY\SYSTEM,HKEY_LOCAL_MACHINE\Software\Classes\CLSID\{B021FF57-A928-459c-9D6C-14DED0C9BED2}\InProcServer32\,C:\Windows\System32\puiobj.dll
ST869VRJ,Classes\CLSID\{03837513-098B-11D8-9414-505054503030}\InProcServer32,REG_EXPAND_SZ,,NT AUTHORITY\SYSTEM,HKEY_LOCAL_MACHINE\Software\Classes\CLSID\{03837513-098B-11D8-9414-505054503030}\InProcServer32\,%SystemRoot%\System32\pla.dll
ST869VRJ,Classes\CLSID\{92A5010F-4404-4035-8D53-B87F5A736809}\InProcServer32,REG_SZ,,NT AUTHORITY\SYSTEM,HKEY_LOCAL_MACHINE\Software\Classes\CLSID\{92A5010F-4404-4035-8D53-B87F5A736809}\InProcServer32\,C:\Windows\System32\catsrvut.dll
ST869VRJ,Classes\CLSID\{FA0B54D5-F221-3648-A20C-F67A96F4A207}\InProcServer32,REG_SZ,,NT AUTHORITY\SYSTEM,HKEY_LOCAL_MACHINE\Software\Classes\CLSID\{FA0B54D5-F221-3648-A20C-F67A96F4A207}\InProcServer32\,C:\Windows\System32\mscoree.dll
ST869VRJ,CurrentControlSet\Services\fdPHost\Parameters\,REG_EXPAND_SZ,ServiceDll,NT AUTHORITY\SYSTEM,HKEY_LOCAL_MACHINE\SYSTEM\CurrentControlSet\Services\fdPHost\Parameters\ServiceDll,%SystemRoot%\system32\fdPHost.dll
ST869VRJ,Classes\CLSID\{CFC399AF-D876-11D0-9C10-00C04FC99C8E}\InProcServer32,REG_EXPAND_SZ,,NT AUTHORITY\SYSTEM,HKEY_LOCAL_MACHINE\Software\Classes\CLSID\{CFC399AF-D876-11D0-9C10-00C04FC99C8E}\InProcServer32\,%SystemRoot%\System32\msxml3.dll
ST869VRJ,Classes\CLSID\{2BC0EF29-E6BA-11d1-81DD-0000F87557DB}\InProcServer32,REG_SZ,,NT AUTHORITY\SYSTEM,HKEY_LOCAL_MACHINE\Software\Classes\CLSID\{2BC0EF29-E6BA-11d1-81DD-0000F87557DB}\InProcServer32\,C:\Windows\System32\Dxtmsft.dll
ST869VRJ,Classes\CLSID\{96A058CD-FAF7-386C-85BF-E47F00C81795}\InProcServer32,REG_SZ,,NT AUTHORITY\SYSTEM,HKEY_LOCAL_MACHINE\Software\Classes\CLSID\{96A058CD-FAF7-386C-85BF-E47F00C81795}\InProcServer32\,C:\Windows\System32\mscoree.dll
ST869VRJ,Classes\CLSID\{874131cb-4ecc-443b-8948-746b89595d20}\InProcServer32,REG_SZ,,NT AUTHORITY\SYSTEM,HKEY_LOCAL_MACHINE\Software\Classes\CLSID\{874131cb-4ecc-443b-8948-746b89595d20}\InProcServer32\,C:\Windows\System32\WMSPDMOD.DLL
ST869VRJ,Classes\CLSID\{81C5FE01-027C-3E1C-98D5-DA9C9862AA21}\InProcServer32,REG_SZ,,NT AUTHORITY\SYSTEM,HKEY_LOCAL_MACHINE\Software\Classes\CLSID\{81C5FE01-027C-3E1C-98D5-DA9C9862AA21}\InProcServer32\,C:\Windows\System32\mscoree.dll
ST869VRJ,Classes\CLSID\{59A437AB-74F3-4de2-AFE6-54203634C4DD}\InProcServer32,REG_EXPAND_SZ,,NT AUTHORITY\SYSTEM,HKEY_LOCAL_MACHINE\Software\Classes\CLSID\{59A437AB-74F3-4de2-AFE6-54203634C4DD}\InProcServer32\,%SystemRoot%\system32\ntshrui.dll
ST869VRJ,Classes\CLSID\{a6482830-08eb-41e2-84c1-73920c2badb9}\InProcServer32,REG_EXPAND_SZ,,NT AUTHORITY\SYSTEM,HKEY_LOCAL_MACHINE\Software\Classes\CLSID\{a6482830-08eb-41e2-84c1-73920c2badb9}\InProcServer32\,%SystemRoot%\System32\shell32.dll
ST869VRJ,Classes\CLSID\{48d7ed61-3f9f-4d74-8c2f-a10541d4151d}\InProcServer32,REG_SZ,,NT AUTHORITY\SYSTEM,HKEY_LOCAL_MACHINE\Software\Classes\CLSID\{48d7ed61-3f9f-4d74-8c2f-a10541d4151d}\InProcServer32\,C:\Windows\System32\IME\IMEJP\imjplmp.dll
ST869VRJ,Classes\CLSID\{b5f8350b-0548-48b1-a6ee-88bd00b4a5e7}\InProcServer32,REG_SZ,,NT AUTHORITY\SYSTEM,HKEY_LOCAL_MACHINE\Software\Classes\CLSID\{b5f8350b-0548-48b1-a6ee-88bd00b4a5e7}\InProcServer32\,C:\Windows\System32\oleacc.dll
ST869VRJ,Classes\CLSID\{6e29fabf-9977-42d1-8d0e-ca7e61ad87e6}\InProcServer32,REG_SZ,,NT AUTHORITY\SYSTEM,HKEY_LOCAL_MACHINE\Software\Classes\CLSID\{6e29fabf-9977-42d1-8d0e-ca7e61ad87e6}\InProcServer32\,C:\Windows\System32\uiautomationcore.dll
ST869VRJ,Classes\CLSID\{ADB880A6-D8FF-11CF-9377-00AA003B7A11}\InProcServer32,REG_SZ,,NT AUTHORITY\SYSTEM,HKEY_LOCAL_MACHINE\Software\Classes\CLSID\{ADB880A6-D8FF-11CF-9377-00AA003B7A11}\InProcServer32\,C:\Windows\System32\hhctrl.ocx
ST869VRJ,Classes\CLSID\{33FACFE0-A9BE-11D0-A520-00A0D10129C0}\InProcServer32,REG_SZ,,NT AUTHORITY\SYSTEM,HKEY_LOCAL_MACHINE\Software\Classes\CLSID\{33FACFE0-A9BE-11D0-A520-00A0D10129C0}\InProcServer32\,C:\Windows\System32\quartz.dll
ST869VRJ,Microsoft\Windows NT\CurrentVersion\Image File Execution Options\DllNXOptions\,REG_DWORD,divxdec.ax,NT AUTHORITY\SYSTEM,HKEY_LOCAL_MACHINE\Software\Microsoft\Windows NT\CurrentVersion\Image File Execution Options\DllNXOptions\divxdec.ax,1
ST869VRJ,Classes\CLSID\{D26DE5C1-C061-43F7-9C40-7517526CF1C1}\InProcServer32,REG_EXPAND_SZ,,NT AUTHORITY\SYSTEM,HKEY_LOCAL_MACHINE\Software\Classes\CLSID\{D26DE5C1-C061-43F7-9C40-7517526CF1C1}\InProcServer32\,%SystemRoot%\System32\hcproviders.dll
ST869VRJ,Classes\CLSID\{47D4D946-62E8-11cf-93BC-444553540000}\InProcServer32,REG_EXPAND_SZ,,NT AUTHORITY\SYSTEM,HKEY_LOCAL_MACHINE\Software\Classes\CLSID\{47D4D946-62E8-11cf-93BC-444553540000}\InProcServer32\,%SystemRoot%\System32\dsound.dll
ST869VRJ,Classes\CLSID\{9ff13758-469b-45a8-8cc7-72182bd7e9ba}\InProcServer32,REG_SZ,,NT AUTHORITY\SYSTEM,HKEY_LOCAL_MACHINE\Software\Classes\CLSID\{9ff13758-469b-45a8-8cc7-72182bd7e9ba}\InProcServer32\,C:\Windows\System32\IME\IMEJP\applets\imjpskf.dll
ST869VRJ,Classes\CLSID\{40dd6e20-7c17-11ce-a804-00aa003ca9f6}\InProcServer32,REG_EXPAND_SZ,,NT AUTHORITY\SYSTEM,HKEY_LOCAL_MACHINE\Software\Classes\CLSID\{40dd6e20-7c17-11ce-a804-00aa003ca9f6}\InProcServer32\,%SystemRoot%\system32\ntshrui.dll
ST869VRJ,Classes\CLSID\{85e94d25-0712-47ed-8cde-b0971177c6a1}\InProcServer32,REG_EXPAND_SZ,,NT AUTHORITY\SYSTEM,HKEY_LOCAL_MACHINE\Software\Classes\CLSID\{85e94d25-0712-47ed-8cde-b0971177c6a1}\InProcServer32\,%SystemRoot%\system32\shell32.dll
ST869VRJ,Classes\CLSID\{FE7A7E7B-BB31-498C-9299-4F4DDC10B26F}\InProcServer32,REG_SZ,,NT AUTHORITY\SYSTEM,HKEY_LOCAL_MACHINE\Software\Classes\CLSID\{FE7A7E7B-BB31-498C-9299-4F4DDC10B26F}\InProcServer32\,C:\Windows\System32\twinui.dll
ST869VRJ,Classes\CLSID\{10E59D21-3860-4ed8-BD52-883E116A892E}\InProcServer32,REG_EXPAND_SZ,,NT AUTHORITY\SYSTEM,HKEY_LOCAL_MACHINE\Software\Classes\CLSID\{10E59D21-3860-4ed8-BD52-883E116A892E}\InProcServer32\,%SystemRoot%\system32\explorerframe.dll
ST869VRJ,Classes\CLSID\{ed6ae9cf-ad35-46b7-ac30-3f8b9eb5349f}\InProcServer32,REG_EXPAND_SZ,,NT AUTHORITY\SYSTEM,HKEY_LOCAL_MACHINE\Software\Classes\CLSID\{ed6ae9cf-ad35-46b7-ac30-3f8b9eb5349f}\InProcServer32\,%SystemRoot%\system32\shell32.dll
ST869VRJ,Classes\CLSID\{352EC2B7-8B9A-11D1-B8AE-006008059382}\InProcServer32,REG_EXPAND_SZ,,NT AUTHORITY\SYSTEM,HKEY_LOCAL_MACHINE\Software\Classes\CLSID\{352EC2B7-8B9A-11D1-B8AE-006008059382}\InProcServer32\,%SystemRoot%\System32\appwiz.cpl
ST869VRJ,Classes\CLSID\{8EB9BA6E-CEED-4D06-B7F6-EA6047221299}\InProcServer32,REG_SZ,,NT AUTHORITY\SYSTEM,HKEY_LOCAL_MACHINE\Software\Classes\CLSID\{8EB9BA6E-CEED-4D06-B7F6-EA6047221299}\InProcServer32\,C:\Windows\System32\twinui.dll
ST869VRJ,Classes\CLSID\{331B60DA-9E90-4DD0-9C84-EAC4E659B61F}\InProcServer32,REG_SZ,,NT AUTHORITY\SYSTEM,HKEY_LOCAL_MACHINE\Software\Classes\CLSID\{331B60DA-9E90-4DD0-9C84-EAC4E659B61F}\InProcServer32\,C:\Windows\system32\spool\drivers\x64\3\PrintConfig.dll
ST869VRJ,Wow6432Node\Classes\CLSID\{0A9AE910-85C0-11D0-BD42-00A0C911CE86}\InProcServer32,REG_SZ,,NT AUTHORITY\SYSTEM,HKEY_LOCAL_MACHINE\Software\Wow6432Node\Classes\CLSID\{0A9AE910-85C0-11D0-BD42-00A0C911CE86}\InProcServer32\,C:\Windows\SysWOW64\qcap.dll
ST869VRJ,Classes\CLSID\{CDFA7117-B2A4-3A3F-B393-BC19D44F9749}\InProcServer32,REG_SZ,,NT AUTHORITY\SYSTEM,HKEY_LOCAL_MACHINE\Software\Classes\CLSID\{CDFA7117-B2A4-3A3F-B393-BC19D44F9749}\InProcServer32\,C:\Windows\System32\mscoree.dll
ST869VRJ,Classes\CLSID\{9b4e5207-9539-4258-b4a0-4e70e9e565ec}\InProcServer32,REG_EXPAND_SZ,,NT AUTHORITY\SYSTEM,HKEY_LOCAL_MACHINE\Software\Classes\CLSID\{9b4e5207-9539-4258-b4a0-4e70e9e565ec}\InProcServer32\,%SystemRoot%\System32\usercpl.dll
ST869VRJ,Classes\CLSID\{8168e74a-b39f-46d8-adcd-7bed477b80a3}\InProcServer32,REG_EXPAND_SZ,,NT AUTHORITY\SYSTEM,HKEY_LOCAL_MACHINE\Software\Classes\CLSID\{8168e74a-b39f-46d8-adcd-7bed477b80a3}\InProcServer32\,%SystemRoot%\System32\MemoryDiagnostic.dll
ST869VRJ,Classes\CLSID\{964AA3BD-4B12-3E23-9D7F-99342AFAE812}\InProcServer32,REG_SZ,,NT AUTHORITY\SYSTEM,HKEY_LOCAL_MACHINE\Software\Classes\CLSID\{964AA3BD-4B12-3E23-9D7F-99342AFAE812}\InProcServer32\,C:\Windows\System32\mscoree.dll
ST869VRJ,Classes\CLSID\{8c537469-1ea9-4c85-9947-7e418500cdd4}\InProcServer32,REG_SZ,,NT AUTHORITY\SYSTEM,HKEY_LOCAL_MACHINE\Software\Classes\CLSID\{8c537469-1ea9-4c85-9947-7e418500cdd4}\InProcServer32\,C:\Windows\System32\ieframe.dll
ST869VRJ,Classes\CLSID\{7AE844F0-ECA8-3F15-AE27-AFA21A2AA6F8}\InProcServer32,REG_SZ,,NT AUTHORITY\SYSTEM,HKEY_LOCAL_MACHINE\Software\Classes\CLSID\{7AE844F0-ECA8-3F15-AE27-AFA21A2AA6F8}\InProcServer32\,C:\Windows\System32\mscoree.dll
ST869VRJ,Classes\CLSID\{807e5a10-4856-4f9a-8e3c-a1f7e75648b3}\InProcServer32,REG_EXPAND_SZ,,NT AUTHORITY\SYSTEM,HKEY_LOCAL_MACHINE\Software\Classes\CLSID\{807e5a10-4856-4f9a-8e3c-a1f7e75648b3}\InProcServer32\,%SystemRoot%\system32\SearchFolder.dll
ST869VRJ,Classes\CLSID\{B5730A90-1A2C-11CF-8C23-00AA006B6814}\InProcServer32,REG_SZ,,NT AUTHORITY\SYSTEM,HKEY_LOCAL_MACHINE\Software\Classes\CLSID\{B5730A90-1A2C-11CF-8C23-00AA006B6814}\InProcServer32\,C:\Windows\System32\kswdmcap.ax
ST869VRJ,Classes\CLSID\{A4E05936-2251-4634-B684-09D5122A8F72}\InProcServer32,REG_SZ,,NT AUTHORITY\SYSTEM,HKEY_LOCAL_MACHINE\Software\Classes\CLSID\{A4E05936-2251-4634-B684-09D5122A8F72}\InProcServer32\,C:\Windows\System32\shdocvw.dll
ST869VRJ,Classes\CLSID\{3DECD5DD-A27B-48DC-8BAA-2682CFA265FF}\InProcServer32,REG_SZ,,NT AUTHORITY\SYSTEM,HKEY_LOCAL_MACHINE\Software\Classes\CLSID\{3DECD5DD-A27B-48DC-8BAA-2682CFA265FF}\InProcServer32\,C:\Windows\System32\tsworkspace.dll
ST869VRJ,Classes\CLSID\{63da6ec0-2e98-11cf-8d82-444553540000}\InProcServer32,REG_EXPAND_SZ,,NT AUTHORITY\SYSTEM,HKEY_LOCAL_MACHINE\Software\Classes\CLSID\{63da6ec0-2e98-11cf-8d82-444553540000}\InProcServer32\,%SystemRoot%\system32\msieftp.dll
ST869VRJ,Classes\CLSID\{F6D90F11-9C73-11D3-B32E-00C04F990BB4}\InProcServer32,REG_EXPAND_SZ,,NT AUTHORITY\SYSTEM,HKEY_LOCAL_MACHINE\Software\Classes\CLSID\{F6D90F11-9C73-11D3-B32E-00C04F990BB4}\InProcServer32\,%SystemRoot%\System32\msxml3.dll
ST869VRJ,CurrentControlSet\Services\Appinfo\Parameters\,REG_EXPAND_SZ,ServiceDll,NT AUTHORITY\SYSTEM,HKEY_LOCAL_MACHINE\SYSTEM\CurrentControlSet\Services\Appinfo\Parameters\ServiceDll,%SystemRoot%\System32\appinfo.dll
ST869VRJ,Classes\CLSID\{1f3427c8-5c10-4210-aa03-2ee45287d668}\InProcServer32,REG_EXPAND_SZ,,NT AUTHORITY\SYSTEM,HKEY_LOCAL_MACHINE\Software\Classes\CLSID\{1f3427c8-5c10-4210-aa03-2ee45287d668}\InProcServer32\,%SystemRoot%\System32\shell32.dll
ST869VRJ,Classes\CLSID\{883373C3-BF89-11D1-BE35-080036B11A03}\InProcServer32,REG_EXPAND_SZ,,NT AUTHORITY\SYSTEM,HKEY_LOCAL_MACHINE\Software\Classes\CLSID\{883373C3-BF89-11D1-BE35-080036B11A03}\InProcServer32\,%SystemRoot%\system32\shell32.dll
ST869VRJ,Classes\CLSID\{AF604EFE-8897-11D1-B944-00A0C90312E1}\InProcServer32,REG_EXPAND_SZ,,NT AUTHORITY\SYSTEM,HKEY_LOCAL_MACHINE\Software\Classes\CLSID\{AF604EFE-8897-11D1-B944-00A0C90312E1}\InProcServer32\,%SystemRoot%\system32\explorerframe.dll
ST869VRJ,Classes\CLSID\{2933BF91-7B36-11D2-B20E-00C04F983E60}\InProcServer32,REG_EXPAND_SZ,,NT AUTHORITY\SYSTEM,HKEY_LOCAL_MACHINE\Software\Classes\CLSID\{2933BF91-7B36-11D2-B20E-00C04F983E60}\InProcServer32\,%SystemRoot%\System32\msxml3.dll
ST869VRJ,Classes\CLSID\{A1E6EB1D-4E02-4DC8-A3B9-FABD9720700A}\InProcServer32,REG_SZ,,NT AUTHORITY\SYSTEM,HKEY_LOCAL_MACHINE\Software\Classes\CLSID\{A1E6EB1D-4E02-4DC8-A3B9-FABD9720700A}\InProcServer32\,C:\Windows\System32\SMEF.dll
ST869VRJ,Classes\CLSID\{ff183a37-b6da-4d32-bb24-157b282ffa48}\InProcServer32,REG_EXPAND_SZ,,NT AUTHORITY\SYSTEM,HKEY_LOCAL_MACHINE\Software\Classes\CLSID\{ff183a37-b6da-4d32-bb24-157b282ffa48}\InProcServer32\,%SystemRoot%\System32\shell32.dll
ST869VRJ,Classes\CLSID\{32DE22BD-FA4F-42C4-AE35-A07A77F81098}\InProcServer32,REG_SZ,,BUILTIN\Administrators,HKEY_LOCAL_MACHINE\Software\Classes\CLSID\{32DE22BD-FA4F-42C4-AE35-A07A77F81098}\InProcServer32\,c:\PROGRA~1\mcafee\mqs\qclite.dll
ST869VRJ,CurrentControlSet\Services\RasAuto\Parameters\,REG_EXPAND_SZ,ServiceDll,NT AUTHORITY\SYSTEM,HKEY_LOCAL_MACHINE\SYSTEM\CurrentControlSet\Services\RasAuto\Parameters\ServiceDll,%SystemRoot%\System32\rasauto.dll
ST869VRJ,Classes\CLSID\{42FEBF74-65EA-4D27-B3AC-86393B6AFAE1}\InProcServer32,REG_EXPAND_SZ,,NT AUTHORITY\SYSTEM,HKEY_LOCAL_MACHINE\Software\Classes\CLSID\{42FEBF74-65EA-4D27-B3AC-86393B6AFAE1}\InProcServer32\,%SystemRoot%\system32\searchfolder.dll
ST869VRJ,Classes\CLSID\{D313A859-B510-461A-B4A7-70FF73AEF1F1}\InProcServer32,REG_SZ,,NT AUTHORITY\SYSTEM,HKEY_LOCAL_MACHINE\Software\Classes\CLSID\{D313A859-B510-461A-B4A7-70FF73AEF1F1}\InProcServer32\,C:\Windows\System32\deviceaccess.dll
ST869VRJ,Classes\CLSID\{506229ae-09c7-4ffd-8ec9-6a957f6da601}\InProcServer32,REG_EXPAND_SZ,,NT AUTHORITY\SYSTEM,HKEY_LOCAL_MACHINE\Software\Classes\CLSID\{506229ae-09c7-4ffd-8ec9-6a957f6da601}\InProcServer32\,%SystemRoot%\system32\shell32.dll
ST869VRJ,Classes\CLSID\{2C941FC5-975B-59BE-A960-9A2A262853A5}\InProcServer32,REG_SZ,,NT AUTHORITY\SYSTEM,HKEY_LOCAL_MACHINE\Software\Classes\CLSID\{2C941FC5-975B-59BE-A960-9A2A262853A5}\InProcServer32\,C:\Windows\System32\imapi2fs.dll
ST869VRJ,Classes\CLSID\{52FEC728-4B3B-4B99-8875-B1E2D16E3D1F}\InProcServer32,REG_EXPAND_SZ,,NT AUTHORITY\SYSTEM,HKEY_LOCAL_MACHINE\Software\Classes\CLSID\{52FEC728-4B3B-4B99-8875-B1E2D16E3D1F}\InProcServer32\,%SystemRoot%\system32\shell32.dll
ST869VRJ,Classes\CLSID\{26016851-6AB3-449C-917F-198A8FB4FAE3}\InProcServer32,REG_SZ,,BUILTIN\Administrators,HKEY_LOCAL_MACHINE\Software\Classes\CLSID\{26016851-6AB3-449C-917F-198A8FB4FAE3}\InProcServer32\,c:\PROGRA~1\COMMON~1\mcafee\platform\core\mcevtbrk.dll
ST869VRJ,Classes\CLSID\{e084f594-a1de-4038-b8d1-6c3c5fc3617c}\InProcServer32,REG_SZ,,NT AUTHORITY\SYSTEM,HKEY_LOCAL_MACHINE\Software\Classes\CLSID\{e084f594-a1de-4038-b8d1-6c3c5fc3617c}\InProcServer32\,C:\Windows\System32\Windows.UI.Immersive.dll
ST869VRJ,Classes\CLSID\{CF49D4E0-1115-11CE-B03A-0020AF0BA770}\InProcServer32,REG_SZ,,NT AUTHORITY\SYSTEM,HKEY_LOCAL_MACHINE\Software\Classes\CLSID\{CF49D4E0-1115-11CE-B03A-0020AF0BA770}\InProcServer32\,C:\Windows\System32\quartz.dll
ST869VRJ,CurrentControlSet\Services\tdx\,REG_EXPAND_SZ,ImagePath,NT AUTHORITY\SYSTEM,HKEY_LOCAL_MACHINE\SYSTEM\CurrentControlSet\Services\tdx\ImagePath,\SystemRoot\system32\DRIVERS\tdx.sys
ST869VRJ,Classes\CLSID\{e345f35f-9397-435c-8f95-4e922c26259e}\InProcServer32,REG_EXPAND_SZ,,NT AUTHORITY\SYSTEM,HKEY_LOCAL_MACHINE\Software\Classes\CLSID\{e345f35f-9397-435c-8f95-4e922c26259e}\InProcServer32\,%SystemRoot%\system32\SearchFolder.dll
ST869VRJ,Classes\CLSID\{E0EA5F46-A285-4ebd-9AA9-0CD334F5A9C5}\InProcServer32,REG_SZ,,BUILTIN\Administrators,HKEY_LOCAL_MACHINE\Software\Classes\CLSID\{E0EA5F46-A285-4ebd-9AA9-0CD334F5A9C5}\InProcServer32\,c:\PROGRA~1\mcafee\msk\mskset64.dll
ST869VRJ,Classes\CLSID\{EC9846B3-2762-4A6B-A214-6ACB603462D2}\InProcServer32,REG_SZ,,NT AUTHORITY\SYSTEM,HKEY_LOCAL_MACHINE\Software\Classes\CLSID\{EC9846B3-2762-4A6B-A214-6ACB603462D2}\InProcServer32\,C:\Windows\System32\FirewallAPI.dll
ST869VRJ,Wow6432Node\Classes\CLSID\{0A16D195-6F47-4964-9287-9F4BAB6D9827}\InProcServer32,REG_SZ,,NT AUTHORITY\SYSTEM,HKEY_LOCAL_MACHINE\Software\Wow6432Node\Classes\CLSID\{0A16D195-6F47-4964-9287-9F4BAB6D9827}\InProcServer32\,C:\Windows\SysWOW64\colorui.dll
ST869VRJ,Classes\CLSID\{146A47AB-A2CF-3587-BB25-2B286D7566B4}\InProcServer32,REG_SZ,,NT AUTHORITY\SYSTEM,HKEY_LOCAL_MACHINE\Software\Classes\CLSID\{146A47AB-A2CF-3587-BB25-2B286D7566B4}\InProcServer32\,C:\Windows\System32\mscoree.dll
ST869VRJ,Classes\CLSID\{3692CA39-E082-4350-9E1F-3704CB083CD5}\InProcServer32,REG_EXPAND_SZ,,NT AUTHORITY\SYSTEM,HKEY_LOCAL_MACHINE\Software\Classes\CLSID\{3692CA39-E082-4350-9E1F-3704CB083CD5}\InProcServer32\,%SystemRoot%\system32\windowscodecs.dll
ST869VRJ,Classes\CLSID\{F6BEC032-233E-4B58-BEE9-DE13942BF136}\InProcServer32,REG_EXPAND_SZ,,NT AUTHORITY\SYSTEM,HKEY_LOCAL_MACHINE\Software\Classes\CLSID\{F6BEC032-233E-4B58-BEE9-DE13942BF136}\InProcServer32\,%SystemRoot%\System32\lltdapi.dll
ST869VRJ,Classes\CLSID\{98af66e4-aa41-4226-b80f-0b1a8f34eeb4}\InProcServer32,REG_SZ,,NT AUTHORITY\SYSTEM,HKEY_LOCAL_MACHINE\Software\Classes\CLSID\{98af66e4-aa41-4226-b80f-0b1a8f34eeb4}\InProcServer32\,C:\Windows\System32\dfshim.dll
ST869VRJ,Classes\CLSID\{6BC09898-0CE6-11D1-BAAE-00C04FC2E20D}\InProcServer32,REG_EXPAND_SZ,,NT AUTHORITY\SYSTEM,HKEY_LOCAL_MACHINE\Software\Classes\CLSID\{6BC09898-0CE6-11D1-BAAE-00C04FC2E20D}\InProcServer32\,%SystemRoot%\system32\iassam.dll
ST869VRJ,Classes\CLSID\{06290BD2-48AA-11D2-8432-006008C3FBFC}\InProcServer32,REG_SZ,,NT AUTHORITY\SYSTEM,HKEY_LOCAL_MACHINE\Software\Classes\CLSID\{06290BD2-48AA-11D2-8432-006008C3FBFC}\InProcServer32\,C:\Windows\System32\scrobj.dll
ST869VRJ,Classes\CLSID\{FDB2DC94-B5A0-3702-AE84-BBFA752ACB36}\InProcServer32,REG_SZ,,NT AUTHORITY\SYSTEM,HKEY_LOCAL_MACHINE\Software\Classes\CLSID\{FDB2DC94-B5A0-3702-AE84-BBFA752ACB36}\InProcServer32\,C:\Windows\System32\mscoree.dll
ST869VRJ,Classes\CLSID\{6D8BB3D3-9D87-4a91-AB56-4F30CFFEFE9F}\InProcServer32,REG_EXPAND_SZ,,NT AUTHORITY\SYSTEM,HKEY_LOCAL_MACHINE\Software\Classes\CLSID\{6D8BB3D3-9D87-4a91-AB56-4F30CFFEFE9F}\InProcServer32\,%SystemRoot%\system32\explorerframe.dll
ST869VRJ,Classes\CLSID\{ecabafbc-7f19-11d2-978e-0000f8757e2a}\InProcServer32,REG_SZ,,NT AUTHORITY\SYSTEM,HKEY_LOCAL_MACHINE\Software\Classes\CLSID\{ecabafbc-7f19-11d2-978e-0000f8757e2a}\InProcServer32\,C:\Windows\System32\comsvcs.dll
ST869VRJ,Wow6432Node\Classes\CLSID\{5BB20805-B52F-4F73-8518-FD71C4F4E364}\InProcServer32,REG_SZ,,BUILTIN\Administrators,HKEY_LOCAL_MACHINE\Software\Wow6432Node\Classes\CLSID\{5BB20805-B52F-4F73-8518-FD71C4F4E364}\InProcServer32\,c:\PROGRA~2\COMMON~1\mcafee\platform\submgr.dll
ST869VRJ,CurrentControlSet\Services\Netlogon\Parameters\,REG_EXPAND_SZ,ServiceDll,NT AUTHORITY\SYSTEM,HKEY_LOCAL_MACHINE\SYSTEM\CurrentControlSet\Services\Netlogon\Parameters\ServiceDll,%SystemRoot%\system32\netlogon.dll
ST869VRJ,Classes\CLSID\{0B4E4ABD-BAAC-4822-83A0-936A676196EE}\InProcServer32,REG_EXPAND_SZ,,NT AUTHORITY\SYSTEM,HKEY_LOCAL_MACHINE\Software\Classes\CLSID\{0B4E4ABD-BAAC-4822-83A0-936A676196EE}\InProcServer32\,%SystemRoot%\System32\SearchFolder.dll
ST869VRJ,Classes\CLSID\{5d4d54b3-9fb4-4662-8173-c48568d5e79e}\InProcServer32,REG_EXPAND_SZ,,NT AUTHORITY\SYSTEM,HKEY_LOCAL_MACHINE\Software\Classes\CLSID\{5d4d54b3-9fb4-4662-8173-c48568d5e79e}\InProcServer32\,%SystemRoot%\system32\shell32.dll
ST869VRJ,CurrentControlSet\Services\fdc\,REG_EXPAND_SZ,ImagePath,NT AUTHORITY\SYSTEM,HKEY_LOCAL_MACHINE\SYSTEM\CurrentControlSet\Services\fdc\ImagePath,\SystemRoot\System32\drivers\fdc.sys
ST869VRJ,Classes\CLSID\{0BE0E753-E119-4F07-A665-57EECDEF9AF1}\InProcServer32,REG_EXPAND_SZ,,NT AUTHORITY\SYSTEM,HKEY_LOCAL_MACHINE\Software\Classes\CLSID\{0BE0E753-E119-4F07-A665-57EECDEF9AF1}\InProcServer32\,%SystemRoot%\system32\twinui.dll
ST869VRJ,Classes\CLSID\{0AFACED1-E828-11D1-9187-B532F1E9575D}\InProcServer32,REG_EXPAND_SZ,,NT AUTHORITY\SYSTEM,HKEY_LOCAL_MACHINE\Software\Classes\CLSID\{0AFACED1-E828-11D1-9187-B532F1E9575D}\InProcServer32\,%SystemRoot%\system32\shell32.dll
ST869VRJ,Classes\CLSID\{2183DACA-D0BF-4a31-97F7-B87618A81955}\InProcServer32,REG_SZ,,NT AUTHORITY\SYSTEM,HKEY_LOCAL_MACHINE\Software\Classes\CLSID\{2183DACA-D0BF-4a31-97F7-B87618A81955}\InProcServer32\,C:\Windows\System32\ieframe.dll
ST869VRJ,Classes\CLSID\{AB558A90-77EC-3C9A-A7E3-7B2260890A84}\InProcServer32,REG_SZ,,NT AUTHORITY\SYSTEM,HKEY_LOCAL_MACHINE\Software\Classes\CLSID\{AB558A90-77EC-3C9A-A7E3-7B2260890A84}\InProcServer32\,C:\Windows\System32\mscoree.dll
ST869VRJ,Classes\CLSID\{BFCD4A0C-06B6-4384-B768-0DAA792C380E}\InProcServer32,REG_EXPAND_SZ,,NT AUTHORITY\SYSTEM,HKEY_LOCAL_MACHINE\Software\Classes\CLSID\{BFCD4A0C-06B6-4384-B768-0DAA792C380E}\InProcServer32\,%SystemRoot%\System32\UIAnimation.dll
ST869VRJ,Classes\CLSID\{2C731933-62A6-31A0-AFE1-1034F46361D2}\InProcServer32,REG_SZ,,NT AUTHORITY\SYSTEM,HKEY_LOCAL_MACHINE\Software\Classes\CLSID\{2C731933-62A6-31A0-AFE1-1034F46361D2}\InProcServer32\,C:\Windows\System32\mscoree.dll
ST869VRJ,CurrentControlSet\Services\NdisCap\,REG_EXPAND_SZ,ImagePath,NT AUTHORITY\SYSTEM,HKEY_LOCAL_MACHINE\SYSTEM\CurrentControlSet\Services\NdisCap\ImagePath,\SystemRoot\system32\DRIVERS\ndiscap.sys
ST869VRJ,Classes\CLSID\{643B0017-1AAE-4AFA-B921-4BE3FB8308A2}\InProcServer32,REG_EXPAND_SZ,,NT AUTHORITY\SYSTEM,HKEY_LOCAL_MACHINE\Software\Classes\CLSID\{643B0017-1AAE-4AFA-B921-4BE3FB8308A2}\InProcServer32\,%SystemRoot%\System32\tspubwmi.dll
ST869VRJ,Wow6432Node\Classes\CLSID\{2BB8B28A-58DC-449C-A89B-DAEFD0A8933D}\InProcServer32,REG_SZ,,NT AUTHORITY\SYSTEM,HKEY_LOCAL_MACHINE\Software\Wow6432Node\Classes\CLSID\{2BB8B28A-58DC-449C-A89B-DAEFD0A8933D}\InProcServer32\,C:\Windows\SysWOW64\RADCUI.dll
ST869VRJ,Wow6432Node\Classes\CLSID\{FD6F2917-326E-405B-8B10-DC93A013A73B}\InProcServer32,REG_SZ,,NT AUTHORITY\SYSTEM,HKEY_LOCAL_MACHINE\Software\Wow6432Node\Classes\CLSID\{FD6F2917-326E-405B-8B10-DC93A013A73B}\InProcServer32\,C:\Windows\SysWOW64\CryptoWinRT.dll
ST869VRJ,Classes\CLSID\{6BC096D5-0CE6-11D1-BAAE-00C04FC2E20D}\InProcServer32,REG_EXPAND_SZ,,NT AUTHORITY\SYSTEM,HKEY_LOCAL_MACHINE\Software\Classes\CLSID\{6BC096D5-0CE6-11D1-BAAE-00C04FC2E20D}\InProcServer32\,%SystemRoot%\system32\iasnap.dll
ST869VRJ,Wow6432Node\Classes\CLSID\{331B60DA-9E90-4DD0-9C84-EAC4E659B61F}\InProcServer32,REG_SZ,,NT AUTHORITY\SYSTEM,HKEY_LOCAL_MACHINE\Software\Wow6432Node\Classes\CLSID\{331B60DA-9E90-4DD0-9C84-EAC4E659B61F}\InProcServer32\,C:\Windows\SysWow64\PrintConfig.dll
ST869VRJ,Classes\CLSID\{3050f6b3-98b5-11cf-bb82-00aa00bdce0b}\InProcServer32,REG_SZ,,NT AUTHORITY\SYSTEM,HKEY_LOCAL_MACHINE\Software\Classes\CLSID\{3050f6b3-98b5-11cf-bb82-00aa00bdce0b}\InProcServer32\,C:\Windows\System32\mshtml.dll
ST869VRJ,Classes\CLSID\{1E69A8EB-0B11-40C3-AC27-906ED77CD946}\InProcServer32,REG_EXPAND_SZ,,NT AUTHORITY\SYSTEM,HKEY_LOCAL_MACHINE\Software\Classes\CLSID\{1E69A8EB-0B11-40C3-AC27-906ED77CD946}\InProcServer32\,%SystemRoot%\System32\NaturalLanguage6.dll
ST869VRJ,Classes\CLSID\{C41FA05C-8A7A-3157-8166-4104BB4925BA}\InProcServer32,REG_SZ,,NT AUTHORITY\SYSTEM,HKEY_LOCAL_MACHINE\Software\Classes\CLSID\{C41FA05C-8A7A-3157-8166-4104BB4925BA}\InProcServer32\,C:\Windows\System32\mscoree.dll
ST869VRJ,Classes\CLSID\{1274A710-819D-4AB1-BA5E-27D2D3D27925}\InProcServer32,REG_EXPAND_SZ,,NT AUTHORITY\SYSTEM,HKEY_LOCAL_MACHINE\Software\Classes\CLSID\{1274A710-819D-4AB1-BA5E-27D2D3D27925}\InProcServer32\,%SystemRoot%\System32\SearchFolder.dll
ST869VRJ,Wow6432Node\Classes\CLSID\{3EF5086B-5478-4598-A054-786C45D75692}\InProcServer32,REG_SZ,,BUILTIN\Administrators,HKEY_LOCAL_MACHINE\Software\Wow6432Node\Classes\CLSID\{3EF5086B-5478-4598-A054-786C45D75692}\InProcServer32\,c:\PROGRA~2\mcafee\msc\mcsniepl.dll
ST869VRJ,Classes\CLSID\{E2510970-F137-11CE-8B67-00AA00A3F1A6}\InProcServer32,REG_SZ,,NT AUTHORITY\SYSTEM,HKEY_LOCAL_MACHINE\Software\Classes\CLSID\{E2510970-F137-11CE-8B67-00AA00A3F1A6}\InProcServer32\,C:\Windows\System32\qcap.dll
ST869VRJ,Classes\CLSID\{0bfee0ab-71c3-4ffe-89ef-bd28bef201e7}\InProcServer32,REG_SZ,,NT AUTHORITY\SYSTEM,HKEY_LOCAL_MACHINE\Software\Classes\CLSID\{0bfee0ab-71c3-4ffe-89ef-bd28bef201e7}\InProcServer32\,C:\Windows\System32\Windows.ApplicationModel.dll
ST869VRJ,Classes\CLSID\{9173D971-B142-38A5-8488-D10A9DCF71B0}\InProcServer32,REG_SZ,,NT AUTHORITY\SYSTEM,HKEY_LOCAL_MACHINE\Software\Classes\CLSID\{9173D971-B142-38A5-8488-D10A9DCF71B0}\InProcServer32\,C:\Windows\System32\mscoree.dll
ST869VRJ,Classes\CLSID\{BF426F7E-7A5E-44D6-830C-A390EA9462A3}\InProcServer32,REG_SZ,,NT AUTHORITY\SYSTEM,HKEY_LOCAL_MACHINE\Software\Classes\CLSID\{BF426F7E-7A5E-44D6-830C-A390EA9462A3}\InProcServer32\,C:\Windows\System32\msaatext.dll
ST869VRJ,Classes\CLSID\{56871D63-FE46-4c7e-84BB-5DB82D4A99F8}\InProcServer32,REG_EXPAND_SZ,,NT AUTHORITY\SYSTEM,HKEY_LOCAL_MACHINE\Software\Classes\CLSID\{56871D63-FE46-4c7e-84BB-5DB82D4A99F8}\InProcServer32\,%SystemRoot%\System32\oobe\msoobeplugins.dll
ST869VRJ,Classes\CLSID\{2735412A-7F64-5B0F-8F00-5D77AFBE261E}\InProcServer32,REG_SZ,,NT AUTHORITY\SYSTEM,HKEY_LOCAL_MACHINE\Software\Classes\CLSID\{2735412A-7F64-5B0F-8F00-5D77AFBE261E}\InProcServer32\,C:\Windows\System32\imapi2.dll
ST869VRJ,Classes\CLSID\{C7B9C313-2FD4-4384-8571-7ABC08BD17E5}\InProcServer32,REG_SZ,,NT AUTHORITY\SYSTEM,HKEY_LOCAL_MACHINE\Software\Classes\CLSID\{C7B9C313-2FD4-4384-8571-7ABC08BD17E5}\InProcServer32\,C:\Windows\System32\mscoree.dll
ST869VRJ,Classes\CLSID\{AFEF65AD-4577-447A-A148-83ACADD3D4B9}\InProcServer32,REG_SZ,,NT AUTHORITY\SYSTEM,HKEY_LOCAL_MACHINE\Software\Classes\CLSID\{AFEF65AD-4577-447A-A148-83ACADD3D4B9}\InProcServer32\,C:\Windows\System32\mscoree.dll
ST869VRJ,Classes\CLSID\{79eac9e6-baf9-11ce-8c82-00aa004ba90b}\InProcServer32,REG_SZ,,NT AUTHORITY\SYSTEM,HKEY_LOCAL_MACHINE\Software\Classes\CLSID\{79eac9e6-baf9-11ce-8c82-00aa004ba90b}\InProcServer32\,C:\Windows\System32\urlmon.dll
ST869VRJ,Classes\CLSID\{c9fcb054-949a-4088-ba5b-8ee5caec5c69}\InProcServer32,REG_EXPAND_SZ,,NT AUTHORITY\SYSTEM,HKEY_LOCAL_MACHINE\Software\Classes\CLSID\{c9fcb054-949a-4088-ba5b-8ee5caec5c69}\InProcServer32\,%SystemRoot%\system32\SDClient.dll
ST869VRJ,Classes\CLSID\{C38D6C58-29D0-4199-836B-2881AFD63C7E}\InProcServer32,REG_SZ,,BUILTIN\Administrators,HKEY_LOCAL_MACHINE\Software\Classes\CLSID\{C38D6C58-29D0-4199-836B-2881AFD63C7E}\InProcServer32\,c:\PROGRA~1\mcafee\vul\mcwinupd.dll
ST869VRJ,Classes\CLSID\{89BCC804-53A5-3EB2-A342-6282CC410260}\InProcServer32,REG_SZ,,NT AUTHORITY\SYSTEM,HKEY_LOCAL_MACHINE\Software\Classes\CLSID\{89BCC804-53A5-3EB2-A342-6282CC410260}\InProcServer32\,C:\Windows\System32\mscoree.dll
ST869VRJ,Classes\CLSID\{32F1EEA8-D64C-4c24-8247-26E648A1D202}\InProcServer32,REG_SZ,,NT AUTHORITY\SYSTEM,HKEY_LOCAL_MACHINE\Software\Classes\CLSID\{32F1EEA8-D64C-4c24-8247-26E648A1D202}\InProcServer32\,C:\Windows\System32\wuapi.dll
ST869VRJ,Classes\CLSID\{06290BD8-48AA-11D2-8432-006008C3FBFC}\InProcServer32,REG_SZ,,NT AUTHORITY\SYSTEM,HKEY_LOCAL_MACHINE\Software\Classes\CLSID\{06290BD8-48AA-11D2-8432-006008C3FBFC}\InProcServer32\,C:\Windows\System32\scrobj.dll
ST869VRJ,Classes\CLSID\{654DF05B-E619-4664-8427-3A5F6D58B890}\InProcServer32,REG_EXPAND_SZ,,NT AUTHORITY\SYSTEM,HKEY_LOCAL_MACHINE\Software\Classes\CLSID\{654DF05B-E619-4664-8427-3A5F6D58B890}\InProcServer32\,%SystemRoot%\System32\MSWB7.dll
ST869VRJ,Classes\CLSID\{6572EE16-5FE5-4331-BB6D-76A49C56E423}\InProcServer32,REG_SZ,,NT AUTHORITY\SYSTEM,HKEY_LOCAL_MACHINE\Software\Classes\CLSID\{6572EE16-5FE5-4331-BB6D-76A49C56E423}\InProcServer32\,C:\Windows\System32\msaatext.dll
ST869VRJ,Microsoft\Active Setup\Installed Components\{89820200-ECBD-11cf-8B85-00AA005B4340}\,REG_SZ,StubPath,NT AUTHORITY\SYSTEM,HKEY_LOCAL_MACHINE\SOFTWARE\Microsoft\Active Setup\Installed Components\{89820200-ECBD-11cf-8B85-00AA005B4340}\StubPath,U
ST869VRJ,Classes\CLSID\{388D606F-AF7B-4AD2-AC22-6B4FE70CE286}\InProcServer32,REG_SZ,,NT AUTHORITY\SYSTEM,HKEY_LOCAL_MACHINE\Software\Classes\CLSID\{388D606F-AF7B-4AD2-AC22-6B4FE70CE286}\InProcServer32\,C:\Windows\System32\dot3gpui.dll
ST869VRJ,Classes\CLSID\{7FE0D935-DDA6-443F-85D0-1CFB58FE41DD}\InProcServer32,REG_SZ,,NT AUTHORITY\SYSTEM,HKEY_LOCAL_MACHINE\Software\Classes\CLSID\{7FE0D935-DDA6-443F-85D0-1CFB58FE41DD}\InProcServer32\,C:\Windows\System32\certcli.dll
ST869VRJ,Classes\CLSID\{D63D5073-E487-4412-A003-4B3E82514E3D}\InProcServer32,REG_SZ,,NT AUTHORITY\SYSTEM,HKEY_LOCAL_MACHINE\Software\Classes\CLSID\{D63D5073-E487-4412-A003-4B3E82514E3D}\InProcServer32\,C:\Windows\System32\twinapi.dll
ST869VRJ,Classes\CLSID\{ccb1d8cb-d39f-41c9-b793-0196214bdc4e}\InProcServer32,REG_SZ,,NT AUTHORITY\SYSTEM,HKEY_LOCAL_MACHINE\Software\Classes\CLSID\{ccb1d8cb-d39f-41c9-b793-0196214bdc4e}\InProcServer32\,C:\Windows\System32\IME\shared\imecfm.dll
ST869VRJ,Classes\CLSID\{33F3C8F8-27A1-4DF3-A525-E89CB18881A5}\InProcServer32,REG_SZ,,NT AUTHORITY\SYSTEM,HKEY_LOCAL_MACHINE\Software\Classes\CLSID\{33F3C8F8-27A1-4DF3-A525-E89CB18881A5}\InProcServer32\,C:\Windows\System32\tsworkspace.dll
ST869VRJ,Classes\CLSID\{9324DA94-50EC-4A14-A770-E90CA03E7C8F}\InProcServer32,REG_EXPAND_SZ,,NT AUTHORITY\SYSTEM,HKEY_LOCAL_MACHINE\Software\Classes\CLSID\{9324DA94-50EC-4A14-A770-E90CA03E7C8F}\InProcServer32\,%SystemRoot%\system32\themeui.dll
ST869VRJ,Classes\CLSID\{3d154a2d-d911-437e-a30c-5f56a9b7081d}\InProcServer32,REG_EXPAND_SZ,,NT AUTHORITY\SYSTEM,HKEY_LOCAL_MACHINE\Software\Classes\CLSID\{3d154a2d-d911-437e-a30c-5f56a9b7081d}\InProcServer32\,%SystemRoot%\system32\shell32.dll
ST869VRJ,Classes\CLSID\{C03E8556-781E-49a1-8190-CE902D0B2CE7}\InProcServer32,REG_EXPAND_SZ,,NT AUTHORITY\SYSTEM,HKEY_LOCAL_MACHINE\Software\Classes\CLSID\{C03E8556-781E-49a1-8190-CE902D0B2CE7}\InProcServer32\,%SystemRoot%\system32\rasgcw.dll
ST869VRJ,Classes\CLSID\{FD30033D-C508-491E-AE43-0075E46DED83}\InProcServer32,REG_EXPAND_SZ,,NT AUTHORITY\SYSTEM,HKEY_LOCAL_MACHINE\Software\Classes\CLSID\{FD30033D-C508-491E-AE43-0075E46DED83}\InProcServer32\,%SystemRoot%\system32\msctfuimanager.dll
ST869VRJ,Classes\CLSID\{85DADE1D-E53C-4E3A-8514-19FFB6B00423}\InProcServer32,REG_SZ,,BUILTIN\Administrators,HKEY_LOCAL_MACHINE\Software\Classes\CLSID\{85DADE1D-E53C-4E3A-8514-19FFB6B00423}\InProcServer32\,c:\PROGRA~1\COMMON~1\mcafee\HACKER~1\hwapi.dll
ST869VRJ,Classes\CLSID\{7999FC25-D3C6-11CF-ACAB-00A024A55AEF}\InProcServer32,REG_SZ,,NT AUTHORITY\SYSTEM,HKEY_LOCAL_MACHINE\Software\Classes\CLSID\{7999FC25-D3C6-11CF-ACAB-00A024A55AEF}\InProcServer32\,C:\Windows\System32\comsvcs.dll
ST869VRJ,Classes\CLSID\{F5078F36-C551-11D3-89B9-0000F81FE221}\InProcServer32,REG_EXPAND_SZ,,NT AUTHORITY\SYSTEM,HKEY_LOCAL_MACHINE\Software\Classes\CLSID\{F5078F36-C551-11D3-89B9-0000F81FE221}\InProcServer32\,%SystemRoot%\System32\msxml3.dll
ST869VRJ,Classes\CLSID\{41fd88f7-f295-4d39-91ac-a85f3149a05b}\InProcServer32,REG_SZ,,NT AUTHORITY\SYSTEM,HKEY_LOCAL_MACHINE\Software\Classes\CLSID\{41fd88f7-f295-4d39-91ac-a85f3149a05b}\InProcServer32\,C:\Windows\System32\WinTypes.dll
ST869VRJ,Classes\CLSID\{2B1C6F4F-4F0D-490F-8D88-A3EAF66130AC}\InProcServer32,REG_EXPAND_SZ,,NT AUTHORITY\SYSTEM,HKEY_LOCAL_MACHINE\Software\Classes\CLSID\{2B1C6F4F-4F0D-490F-8D88-A3EAF66130AC}\InProcServer32\,%SystemRoot%\System32\MaintenanceUI.dll
ST869VRJ,Classes\CLSID\{2D3F8A1B-6DCD-4ED5-BDBA-A096594B98EF}\InProcServer32,REG_SZ,,NT AUTHORITY\SYSTEM,HKEY_LOCAL_MACHINE\Software\Classes\CLSID\{2D3F8A1B-6DCD-4ED5-BDBA-A096594B98EF}\InProcServer32\,C:\Windows\System32\twinapi.dll
ST869VRJ,Classes\CLSID\{6B34D24A-213B-4929-A8A1-F0A94EBDC8BF}\InProcServer32,REG_EXPAND_SZ,,NT AUTHORITY\SYSTEM,HKEY_LOCAL_MACHINE\Software\Classes\CLSID\{6B34D24A-213B-4929-A8A1-F0A94EBDC8BF}\InProcServer32\,%SystemRoot%\System32\MaintenanceUI.dll
ST869VRJ,Classes\CLSID\{9E56BE61-C50F-11CF-9A2C-00A0C90A90CE}\InProcServer32,REG_EXPAND_SZ,,NT AUTHORITY\SYSTEM,HKEY_LOCAL_MACHINE\Software\Classes\CLSID\{9E56BE61-C50F-11CF-9A2C-00A0C90A90CE}\InProcServer32\,%SystemRoot%\System32\sendmail.dll
ST869VRJ,Classes\CLSID\{3B873591-9427-4418-A086-79175735738F}\InProcServer32,REG_EXPAND_SZ,,NT AUTHORITY\SYSTEM,HKEY_LOCAL_MACHINE\Software\Classes\CLSID\{3B873591-9427-4418-A086-79175735738F}\InProcServer32\,%SystemRoot%\System32\smbwmiv2.dll
ST869VRJ,CurrentControlSet\Services\tunnel\,REG_EXPAND_SZ,ImagePath,NT AUTHORITY\SYSTEM,HKEY_LOCAL_MACHINE\SYSTEM\CurrentControlSet\Services\tunnel\ImagePath,\SystemRoot\system32\DRIVERS\tunnel.sys
ST869VRJ,Classes\CLSID\{a07034fd-6caa-4954-ac3f-97a27216f98a}\InProcServer32,REG_EXPAND_SZ,,NT AUTHORITY\SYSTEM,HKEY_LOCAL_MACHINE\Software\Classes\CLSID\{a07034fd-6caa-4954-ac3f-97a27216f98a}\InProcServer32\,%SystemRoot%\system32\shell32.dll
ST869VRJ,Classes\CLSID\{A6B222AB-A5EA-4899-B230-084657EDDC7D}\InProcServer32,REG_SZ,,NT AUTHORITY\SYSTEM,HKEY_LOCAL_MACHINE\Software\Classes\CLSID\{A6B222AB-A5EA-4899-B230-084657EDDC7D}\InProcServer32\,C:\Windows\System32\ieframe.dll
ST869VRJ,Wow6432Node\Classes\CLSID\{f1bd1079-9f01-4bdc-8036-f09b70095066}\InProcServer32,REG_SZ,,NT AUTHORITY\SYSTEM,HKEY_LOCAL_MACHINE\Software\Wow6432Node\Classes\CLSID\{f1bd1079-9f01-4bdc-8036-f09b70095066}\InProcServer32\,C:\Windows\SysWOW64\bitsprx4.dll
ST869VRJ,Classes\CLSID\{AD664904-FE8A-3217-BBF5-E6AB1D998F5F}\InProcServer32,REG_SZ,,NT AUTHORITY\SYSTEM,HKEY_LOCAL_MACHINE\Software\Classes\CLSID\{AD664904-FE8A-3217-BBF5-E6AB1D998F5F}\InProcServer32\,C:\Windows\System32\mscoree.dll
ST869VRJ,Classes\CLSID\{10A2BDBC-7130-420C-9320-A92CC1919206}\InProcServer32,REG_EXPAND_SZ,,NT AUTHORITY\SYSTEM,HKEY_LOCAL_MACHINE\Software\Classes\CLSID\{10A2BDBC-7130-420C-9320-A92CC1919206}\InProcServer32\,%SystemRoot%\System32\NaturalLanguage6.dll
ST869VRJ,Classes\CLSID\{f4d8c39a-f43d-42b4-9bdf-4e48d3044ba0}\InProcServer32,REG_SZ,,NT AUTHORITY\SYSTEM,HKEY_LOCAL_MACHINE\Software\Classes\CLSID\{f4d8c39a-f43d-42b4-9bdf-4e48d3044ba0}\InProcServer32\,C:\Windows\System32\dnscmmc.dll
ST869VRJ,Classes\CLSID\{94807D76-62F1-4C85-B794-D0B29E29DAAE}\InProcServer32,REG_SZ,,BUILTIN\Administrators,HKEY_LOCAL_MACHINE\Software\Classes\CLSID\{94807D76-62F1-4C85-B794-D0B29E29DAAE}\InProcServer32\,c:\PROGRA~1\mcafee\mps\mpsmisp.dll
ST869VRJ,Classes\CLSID\{5DE7918B-BFD7-4C1E-B4E0-B16D0A3EA76B}\InProcServer32,REG_SZ,,NT AUTHORITY\SYSTEM,HKEY_LOCAL_MACHINE\Software\Classes\CLSID\{5DE7918B-BFD7-4C1E-B4E0-B16D0A3EA76B}\InProcServer32\,C:\Windows\System32\AuthHostProxy.dll
ST869VRJ,CurrentControlSet\Services\NdisWan\,REG_EXPAND_SZ,ImagePath,NT AUTHORITY\SYSTEM,HKEY_LOCAL_MACHINE\SYSTEM\CurrentControlSet\Services\NdisWan\ImagePath,\SystemRoot\System32\drivers\ndiswan.sys
ST869VRJ,Wow6432Node\Classes\CLSID\{9C86F320-DEE3-4DD1-B972-A303F26B061E}\InProcServer32,REG_SZ,,NT AUTHORITY\SYSTEM,HKEY_LOCAL_MACHINE\Software\Wow6432Node\Classes\CLSID\{9C86F320-DEE3-4DD1-B972-A303F26B061E}\InProcServer32\,C:\Windows\SysWOW64\TaskSchdPS.dll
ST869VRJ,Classes\CLSID\{93a56381-e0cd-485a-b60e-67819e12f81b}\InProcServer32,REG_EXPAND_SZ,,NT AUTHORITY\SYSTEM,HKEY_LOCAL_MACHINE\Software\Classes\CLSID\{93a56381-e0cd-485a-b60e-67819e12f81b}\InProcServer32\,%SystemRoot%\system32\explorerframe.dll
ST869VRJ,Classes\CLSID\{348ef17d-6c81-4982-92b4-ee188a43867a}\InProcServer32,REG_EXPAND_SZ,,NT AUTHORITY\SYSTEM,HKEY_LOCAL_MACHINE\Software\Classes\CLSID\{348ef17d-6c81-4982-92b4-ee188a43867a}\InProcServer32\,%SystemRoot%\System32\XpsPrint.dll
ST869VRJ,Classes\CLSID\{B2E8D89A-7A99-4b43-9638-DF4FF83EAC11}\InProcServer32,REG_SZ,,NT AUTHORITY\SYSTEM,HKEY_LOCAL_MACHINE\Software\Classes\CLSID\{B2E8D89A-7A99-4b43-9638-DF4FF83EAC11}\InProcServer32\,C:\Windows\System32\catsrvut.dll
ST869VRJ,Classes\CLSID\{be382474-a1dd-4dc9-aa9b-2a934d67bd10}\InProcServer32,REG_EXPAND_SZ,,NT AUTHORITY\SYSTEM,HKEY_LOCAL_MACHINE\Software\Classes\CLSID\{be382474-a1dd-4dc9-aa9b-2a934d67bd10}\InProcServer32\,%SystemRoot%\system32\shell32.dll
ST869VRJ,Classes\CLSID\{384ea5ae-ade1-4e8a-8a9b-7bea78fff1e9}\InProcServer32,REG_EXPAND_SZ,,NT AUTHORITY\SYSTEM,HKEY_LOCAL_MACHINE\Software\Classes\CLSID\{384ea5ae-ade1-4e8a-8a9b-7bea78fff1e9}\InProcServer32\,%SystemRoot%\system32\SearchFolder.dll
ST869VRJ,Classes\CLSID\{0340F119-A598-4ed9-B0AC-6F6A12D3E755}\InProcServer32,REG_EXPAND_SZ,,NT AUTHORITY\SYSTEM,HKEY_LOCAL_MACHINE\Software\Classes\CLSID\{0340F119-A598-4ed9-B0AC-6F6A12D3E755}\InProcServer32\,%SystemRoot%\system32\propsys.dll
ST869VRJ,Classes\CLSID\{7071ECB7-663B-4bc1-A1FA-B97F3B917C55}\InProcServer32,REG_EXPAND_SZ,,NT AUTHORITY\SYSTEM,HKEY_LOCAL_MACHINE\Software\Classes\CLSID\{7071ECB7-663B-4bc1-A1FA-B97F3B917C55}\InProcServer32\,%SystemRoot%\system32\connect.dll
ST869VRJ,Classes\CLSID\{d74a07b1-ea36-4f32-a85a-9777a4ae12aa}\InProcServer32,REG_SZ,,NT AUTHORITY\SYSTEM,HKEY_LOCAL_MACHINE\Software\Classes\CLSID\{d74a07b1-ea36-4f32-a85a-9777a4ae12aa}\InProcServer32\,C:\Windows\System32\IME\IMEKR\imkrapi.dll
ST869VRJ,Classes\CLSID\{EE96F4E1-377E-315C-AEF5-874DC8C7A2AA}\InProcServer32,REG_SZ,,NT AUTHORITY\SYSTEM,HKEY_LOCAL_MACHINE\Software\Classes\CLSID\{EE96F4E1-377E-315C-AEF5-874DC8C7A2AA}\InProcServer32\,C:\Windows\System32\mscoree.dll
ST869VRJ,Classes\CLSID\{7e99c0a3-f935-11d2-ba96-00c04fb6d0d1}\InProcServer32,REG_EXPAND_SZ,,NT AUTHORITY\SYSTEM,HKEY_LOCAL_MACHINE\Software\Classes\CLSID\{7e99c0a3-f935-11d2-ba96-00c04fb6d0d1}\InProcServer32\,%SystemRoot%\system32\activeds.dll
ST869VRJ,Classes\CLSID\{CA0F511A-FAF2-4942-B9A8-17D5E46514E8}\InProcServer32,REG_SZ,,NT AUTHORITY\SYSTEM,HKEY_LOCAL_MACHINE\Software\Classes\CLSID\{CA0F511A-FAF2-4942-B9A8-17D5E46514E8}\InProcServer32\,C:\Windows\System32\mscoree.dll
ST869VRJ,Classes\CLSID\{DCB00009-570F-4A9B-8D69-199FDBA5723B}\InProcServer32,REG_EXPAND_SZ,,NT AUTHORITY\SYSTEM,HKEY_LOCAL_MACHINE\Software\Classes\CLSID\{DCB00009-570F-4A9B-8D69-199FDBA5723B}\InProcServer32\,%SystemRoot%\System32\nlmproxy.dll
ST869VRJ,Wow6432Node\Classes\CLSID\{7CD4F369-6379-4EBB-86D4-87DA8E63CA3B}\InProcServer32,REG_SZ,,NT AUTHORITY\SYSTEM,HKEY_LOCAL_MACHINE\Software\Wow6432Node\Classes\CLSID\{7CD4F369-6379-4EBB-86D4-87DA8E63CA3B}\InProcServer32\,C:\Windows\SysWOW64\Windows.ApplicationModel.Store.dll
ST869VRJ,Classes\CLSID\{25E609E5-B259-11CF-BFC7-444553540000}\InProcServer32,REG_SZ,,NT AUTHORITY\SYSTEM,HKEY_LOCAL_MACHINE\Software\Classes\CLSID\{25E609E5-B259-11CF-BFC7-444553540000}\InProcServer32\,C:\Windows\System32\dinput8.dll
ST869VRJ,Classes\CLSID\{372FCE38-4324-11D0-8810-00A0C903B83C}\InProcServer32,REG_SZ,,NT AUTHORITY\SYSTEM,HKEY_LOCAL_MACHINE\Software\Classes\CLSID\{372FCE38-4324-11D0-8810-00A0C903B83C}\InProcServer32\,C:\Windows\System32\certcli.dll
ST869VRJ,Classes\CLSID\{742AD1FB-B2F0-3681-B4AA-E736A3BCE4E1}\InProcServer32,REG_SZ,,NT AUTHORITY\SYSTEM,HKEY_LOCAL_MACHINE\Software\Classes\CLSID\{742AD1FB-B2F0-3681-B4AA-E736A3BCE4E1}\InProcServer32\,C:\Windows\System32\mscoree.dll
ST869VRJ,Classes\CLSID\{AA000926-FFBE-11CF-8800-00A0C903B83C}\InProcServer32,REG_SZ,,NT AUTHORITY\SYSTEM,HKEY_LOCAL_MACHINE\Software\Classes\CLSID\{AA000926-FFBE-11CF-8800-00A0C903B83C}\InProcServer32\,C:\Windows\System32\certcli.dll
ST869VRJ,Classes\CLSID\{0010890e-8789-413c-adbc-48f5b511b3af}\InProcServer32,REG_EXPAND_SZ,,NT AUTHORITY\SYSTEM,HKEY_LOCAL_MACHINE\Software\Classes\CLSID\{0010890e-8789-413c-adbc-48f5b511b3af}\InProcServer32\,%SystemRoot%\system32\shell32.dll
ST869VRJ,Classes\CLSID\{6BC098AC-0CE6-11D1-BAAE-00C04FC2E20D}\InProcServer32,REG_EXPAND_SZ,,NT AUTHORITY\SYSTEM,HKEY_LOCAL_MACHINE\Software\Classes\CLSID\{6BC098AC-0CE6-11D1-BAAE-00C04FC2E20D}\InProcServer32\,%SystemRoot%\system32\iasnap.dll
ST869VRJ,Classes\CLSID\{34F85D56-33E9-4CD0-BB19-D8C3BAA04025}\InProcServer32,REG_EXPAND_SZ,,NT AUTHORITY\SYSTEM,HKEY_LOCAL_MACHINE\Software\Classes\CLSID\{34F85D56-33E9-4CD0-BB19-D8C3BAA04025}\InProcServer32\,%SystemRoot%\System32\wsclient.dll
ST869VRJ,Classes\CLSID\{CA116708-1727-4E71-93F5-CA43081DC62A}\InProcServer32,REG_EXPAND_SZ,,NT AUTHORITY\SYSTEM,HKEY_LOCAL_MACHINE\Software\Classes\CLSID\{CA116708-1727-4E71-93F5-CA43081DC62A}\InProcServer32\,%SystemRoot%\system32\PlayToStatusProvider.dll
ST869VRJ,Classes\CLSID\{d92bd3b9-99a0-4334-a497-11bcb093e9d2}\InProcServer32,REG_EXPAND_SZ,,NT AUTHORITY\SYSTEM,HKEY_LOCAL_MACHINE\Software\Classes\CLSID\{d92bd3b9-99a0-4334-a497-11bcb093e9d2}\InProcServer32\,%SystemRoot%\System32\explorerframe.dll
ST869VRJ,Classes\CLSID\{FD6F2917-326E-405B-8B10-DC93A013A73B}\InProcServer32,REG_SZ,,NT AUTHORITY\SYSTEM,HKEY_LOCAL_MACHINE\Software\Classes\CLSID\{FD6F2917-326E-405B-8B10-DC93A013A73B}\InProcServer32\,C:\Windows\System32\CryptoWinRT.dll
ST869VRJ,Classes\CLSID\{58221C65-EA27-11CF-ADCF-00AA00A80033}\InProcServer32,REG_EXPAND_SZ,,NT AUTHORITY\SYSTEM,HKEY_LOCAL_MACHINE\Software\Classes\CLSID\{58221C65-EA27-11CF-ADCF-00AA00A80033}\InProcServer32\,%SystemRoot%\system32\filemgmt.dll
ST869VRJ,Wow6432Node\Classes\CLSID\{ADE27590-4C84-4ABB-AE56-8233CC73D80F}\InProcServer32,REG_SZ,,NT AUTHORITY\SYSTEM,HKEY_LOCAL_MACHINE\Software\Wow6432Node\Classes\CLSID\{ADE27590-4C84-4ABB-AE56-8233CC73D80F}\InProcServer32\,C:\Windows\SysWOW64\MrmCoreR.dll
ST869VRJ,Classes\CLSID\{5A18D43E-115B-3B8B-8245-9A06B204B717}\InProcServer32,REG_SZ,,NT AUTHORITY\SYSTEM,HKEY_LOCAL_MACHINE\Software\Classes\CLSID\{5A18D43E-115B-3B8B-8245-9A06B204B717}\InProcServer32\,C:\Windows\System32\mscoree.dll
ST869VRJ,Classes\CLSID\{EB9D0A19-E64D-4C85-A6A1-45EFAB463E6F}\InProcServer32,REG_SZ,,NT AUTHORITY\SYSTEM,HKEY_LOCAL_MACHINE\Software\Classes\CLSID\{EB9D0A19-E64D-4C85-A6A1-45EFAB463E6F}\InProcServer32\,C:\Windows\System32\Windows.Devices.Printers.Extensions.dll
ST869VRJ,Classes\CLSID\{ecabafab-7f19-11d2-978e-0000f8757e2a}\InProcServer32,REG_SZ,,NT AUTHORITY\SYSTEM,HKEY_LOCAL_MACHINE\Software\Classes\CLSID\{ecabafab-7f19-11d2-978e-0000f8757e2a}\InProcServer32\,C:\Windows\System32\comsvcs.dll
ST869VRJ,Classes\CLSID\{942bc614-676c-464e-b384-d3202aaa02da}\InProcServer32,REG_SZ,,NT AUTHORITY\SYSTEM,HKEY_LOCAL_MACHINE\Software\Classes\CLSID\{942bc614-676c-464e-b384-d3202aaa02da}\InProcServer32\,C:\Windows\System32\ieframe.dll
ST869VRJ,Classes\CLSID\{EEC5DCCA-05DC-4B46-8AF7-2881C1635AEA}\InProcServer32,REG_SZ,,NT AUTHORITY\SYSTEM,HKEY_LOCAL_MACHINE\Software\Classes\CLSID\{EEC5DCCA-05DC-4B46-8AF7-2881C1635AEA}\InProcServer32\,C:\Windows\System32\mscoree.dll
ST869VRJ,Classes\CLSID\{3050f5be-98b5-11cf-bb82-00aa00bdce0b}\InProcServer32,REG_SZ,,NT AUTHORITY\SYSTEM,HKEY_LOCAL_MACHINE\Software\Classes\CLSID\{3050f5be-98b5-11cf-bb82-00aa00bdce0b}\InProcServer32\,C:\Windows\System32\iepeers.dll
ST869VRJ,Classes\CLSID\{97e467b4-98c6-4f19-9588-161b7773d6f6}\InProcServer32,REG_EXPAND_SZ,,NT AUTHORITY\SYSTEM,HKEY_LOCAL_MACHINE\Software\Classes\CLSID\{97e467b4-98c6-4f19-9588-161b7773d6f6}\InProcServer32\,%SystemRoot%\system32\propsys.dll
ST869VRJ,Classes\CLSID\{E436EBB7-524F-11CE-9F53-0020AF0BA770}\InProcServer32,REG_SZ,,NT AUTHORITY\SYSTEM,HKEY_LOCAL_MACHINE\Software\Classes\CLSID\{E436EBB7-524F-11CE-9F53-0020AF0BA770}\InProcServer32\,C:\Windows\System32\quartz.dll
ST869VRJ,CurrentControlSet\Services\vmbusr\,REG_EXPAND_SZ,ImagePath,NT AUTHORITY\SYSTEM,HKEY_LOCAL_MACHINE\SYSTEM\CurrentControlSet\Services\vmbusr\ImagePath,\SystemRoot\System32\drivers\vmbusr.sys
ST869VRJ,Classes\CLSID\{773229CD-D53C-4211-ACD8-8F2C7BF2AE7C}\InProcServer32,REG_EXPAND_SZ,,NT AUTHORITY\SYSTEM,HKEY_LOCAL_MACHINE\Software\Classes\CLSID\{773229CD-D53C-4211-ACD8-8F2C7BF2AE7C}\InProcServer32\,%SystemRoot%\System32\NaturalLanguage6.dll
ST869VRJ,Classes\CLSID\{CA0AC604-8EF2-448A-AE97-62A2C2CC3C46}\InProcServer32,REG_EXPAND_SZ,,NT AUTHORITY\SYSTEM,HKEY_LOCAL_MACHINE\Software\Classes\CLSID\{CA0AC604-8EF2-448A-AE97-62A2C2CC3C46}\InProcServer32\,%SystemRoot%\System32\Speech\Common\sapi.dll
ST869VRJ,Classes\CLSID\{26671179-2ec2-42bf-93d3-64108589cad5}\InProcServer32,REG_EXPAND_SZ,,NT AUTHORITY\SYSTEM,HKEY_LOCAL_MACHINE\Software\Classes\CLSID\{26671179-2ec2-42bf-93d3-64108589cad5}\InProcServer32\,%SystemRoot%\system32\shell32.dll
ST869VRJ,Classes\CLSID\{7B769B29-35F0-3BDC-AAE9-E99937F6CDEC}\InProcServer32,REG_SZ,,NT AUTHORITY\SYSTEM,HKEY_LOCAL_MACHINE\Software\Classes\CLSID\{7B769B29-35F0-3BDC-AAE9-E99937F6CDEC}\InProcServer32\,C:\Windows\System32\mscoree.dll
ST869VRJ,Classes\CLSID\{B6F9C8AF-EF3A-41C8-A911-37370C331DD4}\InProcServer32,REG_EXPAND_SZ,,NT AUTHORITY\SYSTEM,HKEY_LOCAL_MACHINE\Software\Classes\CLSID\{B6F9C8AF-EF3A-41C8-A911-37370C331DD4}\InProcServer32\,%SystemRoot%\System32\scrptadm.dll
ST869VRJ,Classes\CLSID\{C21B45B8-5D76-4575-BA27-54823098C491}\InProcServer32,REG_SZ,,NT AUTHORITY\SYSTEM,HKEY_LOCAL_MACHINE\Software\Classes\CLSID\{C21B45B8-5D76-4575-BA27-54823098C491}\InProcServer32\,C:\Windows\System32\ieframe.dll
ST869VRJ,Classes\CLSID\{E8C19781-29C1-4B08-9004-4F1BF947CCE9}\InProcServer32,REG_SZ,,BUILTIN\Administrators,HKEY_LOCAL_MACHINE\Software\Classes\CLSID\{E8C19781-29C1-4B08-9004-4F1BF947CCE9}\InProcServer32\,C:\Program Files\Common Files\McAfee\PEF\CORE\PEFWebObjects.dll
ST869VRJ,Classes\CLSID\{F94CDF40-02D6-4E79-89F7-B5357F3B1A39}\InProcServer32,REG_EXPAND_SZ,,NT AUTHORITY\SYSTEM,HKEY_LOCAL_MACHINE\Software\Classes\CLSID\{F94CDF40-02D6-4E79-89F7-B5357F3B1A39}\InProcServer32\,%SystemRoot%\System32\twinui.appcore.dll
ST869VRJ,Classes\CLSID\{e7a7a3e2-c61b-4f1f-ab41-e929dd7fa60d}\InProcServer32,REG_SZ,,NT AUTHORITY\SYSTEM,HKEY_LOCAL_MACHINE\Software\Classes\CLSID\{e7a7a3e2-c61b-4f1f-ab41-e929dd7fa60d}\InProcServer32\,C:\Windows\System32\IME\IMEJP\imjpdapi.dll
ST869VRJ,Classes\CLSID\{2EC4C88A-9A75-4C36-A07E-419CB0D78B8E}\InProcServer32,REG_SZ,,NT AUTHORITY\SYSTEM,HKEY_LOCAL_MACHINE\Software\Classes\CLSID\{2EC4C88A-9A75-4C36-A07E-419CB0D78B8E}\InProcServer32\,C:\Windows\System32\InputMethod\Shared\MoIME_ps.dll
ST869VRJ,Wow6432Node\Classes\CLSID\{73959FD1-7360-42F7-807D-622341783DC0}\InProcServer32,REG_SZ,,NT AUTHORITY\SYSTEM,HKEY_LOCAL_MACHINE\Software\Wow6432Node\Classes\CLSID\{73959FD1-7360-42F7-807D-622341783DC0}\InProcServer32\,C:\Windows\SysWOW64\AppXDeploymentClient.dll
ST869VRJ,Classes\CLSID\{52ce2fe5-04c3-42fd-8a8b-4251affb8408}\InProcServer32,REG_EXPAND_SZ,,NT AUTHORITY\SYSTEM,HKEY_LOCAL_MACHINE\Software\Classes\CLSID\{52ce2fe5-04c3-42fd-8a8b-4251affb8408}\InProcServer32\,%SystemRoot%\system32\shell32.dll
ST869VRJ,Classes\CLSID\{777BA8F9-2498-4875-933A-3067DE883070}\InProcServer32,REG_EXPAND_SZ,,NT AUTHORITY\SYSTEM,HKEY_LOCAL_MACHINE\Software\Classes\CLSID\{777BA8F9-2498-4875-933A-3067DE883070}\InProcServer32\,%SystemRoot%\system32\xwreg.dll
ST869VRJ,CurrentControlSet\Services\Wanarp\,REG_EXPAND_SZ,ImagePath,NT AUTHORITY\SYSTEM,HKEY_LOCAL_MACHINE\SYSTEM\CurrentControlSet\Services\Wanarp\ImagePath,\SystemRoot\system32\DRIVERS\wanarp.sys
ST869VRJ,Wow6432Node\Microsoft\Windows NT\CurrentVersion\Image File Execution Options\DllNXOptions\,REG_DWORD,mscoree.dll,NT AUTHORITY\SYSTEM,HKEY_LOCAL_MACHINE\Software\Wow6432Node\Microsoft\Windows NT\CurrentVersion\Image File Execution Options\DllNXOptions\mscoree.dll,1
ST869VRJ,Classes\CLSID\{F0DB4512-0E25-4A1F-A88B-8FF40351BFCD}\InProcServer32,REG_EXPAND_SZ,,NT AUTHORITY\SYSTEM,HKEY_LOCAL_MACHINE\Software\Classes\CLSID\{F0DB4512-0E25-4A1F-A88B-8FF40351BFCD}\InProcServer32\,%SystemRoot%\System32\twinui.dll
ST869VRJ,CurrentControlSet\Services\TrkWks\Parameters\,REG_EXPAND_SZ,ServiceDll,NT AUTHORITY\SYSTEM,HKEY_LOCAL_MACHINE\SYSTEM\CurrentControlSet\Services\TrkWks\Parameters\ServiceDll,%SystemRoot%\System32\trkwks.dll
ST869VRJ,CurrentControlSet\Services\DcomLaunch\Parameters\,REG_EXPAND_SZ,ServiceDll,NT AUTHORITY\SYSTEM,HKEY_LOCAL_MACHINE\SYSTEM\CurrentControlSet\Services\DcomLaunch\Parameters\ServiceDll,%SystemRoot%\system32\rpcss.dll
ST869VRJ,Classes\CLSID\{C03E8581-781E-49a1-8190-CE902D0B2CE7}\InProcServer32,REG_EXPAND_SZ,,NT AUTHORITY\SYSTEM,HKEY_LOCAL_MACHINE\Software\Classes\CLSID\{C03E8581-781E-49a1-8190-CE902D0B2CE7}\InProcServer32\,%SystemRoot%\system32\xwizards.dll
ST869VRJ,Classes\CLSID\{DE4B86D4-00A1-463A-A26E-B7E555482952}\InProcServer32,REG_SZ,,BUILTIN\Administrators,HKEY_LOCAL_MACHINE\Software\Classes\CLSID\{DE4B86D4-00A1-463A-A26E-B7E555482952}\InProcServer32\,C:\Program Files\Common Files\McAfee\PEF\CORE\PEFIntegrate.dll
ST869VRJ,Classes\CLSID\{005A9C68-E216-4B27-8F59-B336829B3868}\InProcServer32,REG_EXPAND_SZ,,NT AUTHORITY\SYSTEM,HKEY_LOCAL_MACHINE\Software\Classes\CLSID\{005A9C68-E216-4B27-8F59-B336829B3868}\InProcServer32\,%SystemRoot%\system32\tssdjet.dll
ST869VRJ,Classes\CLSID\{9E51E0D0-6E0F-11d2-9601-00C04FA31A86}\InProcServer32,REG_EXPAND_SZ,,NT AUTHORITY\SYSTEM,HKEY_LOCAL_MACHINE\Software\Classes\CLSID\{9E51E0D0-6E0F-11d2-9601-00C04FA31A86}\InProcServer32\,%SystemRoot%\system32\dsquery.dll
ST869VRJ,Classes\CLSID\{6db7cd52-e3b7-4ecc-bb1f-388aeef6bb50}\InProcServer32,REG_EXPAND_SZ,,NT AUTHORITY\SYSTEM,HKEY_LOCAL_MACHINE\Software\Classes\CLSID\{6db7cd52-e3b7-4ecc-bb1f-388aeef6bb50}\InProcServer32\,%SystemRoot%\System32\wpnapps.dll
ST869VRJ,Classes\CLSID\{F79AC7AC-E742-4F2F-A3FE-A466DD56919E}\InProcServer32,REG_SZ,,NT AUTHORITY\SYSTEM,HKEY_LOCAL_MACHINE\Software\Classes\CLSID\{F79AC7AC-E742-4F2F-A3FE-A466DD56919E}\InProcServer32\,C:\Windows\System32\ScwRegistryExt.dll
ST869VRJ,CurrentControlSet\Services\SCardSvr\Parameters\,REG_EXPAND_SZ,ServiceDll,NT AUTHORITY\SYSTEM,HKEY_LOCAL_MACHINE\SYSTEM\CurrentControlSet\Services\SCardSvr\Parameters\ServiceDll,%SystemRoot%\System32\SCardSvr.dll
ST869VRJ,Classes\CLSID\{EF011F79-4000-406D-87AF-BFFB3FC39D57}\InProcServer32,REG_EXPAND_SZ,,NT AUTHORITY\SYSTEM,HKEY_LOCAL_MACHINE\Software\Classes\CLSID\{EF011F79-4000-406D-87AF-BFFB3FC39D57}\InProcServer32\,%SystemRoot%\System32\dsdmo.dll
ST869VRJ,Classes\CLSID\{71E38F91-7E88-11CF-9EDE-0080C78B7F89}\InProcServer32,REG_SZ,,NT AUTHORITY\SYSTEM,HKEY_LOCAL_MACHINE\Software\Classes\CLSID\{71E38F91-7E88-11CF-9EDE-0080C78B7F89}\InProcServer32\,C:\Windows\System32\comsvcs.dll
ST869VRJ,Classes\CLSID\{3050f3BB-98b5-11cf-bb82-00aa00bdce0b}\InProcServer32,REG_SZ,,NT AUTHORITY\SYSTEM,HKEY_LOCAL_MACHINE\Software\Classes\CLSID\{3050f3BB-98b5-11cf-bb82-00aa00bdce0b}\InProcServer32\,C:\Windows\System32\mshtml.dll
ST869VRJ,Classes\CLSID\{EF411752-3736-4CB4-9C8C-8EF4CCB58EFE}\InProcServer32,REG_EXPAND_SZ,,NT AUTHORITY\SYSTEM,HKEY_LOCAL_MACHINE\Software\Classes\CLSID\{EF411752-3736-4CB4-9C8C-8EF4CCB58EFE}\InProcServer32\,%SystemRoot%\System32\Speech\Common\sapi.dll
ST869VRJ,Classes\CLSID\{CF8F7FCF-94FE-3516-90E9-C103156DD2D5}\InProcServer32,REG_SZ,,NT AUTHORITY\SYSTEM,HKEY_LOCAL_MACHINE\Software\Classes\CLSID\{CF8F7FCF-94FE-3516-90E9-C103156DD2D5}\InProcServer32\,C:\Windows\System32\mscoree.dll
ST869VRJ,Classes\CLSID\{713aacc8-3b71-435c-a3a1-be4e53621ab1}\InProcServer32,REG_EXPAND_SZ,,NT AUTHORITY\SYSTEM,HKEY_LOCAL_MACHINE\Software\Classes\CLSID\{713aacc8-3b71-435c-a3a1-be4e53621ab1}\InProcServer32\,%SystemRoot%\system32\shell32.dll
ST869VRJ,Classes\CLSID\{F5B63656-069D-4E80-B4FD-9E0DB16604D8}\InProcServer32,REG_EXPAND_SZ,,NT AUTHORITY\SYSTEM,HKEY_LOCAL_MACHINE\Software\Classes\CLSID\{F5B63656-069D-4E80-B4FD-9E0DB16604D8}\InProcServer32\,%SystemRoot%\system32\upnphost.dll
ST869VRJ,Classes\CLSID\{8E4062D9-FE1B-4b9e-AA16-5E8EEF68F48E}\InProcServer32,REG_SZ,,NT AUTHORITY\SYSTEM,HKEY_LOCAL_MACHINE\Software\Classes\CLSID\{8E4062D9-FE1B-4b9e-AA16-5E8EEF68F48E}\InProcServer32\,C:\Windows\System32\RegCtrl.dll
ST869VRJ,Classes\CLSID\{69546697-5b53-43c5-8391-9e227b54957b}\InProcServer32,REG_EXPAND_SZ,,NT AUTHORITY\SYSTEM,HKEY_LOCAL_MACHINE\Software\Classes\CLSID\{69546697-5b53-43c5-8391-9e227b54957b}\InProcServer32\,%SystemRoot%\system32\appwiz.cpl
ST869VRJ,Classes\CLSID\{6A49950E-CE8A-4EF7-88B4-9D112366511C}\InProcServer32,REG_EXPAND_SZ,,NT AUTHORITY\SYSTEM,HKEY_LOCAL_MACHINE\Software\Classes\CLSID\{6A49950E-CE8A-4EF7-88B4-9D112366511C}\InProcServer32\,%SystemRoot%\system32\softkbd.dll
ST869VRJ,Classes\CLSID\{05BDC38E-5493-487a-A7FF-8CF2246ABC13}\InProcServer32,REG_SZ,,NT AUTHORITY\SYSTEM,HKEY_LOCAL_MACHINE\Software\Classes\CLSID\{05BDC38E-5493-487a-A7FF-8CF2246ABC13}\InProcServer32\,C:\Windows\System32\ieframe.dll
ST869VRJ,Classes\CLSID\{3050F3D9-98B5-11CF-BB82-00AA00BDCE0B}\InProcServer32,REG_SZ,,NT AUTHORITY\SYSTEM,HKEY_LOCAL_MACHINE\Software\Classes\CLSID\{3050F3D9-98B5-11CF-BB82-00AA00BDCE0B}\InProcServer32\,C:\Windows\System32\mshtml.dll
ST869VRJ,Classes\CLSID\{4753da60-5b71-11cf-b035-00aa006e0975}\InProcServer32,REG_EXPAND_SZ,,NT AUTHORITY\SYSTEM,HKEY_LOCAL_MACHINE\Software\Classes\CLSID\{4753da60-5b71-11cf-b035-00aa006e0975}\InProcServer32\,%SystemRoot%\system32\activeds.dll
ST869VRJ,Classes\CLSID\{7071ECFA-663B-4bc1-A1FA-B97F3B917C55}\InProcServer32,REG_EXPAND_SZ,,NT AUTHORITY\SYSTEM,HKEY_LOCAL_MACHINE\Software\Classes\CLSID\{7071ECFA-663B-4bc1-A1FA-B97F3B917C55}\InProcServer32\,%SystemRoot%\system32\connect.dll
ST869VRJ,Classes\CLSID\{FE6B11C3-C72E-4061-86C6-9D163121F229}\InProcServer32,REG_SZ,,NT AUTHORITY\SYSTEM,HKEY_LOCAL_MACHINE\Software\Classes\CLSID\{FE6B11C3-C72E-4061-86C6-9D163121F229}\InProcServer32\,C:\Windows\System32\msfeeds.dll
ST869VRJ,Classes\CLSID\{D8013EF1-730B-45E2-BA24-874B7242C425}\InProcServer32,REG_SZ,,NT AUTHORITY\SYSTEM,HKEY_LOCAL_MACHINE\Software\Classes\CLSID\{D8013EF1-730B-45E2-BA24-874B7242C425}\InProcServer32\,C:\Windows\System32\mscoree.dll
ST869VRJ,Classes\CLSID\{86422020-42A0-1069-A2E5-08002B30309D}\InProcServer32,REG_EXPAND_SZ,,NT AUTHORITY\SYSTEM,HKEY_LOCAL_MACHINE\Software\Classes\CLSID\{86422020-42A0-1069-A2E5-08002B30309D}\InProcServer32\,%SystemRoot%\system32\shell32.dll
ST869VRJ,Classes\CLSID\{E4D28EDC-8C0B-43EE-9E7D-C8A8682334DC}\InProcServer32,REG_SZ,,NT AUTHORITY\SYSTEM,HKEY_LOCAL_MACHINE\Software\Classes\CLSID\{E4D28EDC-8C0B-43EE-9E7D-C8A8682334DC}\InProcServer32\,C:\Program Files (x86)\VMware\VMware Player\x64\vmdkShellExt64.dll
ST869VRJ,Classes\CLSID\{510C4E33-05D5-438B-9852-E8406EFF033D}\InProcServer32,REG_SZ,,NT AUTHORITY\SYSTEM,HKEY_LOCAL_MACHINE\Software\Classes\CLSID\{510C4E33-05D5-438B-9852-E8406EFF033D}\InProcServer32\,C:\Windows\System32\PrintIsolationProxy.dll
ST869VRJ,Classes\CLSID\{80FCA77A-FBCB-4F7D-BC84-547E3F79D618}\InProcServer32,REG_SZ,,NT AUTHORITY\SYSTEM,HKEY_LOCAL_MACHINE\Software\Classes\CLSID\{80FCA77A-FBCB-4F7D-BC84-547E3F79D618}\InProcServer32\,C:\Windows\System32\shdocvw.dll
ST869VRJ,Classes\CLSID\{CE39D6F3-DAB7-41b3-9F7D-BD1CC4E92399}\InProcServer32,REG_SZ,,NT AUTHORITY\SYSTEM,HKEY_LOCAL_MACHINE\Software\Classes\CLSID\{CE39D6F3-DAB7-41b3-9F7D-BD1CC4E92399}\InProcServer32\,C:\Windows\System32\mscoree.dll
ST869VRJ,Microsoft\Windows NT\CurrentVersion\Image File Execution Options\DllNXOptions\,REG_DWORD,DJSMAR00.dll,NT AUTHORITY\SYSTEM,HKEY_LOCAL_MACHINE\Software\Microsoft\Windows NT\CurrentVersion\Image File Execution Options\DllNXOptions\DJSMAR00.dll,1
ST869VRJ,Classes\CLSID\{7071EC13-663B-4bc1-A1FA-B97F3B917C55}\InProcServer32,REG_EXPAND_SZ,,NT AUTHORITY\SYSTEM,HKEY_LOCAL_MACHINE\Software\Classes\CLSID\{7071EC13-663B-4bc1-A1FA-B97F3B917C55}\InProcServer32\,%SystemRoot%\system32\connect.dll
ST869VRJ,Classes\CLSID\{603D2398-7D3C-40F0-8879-D7BB83343CB4}\InProcServer32,REG_EXPAND_SZ,,NT AUTHORITY\SYSTEM,HKEY_LOCAL_MACHINE\Software\Classes\CLSID\{603D2398-7D3C-40F0-8879-D7BB83343CB4}\InProcServer32\,%SystemRoot%\System32\MSWB7.dll
ST869VRJ,Classes\CLSID\{181b54fc-380b-4a75-b3f1-4ac45e9605b0}\InProcServer32,REG_EXPAND_SZ,,NT AUTHORITY\SYSTEM,HKEY_LOCAL_MACHINE\Software\Classes\CLSID\{181b54fc-380b-4a75-b3f1-4ac45e9605b0}\InProcServer32\,%SystemRoot%\system32\upnp.dll
ST869VRJ,Classes\CLSID\{947812B3-2AE1-4644-BA86-9E90DED7EC91}\InProcServer32,REG_EXPAND_SZ,,NT AUTHORITY\SYSTEM,HKEY_LOCAL_MACHINE\Software\Classes\CLSID\{947812B3-2AE1-4644-BA86-9E90DED7EC91}\InProcServer32\,%SystemRoot%\System32\Speech\Common\sapi.dll
ST869VRJ,Classes\CLSID\{1E54333B-2A00-11d1-8198-0000F87557DB}\InProcServer32,REG_SZ,,NT AUTHORITY\SYSTEM,HKEY_LOCAL_MACHINE\Software\Classes\CLSID\{1E54333B-2A00-11d1-8198-0000F87557DB}\InProcServer32\,C:\Windows\System32\Dxtmsft.dll
ST869VRJ,Classes\CLSID\{1e94e93c-852d-47fb-9197-7edeb41101b0}\InProcServer32,REG_EXPAND_SZ,,NT AUTHORITY\SYSTEM,HKEY_LOCAL_MACHINE\Software\Classes\CLSID\{1e94e93c-852d-47fb-9197-7edeb41101b0}\InProcServer32\,%SystemRoot%\system32\netcorehc.dll
ST869VRJ,Classes\CLSID\{DEA8AFA2-CC85-11D0-9CE2-0080C7221EBD}\InProcServer32,REG_SZ,,NT AUTHORITY\SYSTEM,HKEY_LOCAL_MACHINE\Software\Classes\CLSID\{DEA8AFA2-CC85-11D0-9CE2-0080C7221EBD}\InProcServer32\,C:\Windows\System32\ipsecsnp.dll
ST869VRJ,Classes\CLSID\{3E784A01-F3AE-4DC0-9354-9526B9370EBA}\InProcServer32,REG_EXPAND_SZ,,NT AUTHORITY\SYSTEM,HKEY_LOCAL_MACHINE\Software\Classes\CLSID\{3E784A01-F3AE-4DC0-9354-9526B9370EBA}\InProcServer32\,%SystemRoot%\System32\msxml3.dll
ST869VRJ,Classes\CLSID\{15eae92e-f17a-4431-9f28-805e482dafd4}\InProcServer32,REG_EXPAND_SZ,,NT AUTHORITY\SYSTEM,HKEY_LOCAL_MACHINE\Software\Classes\CLSID\{15eae92e-f17a-4431-9f28-805e482dafd4}\InProcServer32\,%SystemRoot%\System32\appwiz.cpl
ST869VRJ,Classes\CLSID\{896C2B1D-3586-4FA5-B419-41F4A6D38CF1}\InProcServer32,REG_EXPAND_SZ,,NT AUTHORITY\SYSTEM,HKEY_LOCAL_MACHINE\Software\Classes\CLSID\{896C2B1D-3586-4FA5-B419-41F4A6D38CF1}\InProcServer32\,%SystemRoot%\system32\SyncInfrastructure.dll
ST869VRJ,Classes\CLSID\{79eac9d1-baf9-11ce-8c82-00aa004ba90b}\InProcServer32,REG_SZ,,NT AUTHORITY\SYSTEM,HKEY_LOCAL_MACHINE\Software\Classes\CLSID\{79eac9d1-baf9-11ce-8c82-00aa004ba90b}\InProcServer32\,C:\Windows\System32\hlink.dll
ST869VRJ,CurrentControlSet\Services\ErrDev\,REG_EXPAND_SZ,ImagePath,NT AUTHORITY\SYSTEM,HKEY_LOCAL_MACHINE\SYSTEM\CurrentControlSet\Services\ErrDev\ImagePath,\SystemRoot\System32\drivers\errdev.sys
ST869VRJ,Classes\CLSID\{4C4A5E40-732C-11D0-8816-00A0C903B83C}\InProcServer32,REG_SZ,,NT AUTHORITY\SYSTEM,HKEY_LOCAL_MACHINE\Software\Classes\CLSID\{4C4A5E40-732C-11D0-8816-00A0C903B83C}\InProcServer32\,C:\Windows\System32\certcli.dll
ST869VRJ,Classes\CLSID\{47B706B0-B103-4AFD-8ECF-16C2DDF81C15}\InProcServer32,REG_EXPAND_SZ,,NT AUTHORITY\SYSTEM,HKEY_LOCAL_MACHINE\Software\Classes\CLSID\{47B706B0-B103-4AFD-8ECF-16C2DDF81C15}\InProcServer32\,%SystemRoot%\System32\wbem\netnccim.dll
ST869VRJ,Classes\CLSID\{88d96a11-f192-11d4-a65f-0040963251e5}\InProcServer32,REG_EXPAND_SZ,,NT AUTHORITY\SYSTEM,HKEY_LOCAL_MACHINE\Software\Classes\CLSID\{88d96a11-f192-11d4-a65f-0040963251e5}\InProcServer32\,C:\Windows\System32\msxml6.dll
ST869VRJ,Classes\CLSID\{172BDDF8-CEEA-11D1-8B05-00600806D9B6}\InProcServer32,REG_EXPAND_SZ,,NT AUTHORITY\SYSTEM,HKEY_LOCAL_MACHINE\Software\Classes\CLSID\{172BDDF8-CEEA-11D1-8B05-00600806D9B6}\InProcServer32\,%SystemRoot%\system32\wbem\wbemdisp.dll
ST869VRJ,Classes\CLSID\{927971f5-0939-11d1-8be1-00c04fd8d503}\InProcServer32,REG_EXPAND_SZ,,NT AUTHORITY\SYSTEM,HKEY_LOCAL_MACHINE\Software\Classes\CLSID\{927971f5-0939-11d1-8be1-00c04fd8d503}\InProcServer32\,%SystemRoot%\system32\activeds.dll
ST869VRJ,CurrentControlSet\Services\RpcLocator\,REG_EXPAND_SZ,ImagePath,NT AUTHORITY\SYSTEM,HKEY_LOCAL_MACHINE\SYSTEM\CurrentControlSet\Services\RpcLocator\ImagePath,%SystemRoot%\system32\locator.exe
ST869VRJ,Classes\CLSID\{6131A8EC-78CE-11d2-A3F2-3078302C2030}\InProcServer32,REG_SZ,,NT AUTHORITY\SYSTEM,HKEY_LOCAL_MACHINE\Software\Classes\CLSID\{6131A8EC-78CE-11d2-A3F2-3078302C2030}\InProcServer32\,C:\Windows\System32\catsrvut.dll
ST869VRJ,Classes\CLSID\{D02B1F72-3407-48ae-BA88-E8213C6761F1}\InProcServer32,REG_EXPAND_SZ,,NT AUTHORITY\SYSTEM,HKEY_LOCAL_MACHINE\Software\Classes\CLSID\{D02B1F72-3407-48ae-BA88-E8213C6761F1}\InProcServer32\,%SystemRoot%\System32\AdmTmpl.dll
ST869VRJ,Classes\CLSID\{D51BD5A1-7548-11CF-A520-0080C77EF58A}\InProcServer32,REG_SZ,,NT AUTHORITY\SYSTEM,HKEY_LOCAL_MACHINE\Software\Classes\CLSID\{D51BD5A1-7548-11CF-A520-0080C77EF58A}\InProcServer32\,C:\Windows\System32\quartz.dll
ST869VRJ,Classes\CLSID\{B6F9C8AE-EF3A-41C8-A911-37370C331DD4}\InProcServer32,REG_EXPAND_SZ,,NT AUTHORITY\SYSTEM,HKEY_LOCAL_MACHINE\Software\Classes\CLSID\{B6F9C8AE-EF3A-41C8-A911-37370C331DD4}\InProcServer32\,%SystemRoot%\System32\scrptadm.dll
ST869VRJ,CurrentControlSet\Services\kbdclass\,REG_EXPAND_SZ,ImagePath,NT AUTHORITY\SYSTEM,HKEY_LOCAL_MACHINE\SYSTEM\CurrentControlSet\Services\kbdclass\ImagePath,\SystemRoot\System32\drivers\kbdclass.sys
ST869VRJ,Classes\CLSID\{13680CED-AEA0-48d5-A75C-5FD47A3F417A}\InProcServer32,REG_EXPAND_SZ,,NT AUTHORITY\SYSTEM,HKEY_LOCAL_MACHINE\Software\Classes\CLSID\{13680CED-AEA0-48d5-A75C-5FD47A3F417A}\InProcServer32\,%SystemRoot%\system32\authui.dll
ST869VRJ,Classes\CLSID\{08d450b7-f7e5-4424-8229-11888adb7c14}\InProcServer32,REG_EXPAND_SZ,,NT AUTHORITY\SYSTEM,HKEY_LOCAL_MACHINE\Software\Classes\CLSID\{08d450b7-f7e5-4424-8229-11888adb7c14}\InProcServer32\,%SystemRoot%\system32\fontext.dll
ST869VRJ,Classes\CLSID\{df6b5e0d-ff61-4cdd-b181-1c6f88315f87}\InProcServer32,REG_SZ,,NT AUTHORITY\SYSTEM,HKEY_LOCAL_MACHINE\Software\Classes\CLSID\{df6b5e0d-ff61-4cdd-b181-1c6f88315f87}\InProcServer32\,C:\Windows\System32\IME\IMEJP\imjplmp.dll
ST869VRJ,Wow6432Node\Classes\CLSID\{D7C3453E-1F1C-48CD-AFE6-CFF2A937D337}\InProcServer32,REG_SZ,,NT AUTHORITY\SYSTEM,HKEY_LOCAL_MACHINE\Software\Wow6432Node\Classes\CLSID\{D7C3453E-1F1C-48CD-AFE6-CFF2A937D337}\InProcServer32\,C:\Windows\syswow64\wbem\RacWmiProv.dll
ST869VRJ,Classes\CLSID\{421516C1-3CF8-11D2-952A-00C04FA34F05}\InProcServer32,REG_SZ,,NT AUTHORITY\SYSTEM,HKEY_LOCAL_MACHINE\Software\Classes\CLSID\{421516C1-3CF8-11D2-952A-00C04FA34F05}\InProcServer32\,C:\Windows\System32\Dxtmsft.dll
ST869VRJ,Classes\CLSID\{92337A8C-E11D-11D0-BE48-00C04FC30DF6}\InProcServer32,REG_EXPAND_SZ,,NT AUTHORITY\SYSTEM,HKEY_LOCAL_MACHINE\Software\Classes\CLSID\{92337A8C-E11D-11D0-BE48-00C04FC30DF6}\InProcServer32\,%SystemRoot%\system32\oleprn.dll
ST869VRJ,Classes\CLSID\{6BC0989E-0CE6-11D1-BAAE-00C04FC2E20D}\InProcServer32,REG_EXPAND_SZ,,NT AUTHORITY\SYSTEM,HKEY_LOCAL_MACHINE\Software\Classes\CLSID\{6BC0989E-0CE6-11D1-BAAE-00C04FC2E20D}\InProcServer32\,%SystemRoot%\system32\iassam.dll
ST869VRJ,Classes\CLSID\{1767B93A-B021-44EA-920F-863C11F4F768}\InProcServer32,REG_EXPAND_SZ,,NT AUTHORITY\SYSTEM,HKEY_LOCAL_MACHINE\Software\Classes\CLSID\{1767B93A-B021-44EA-920F-863C11F4F768}\InProcServer32\,%SystemRoot%\system32\windowscodecs.dll
ST869VRJ,Classes\CLSID\{05f6fe1a-ecef-11d0-aae7-00c04fc9b304}\InProcServer32,REG_SZ,,NT AUTHORITY\SYSTEM,HKEY_LOCAL_MACHINE\Software\Classes\CLSID\{05f6fe1a-ecef-11d0-aae7-00c04fc9b304}\InProcServer32\,C:\Windows\System32\mshtml.dll
ST869VRJ,Classes\CLSID\{782FC20A-81CF-43DE-A625-072155BCD30C}\InProcServer32,REG_EXPAND_SZ,,NT AUTHORITY\SYSTEM,HKEY_LOCAL_MACHINE\Software\Classes\CLSID\{782FC20A-81CF-43DE-A625-072155BCD30C}\InProcServer32\,%SystemRoot%\system32\xwizards.dll
ST869VRJ,CurrentControlSet\Services\SENS\Parameters\,REG_EXPAND_SZ,ServiceDll,NT AUTHORITY\SYSTEM,HKEY_LOCAL_MACHINE\SYSTEM\CurrentControlSet\Services\SENS\Parameters\ServiceDll,%SystemRoot%\System32\sens.dll
ST869VRJ,Classes\CLSID\{bd3739e8-3cf5-45fb-9cc3-28163c2e9ffd}\InProcServer32,REG_EXPAND_SZ,,NT AUTHORITY\SYSTEM,HKEY_LOCAL_MACHINE\Software\Classes\CLSID\{bd3739e8-3cf5-45fb-9cc3-28163c2e9ffd}\InProcServer32\,%SystemRoot%\System32\usercpl.dll
ST869VRJ,Classes\CLSID\{C9E37C15-DF92-4727-85D6-72E5EEB6995A}\InProcServer32,REG_EXPAND_SZ,,NT AUTHORITY\SYSTEM,HKEY_LOCAL_MACHINE\Software\Classes\CLSID\{C9E37C15-DF92-4727-85D6-72E5EEB6995A}\InProcServer32\,%SystemRoot%\System32\Speech\Common\sapi.dll
ST869VRJ,Classes\CLSID\{0910dd01-df8c-11d1-ae27-00c04fa35813}\InProcServer32,REG_EXPAND_SZ,,NT AUTHORITY\SYSTEM,HKEY_LOCAL_MACHINE\Software\Classes\CLSID\{0910dd01-df8c-11d1-ae27-00c04fa35813}\InProcServer32\,%SystemRoot%\system32\tsuserex.dll
ST869VRJ,Classes\CLSID\{87824713-C8B0-4379-8556-1689764E4237}\InProcServer32,REG_EXPAND_SZ,,NT AUTHORITY\SYSTEM,HKEY_LOCAL_MACHINE\Software\Classes\CLSID\{87824713-C8B0-4379-8556-1689764E4237}\InProcServer32\,%SystemRoot%\System32\NaturalLanguage6.dll
ST869VRJ,Classes\CLSID\{67A66362-050E-42ff-B241-82C1F51EA9B9}\InProcServer32,REG_EXPAND_SZ,,NT AUTHORITY\SYSTEM,HKEY_LOCAL_MACHINE\Software\Classes\CLSID\{67A66362-050E-42ff-B241-82C1F51EA9B9}\InProcServer32\,%SystemRoot%\system32\shell32.dll
ST869VRJ,Classes\CLSID\{818C68B0-D4C9-475C-B2CF-AF4242F27C8D}\InProcServer32,REG_EXPAND_SZ,,NT AUTHORITY\SYSTEM,HKEY_LOCAL_MACHINE\Software\Classes\CLSID\{818C68B0-D4C9-475C-B2CF-AF4242F27C8D}\InProcServer32\,%SystemRoot%\System32\NaturalLanguage6.dll
ST869VRJ,Classes\CLSID\{85F28455-662E-48c2-B5D1-7136BD71E224}\InProcServer32,REG_SZ,,NT AUTHORITY\SYSTEM,HKEY_LOCAL_MACHINE\Software\Classes\CLSID\{85F28455-662E-48c2-B5D1-7136BD71E224}\InProcServer32\,C:\Windows\System32\ActiveSockets.dll
ST869VRJ,Classes\CLSID\{B02E0336-9E13-4E74-8A0A-7F04A273ADE8}\InProcServer32,REG_SZ,,NT AUTHORITY\SYSTEM,HKEY_LOCAL_MACHINE\Software\Classes\CLSID\{B02E0336-9E13-4E74-8A0A-7F04A273ADE8}\InProcServer32\,C:\Windows\System32\Windows.Networking.Connectivity.dll
ST869VRJ,Classes\CLSID\{0E25DC18-9F5E-48B1-80B3-D124E81B773B}\InProcServer32,REG_EXPAND_SZ,,NT AUTHORITY\SYSTEM,HKEY_LOCAL_MACHINE\Software\Classes\CLSID\{0E25DC18-9F5E-48B1-80B3-D124E81B773B}\InProcServer32\,%SystemRoot%\system32\windowscodecsext.dll
ST869VRJ,Microsoft\Windows NT\CurrentVersion\Image File Execution Options\DllNXOptions\,REG_DWORD,eQueryMMC.dll,NT AUTHORITY\SYSTEM,HKEY_LOCAL_MACHINE\Software\Microsoft\Windows NT\CurrentVersion\Image File Execution Options\DllNXOptions\eQueryMMC.dll,1
ST869VRJ,Classes\CLSID\{0F7434B6-59B6-4250-999E-D168D6AE4293}\InProcServer32,REG_EXPAND_SZ,,NT AUTHORITY\SYSTEM,HKEY_LOCAL_MACHINE\Software\Classes\CLSID\{0F7434B6-59B6-4250-999E-D168D6AE4293}\InProcServer32\,%SystemRoot%\system32\UIRibbon.dll
ST869VRJ,Wow6432Node\Classes\CLSID\{80A09B21-11E7-462B-844A-1EB3415BB4A8}\InProcServer32,REG_SZ,,NT AUTHORITY\SYSTEM,HKEY_LOCAL_MACHINE\Software\Wow6432Node\Classes\CLSID\{80A09B21-11E7-462B-844A-1EB3415BB4A8}\InProcServer32\,C:\Windows\SysWOW64\Windows.Storage.Compression.dll
ST869VRJ,Classes\CLSID\{B79848C3-4F26-4D9D-BF1D-81FDF2704CF8}\InProcServer32,REG_EXPAND_SZ,,NT AUTHORITY\SYSTEM,HKEY_LOCAL_MACHINE\Software\Classes\CLSID\{B79848C3-4F26-4D9D-BF1D-81FDF2704CF8}\InProcServer32\,%SystemRoot%\System32\oobe\msoobedui.dll
ST869VRJ,Classes\CLSID\{43C103A6-696F-4D05-AF04-9E44A6844B30}\InProcServer32,REG_EXPAND_SZ,,NT AUTHORITY\SYSTEM,HKEY_LOCAL_MACHINE\Software\Classes\CLSID\{43C103A6-696F-4D05-AF04-9E44A6844B30}\InProcServer32\,%SystemRoot%\System32\oobe\msoobedui.dll
ST869VRJ,Classes\CLSID\{ecabb0ab-7f19-11d2-978e-0000f8757e2a}\InProcServer32,REG_SZ,,NT AUTHORITY\SYSTEM,HKEY_LOCAL_MACHINE\Software\Classes\CLSID\{ecabb0ab-7f19-11d2-978e-0000f8757e2a}\InProcServer32\,C:\Windows\System32\comsvcs.dll
ST869VRJ,Classes\CLSID\{F3D3F924-11FC-11D3-BB97-00C04F8EE6C0}\InProcServer32,REG_EXPAND_SZ,,NT AUTHORITY\SYSTEM,HKEY_LOCAL_MACHINE\Software\Classes\CLSID\{F3D3F924-11FC-11D3-BB97-00C04F8EE6C0}\InProcServer32\,%SystemRoot%\System32\Speech\Common\sapi.dll
ST869VRJ,Wow6432Node\Classes\CLSID\{dd5cf606-9ea7-49e1-8e82-b789e4443b4f}\InProcServer32,REG_SZ,,NT AUTHORITY\SYSTEM,HKEY_LOCAL_MACHINE\Software\Wow6432Node\Classes\CLSID\{dd5cf606-9ea7-49e1-8e82-b789e4443b4f}\InProcServer32\,C:\Windows\SysWOW64\IME\IMEJP\Applets\imjpcac.dll
ST869VRJ,Classes\CLSID\{4662DAAF-D393-11D0-9A56-00C04FB68BF7}\InProcServer32,REG_SZ,,NT AUTHORITY\SYSTEM,HKEY_LOCAL_MACHINE\Software\Classes\CLSID\{4662DAAF-D393-11D0-9A56-00C04FB68BF7}\InProcServer32\,C:\Windows\System32\itircl.dll
ST869VRJ,Classes\CLSID\{95A24F08-5D9A-46F4-8B35-F9905397C741}\InProcServer32,REG_SZ,,NT AUTHORITY\SYSTEM,HKEY_LOCAL_MACHINE\Software\Classes\CLSID\{95A24F08-5D9A-46F4-8B35-F9905397C741}\InProcServer32\,C:\Windows\system32\spool\drivers\x64\3\PrintConfig.dll
ST869VRJ,Classes\CLSID\{ffd90217-f7c2-4434-9ee1-6f1b530db20f}\InProcServer32,REG_SZ,,NT AUTHORITY\SYSTEM,HKEY_LOCAL_MACHINE\Software\Classes\CLSID\{ffd90217-f7c2-4434-9ee1-6f1b530db20f}\InProcServer32\,C:\Windows\System32\ieframe.dll
ST869VRJ,Classes\CLSID\{8C7461EF-2B13-11d2-BE35-3078302C2030}\InProcServer32,REG_EXPAND_SZ,,NT AUTHORITY\SYSTEM,HKEY_LOCAL_MACHINE\Software\Classes\CLSID\{8C7461EF-2B13-11d2-BE35-3078302C2030}\InProcServer32\,%SystemRoot%\system32\explorerframe.dll
ST869VRJ,Classes\CLSID\{4D5C8C2A-D075-11d0-B416-00C04FB90376}\InProcServer32,REG_SZ,,NT AUTHORITY\SYSTEM,HKEY_LOCAL_MACHINE\Software\Classes\CLSID\{4D5C8C2A-D075-11d0-B416-00C04FB90376}\InProcServer32\,C:\Windows\System32\ieframe.dll
ST869VRJ,Classes\CLSID\{ECCDF543-45CC-11CE-B9BF-0080C87CDBA6}\InProcServer32,REG_SZ,,NT AUTHORITY\SYSTEM,HKEY_LOCAL_MACHINE\Software\Classes\CLSID\{ECCDF543-45CC-11CE-B9BF-0080C87CDBA6}\InProcServer32\,C:\Windows\System32\DfsShlEx.dll
ST869VRJ,Classes\CLSID\{92038079-b9ef-428f-87f0-0463fcb1272a}\InProcServer32,REG_EXPAND_SZ,,NT AUTHORITY\SYSTEM,HKEY_LOCAL_MACHINE\Software\Classes\CLSID\{92038079-b9ef-428f-87f0-0463fcb1272a}\InProcServer32\,%SystemRoot%\system32\SearchFolder.dll
ST869VRJ,Classes\CLSID\{99325BBE-E0A7-48A1-A23E-716582D09FEF}\InProcServer32,REG_EXPAND_SZ,,NT AUTHORITY\SYSTEM,HKEY_LOCAL_MACHINE\Software\Classes\CLSID\{99325BBE-E0A7-48A1-A23E-716582D09FEF}\InProcServer32\,%SystemRoot%\system32\Windows.UI.Search.dll
ST869VRJ,Classes\CLSID\{9f68efbe-28e1-433c-a353-95cf4ba1070a}\InProcServer32,REG_EXPAND_SZ,,NT AUTHORITY\SYSTEM,HKEY_LOCAL_MACHINE\Software\Classes\CLSID\{9f68efbe-28e1-433c-a353-95cf4ba1070a}\InProcServer32\,%SystemRoot%\system32\twinui.dll
ST869VRJ,Classes\CLSID\{9cca66bb-9c78-4e59-a76f-a5e9990b8aa0}\InProcServer32,REG_EXPAND_SZ,,NT AUTHORITY\SYSTEM,HKEY_LOCAL_MACHINE\Software\Classes\CLSID\{9cca66bb-9c78-4e59-a76f-a5e9990b8aa0}\InProcServer32\,%SystemRoot%\system32\shell32.dll
ST869VRJ,CurrentControlSet\Services\AppReadiness\Parameters\,REG_EXPAND_SZ,ServiceDLL,NT AUTHORITY\SYSTEM,HKEY_LOCAL_MACHINE\SYSTEM\CurrentControlSet\Services\AppReadiness\Parameters\ServiceDLL,%SystemRoot%\system32\AppReadiness.dll
ST869VRJ,Classes\CLSID\{420F5E80-D985-440C-ACC4-93A31B67C239}\InProcServer32,REG_SZ,,NT AUTHORITY\SYSTEM,HKEY_LOCAL_MACHINE\Software\Classes\CLSID\{420F5E80-D985-440C-ACC4-93A31B67C239}\InProcServer32\,C:\Windows\System32\ScwSceExt.dll
ST869VRJ,Classes\CLSID\{F61FFEC1-754F-11d0-80CA-00AA005B4383}\InProcServer32,REG_EXPAND_SZ,,NT AUTHORITY\SYSTEM,HKEY_LOCAL_MACHINE\Software\Classes\CLSID\{F61FFEC1-754F-11d0-80CA-00AA005B4383}\InProcServer32\,%SystemRoot%\system32\shell32.dll
ST869VRJ,Classes\CLSID\{7DED4D39-BE20-4AB6-983A-EB4ADCD9C93D}\InProcServer32,REG_SZ,,NT AUTHORITY\SYSTEM,HKEY_LOCAL_MACHINE\Software\Classes\CLSID\{7DED4D39-BE20-4AB6-983A-EB4ADCD9C93D}\InProcServer32\,C:\Windows\System32\ieapfltr.dll
ST869VRJ,Classes\CLSID\{ED71209D-F723-4ACB-BE33-1E5A79F9FEF3}\InProcServer32,REG_SZ,,BUILTIN\Administrators,HKEY_LOCAL_MACHINE\Software\Classes\CLSID\{ED71209D-F723-4ACB-BE33-1E5A79F9FEF3}\InProcServer32\,C:\Program Files\Common Files\McAfee\PEF\CORE\PEFWebObjects.dll
ST869VRJ,Classes\CLSID\{778DE47F-7ADC-4C4D-974D-771BD1675DC5}\InProcServer32,REG_SZ,,NT AUTHORITY\SYSTEM,HKEY_LOCAL_MACHINE\Software\Classes\CLSID\{778DE47F-7ADC-4C4D-974D-771BD1675DC5}\InProcServer32\,C:\Windows\System32\deviceaccess.dll
ST869VRJ,Classes\CLSID\{cb82ea12-9f71-446d-89e1-8d0924e1256e}\InProcServer32,REG_EXPAND_SZ,,NT AUTHORITY\SYSTEM,HKEY_LOCAL_MACHINE\Software\Classes\CLSID\{cb82ea12-9f71-446d-89e1-8d0924e1256e}\InProcServer32\,%SystemRoot%\system32\authui.dll
ST869VRJ,Wow6432Node\Classes\CLSID\{5A8371A3-0C6D-487b-B3C8-46D785C4C940}\InProcServer32,REG_SZ,,NT AUTHORITY\SYSTEM,HKEY_LOCAL_MACHINE\Software\Wow6432Node\Classes\CLSID\{5A8371A3-0C6D-487b-B3C8-46D785C4C940}\InProcServer32\,C:\Windows\SysWOW64\eapahost.dll
ST869VRJ,Classes\CLSID\{6BC096A0-0CE6-11D1-BAAE-00C04FC2E20D}\InProcServer32,REG_EXPAND_SZ,,NT AUTHORITY\SYSTEM,HKEY_LOCAL_MACHINE\Software\Classes\CLSID\{6BC096A0-0CE6-11D1-BAAE-00C04FC2E20D}\InProcServer32\,%SystemRoot%\system32\iassvcs.dll
ST869VRJ,Classes\CLSID\{B71E484D-93ED-4B56-BFB9-CEED5134822B}\InProcServer32,REG_SZ,,NT AUTHORITY\SYSTEM,HKEY_LOCAL_MACHINE\Software\Classes\CLSID\{B71E484D-93ED-4B56-BFB9-CEED5134822B}\InProcServer32\,C:\Windows\System32\mscoree.dll
ST869VRJ,Classes\CLSID\{623E2882-FC0E-11d1-9A77-0000F8756A10}\InProcServer32,REG_SZ,,NT AUTHORITY\SYSTEM,HKEY_LOCAL_MACHINE\Software\Classes\CLSID\{623E2882-FC0E-11d1-9A77-0000F8756A10}\InProcServer32\,C:\Windows\System32\Dxtmsft.dll
ST869VRJ,Classes\CLSID\{4026492F-2F69-46B8-B9BF-5654FC07E423}\InProcServer32,REG_EXPAND_SZ,,NT AUTHORITY\SYSTEM,HKEY_LOCAL_MACHINE\Software\Classes\CLSID\{4026492F-2F69-46B8-B9BF-5654FC07E423}\InProcServer32\,%SystemRoot%\System32\shdocvw.dll
ST869VRJ,Classes\CLSID\{45559631-986C-4546-87E1-8AE1F9614296}\InProcServer32,REG_SZ,,BUILTIN\Administrators,HKEY_LOCAL_MACHINE\Software\Classes\CLSID\{45559631-986C-4546-87E1-8AE1F9614296}\InProcServer32\,c:\PROGRA~1\mcafee\msk\mskmisp.dll
ST869VRJ,Classes\CLSID\{75587F04-6EFF-443e-BED5-637117299643}\InProcServer32,REG_EXPAND_SZ,,NT AUTHORITY\SYSTEM,HKEY_LOCAL_MACHINE\Software\Classes\CLSID\{75587F04-6EFF-443e-BED5-637117299643}\InProcServer32\,%SystemRoot%\system32\daconn.dll
ST869VRJ,CurrentControlSet\Services\mssmbios\,REG_EXPAND_SZ,ImagePath,NT AUTHORITY\SYSTEM,HKEY_LOCAL_MACHINE\SYSTEM\CurrentControlSet\Services\mssmbios\ImagePath,\SystemRoot\System32\drivers\mssmbios.sys
ST869VRJ,Classes\CLSID\{CC19079B-8272-4D73-BB70-CDB533527B61}\InProcServer32,REG_SZ,,NT AUTHORITY\SYSTEM,HKEY_LOCAL_MACHINE\Software\Classes\CLSID\{CC19079B-8272-4D73-BB70-CDB533527B61}\InProcServer32\,C:\Windows\System32\FirewallAPI.dll
ST869VRJ,Classes\CLSID\{AD326409-BF80-3E0C-BA6F-EE2C33B675A5}\InProcServer32,REG_SZ,,NT AUTHORITY\SYSTEM,HKEY_LOCAL_MACHINE\Software\Classes\CLSID\{AD326409-BF80-3E0C-BA6F-EE2C33B675A5}\InProcServer32\,C:\Windows\System32\mscoree.dll
ST869VRJ,CurrentControlSet\Services\MSDTC\,REG_EXPAND_SZ,ImagePath,NT AUTHORITY\SYSTEM,HKEY_LOCAL_MACHINE\SYSTEM\CurrentControlSet\Services\MSDTC\ImagePath,%SystemRoot%\System32\msdtc.exe
ST869VRJ,Classes\CLSID\{3DBFEF35-6F15-4453-BC19-D7AD5CC04756}\InProcServer32,REG_EXPAND_SZ,,NT AUTHORITY\SYSTEM,HKEY_LOCAL_MACHINE\Software\Classes\CLSID\{3DBFEF35-6F15-4453-BC19-D7AD5CC04756}\InProcServer32\,%SystemRoot%\System32\twinui.dll
ST869VRJ,Classes\CLSID\{46CB32FA-B5CA-8A3A-62CA-A7023C0496C5}\InProcServer32,REG_SZ,,NT AUTHORITY\SYSTEM,HKEY_LOCAL_MACHINE\Software\Classes\CLSID\{46CB32FA-B5CA-8A3A-62CA-A7023C0496C5}\InProcServer32\,C:\Windows\System32\ieframe.dll
ST869VRJ,Classes\CLSID\{4336a54d-038b-4685-ab02-99bb52d3fb8b}\InProcServer32,REG_EXPAND_SZ,,NT AUTHORITY\SYSTEM,HKEY_LOCAL_MACHINE\Software\Classes\CLSID\{4336a54d-038b-4685-ab02-99bb52d3fb8b}\InProcServer32\,%SystemRoot%\System32\shell32.dll
ST869VRJ,Classes\CLSID\{6C53A912-47C6-4959-B342-DF6C9DA9D494}\InProcServer32,REG_EXPAND_SZ,,NT AUTHORITY\SYSTEM,HKEY_LOCAL_MACHINE\Software\Classes\CLSID\{6C53A912-47C6-4959-B342-DF6C9DA9D494}\InProcServer32\,%SystemRoot%\System32\NaturalLanguage6.dll
ST869VRJ,Classes\CLSID\{5cb66670-d3d4-11cf-acab-00a024a55aef}\InProcServer32,REG_SZ,,NT AUTHORITY\SYSTEM,HKEY_LOCAL_MACHINE\Software\Classes\CLSID\{5cb66670-d3d4-11cf-acab-00a024a55aef}\InProcServer32\,C:\Windows\System32\comsvcs.dll
ST869VRJ,Classes\CLSID\{7071ECB0-663B-4bc1-A1FA-B97F3B917C55}\InProcServer32,REG_EXPAND_SZ,,NT AUTHORITY\SYSTEM,HKEY_LOCAL_MACHINE\Software\Classes\CLSID\{7071ECB0-663B-4bc1-A1FA-B97F3B917C55}\InProcServer32\,%SystemRoot%\system32\connect.dll
ST869VRJ,Microsoft\Windows NT\CurrentVersion\Image File Execution Options\DllNXOptions\,REG_DWORD,mso.dll,NT AUTHORITY\SYSTEM,HKEY_LOCAL_MACHINE\Software\Microsoft\Windows NT\CurrentVersion\Image File Execution Options\DllNXOptions\mso.dll,1
ST869VRJ,Classes\CLSID\{9B0EFD60-F7B0-11D0-BAEF-00C04FC308C9}\InProcServer32,REG_SZ,,NT AUTHORITY\SYSTEM,HKEY_LOCAL_MACHINE\Software\Classes\CLSID\{9B0EFD60-F7B0-11D0-BAEF-00C04FC308C9}\InProcServer32\,C:\Windows\System32\ieframe.dll
ST869VRJ,Wow6432Node\Classes\CLSID\{659CDEAD-489E-11D9-A9CD-000D56965251}\InProcServer32,REG_SZ,,NT AUTHORITY\SYSTEM,HKEY_LOCAL_MACHINE\Software\Wow6432Node\Classes\CLSID\{659CDEAD-489E-11D9-A9CD-000D56965251}\InProcServer32\,C:\Windows\SysWOW64\bitsprx5.dll
ST869VRJ,Classes\CLSID\{09017262-fdb4-4ff2-9013-26332c926ee7}\InProcServer32,REG_EXPAND_SZ,,NT AUTHORITY\SYSTEM,HKEY_LOCAL_MACHINE\Software\Classes\CLSID\{09017262-fdb4-4ff2-9013-26332c926ee7}\InProcServer32\,%SystemRoot%\system32\shell32.dll
ST869VRJ,Classes\CLSID\{EC3DAC94-DF80-3017-B381-B13DCED6C4D8}\InProcServer32,REG_SZ,,NT AUTHORITY\SYSTEM,HKEY_LOCAL_MACHINE\Software\Classes\CLSID\{EC3DAC94-DF80-3017-B381-B13DCED6C4D8}\InProcServer32\,C:\Windows\System32\mscoree.dll
ST869VRJ,Classes\CLSID\{D25E0260-AAB7-48CB-A192-4D73D2FD375F}\InProcServer32,REG_EXPAND_SZ,,NT AUTHORITY\SYSTEM,HKEY_LOCAL_MACHINE\Software\Classes\CLSID\{D25E0260-AAB7-48CB-A192-4D73D2FD375F}\InProcServer32\,%SystemRoot%\system32\tscfgwmi.dll
ST869VRJ,Classes\CLSID\{6311429E-2F1A-4777-880F-C7289FD10169}\InProcServer32,REG_EXPAND_SZ,,NT AUTHORITY\SYSTEM,HKEY_LOCAL_MACHINE\Software\Classes\CLSID\{6311429E-2F1A-4777-880F-C7289FD10169}\InProcServer32\,%SystemRoot%\system32\ntshrui.dll
ST869VRJ,Classes\CLSID\{603D3801-BD81-11d0-A3A5-00C04FD706EC}\InProcServer32,REG_EXPAND_SZ,,NT AUTHORITY\SYSTEM,HKEY_LOCAL_MACHINE\Software\Classes\CLSID\{603D3801-BD81-11d0-A3A5-00C04FD706EC}\InProcServer32\,%SystemRoot%\system32\shell32.dll
ST869VRJ,Classes\CLSID\{48A75519-CB7A-3D18-B91E-BE62EE842A3E}\InProcServer32,REG_SZ,,NT AUTHORITY\SYSTEM,HKEY_LOCAL_MACHINE\Software\Classes\CLSID\{48A75519-CB7A-3D18-B91E-BE62EE842A3E}\InProcServer32\,C:\Windows\System32\mscoree.dll
ST869VRJ,Wow6432Node\Microsoft\Windows NT\CurrentVersion\Drivers32\,REG_SZ,midimapper,NT AUTHORITY\SYSTEM,HKEY_LOCAL_MACHINE\Software\Wow6432Node\Microsoft\Windows NT\CurrentVersion\Drivers32\midimapper,midimap.dll
ST869VRJ,Classes\CLSID\{DCED8DB0-11A5-4b16-AB9D-4E28CA38C99F}\InProcServer32,REG_EXPAND_SZ,,NT AUTHORITY\SYSTEM,HKEY_LOCAL_MACHINE\Software\Classes\CLSID\{DCED8DB0-11A5-4b16-AB9D-4E28CA38C99F}\InProcServer32\,%SystemRoot%\system32\netcfgx.dll
ST869VRJ,Wow6432Node\Classes\CLSID\{333C7BC4-460F-11D0-BC04-0080C7055A83}\InProcServer32,REG_SZ,,NT AUTHORITY\SYSTEM,HKEY_LOCAL_MACHINE\Software\Wow6432Node\Classes\CLSID\{333C7BC4-460F-11D0-BC04-0080C7055A83}\InProcServer32\,C:\Windows\SysWOW64\tdc.ocx
ST869VRJ,Classes\CLSID\{EC98D957-48AD-436D-90BE-BC291F42709C}\InProcServer32,REG_EXPAND_SZ,,NT AUTHORITY\SYSTEM,HKEY_LOCAL_MACHINE\Software\Classes\CLSID\{EC98D957-48AD-436D-90BE-BC291F42709C}\InProcServer32\,%SystemRoot%\system32\tssdjet.dll
ST869VRJ,Microsoft\Windows NT\CurrentVersion\Image File Execution Options\DllNXOptions\,REG_DWORD,msci_uno.dll,NT AUTHORITY\SYSTEM,HKEY_LOCAL_MACHINE\Software\Microsoft\Windows NT\CurrentVersion\Image File Execution Options\DllNXOptions\msci_uno.dll,1
ST869VRJ,Classes\CLSID\{4705A6B4-E4CB-4ed1-AF8D-851C644A0459}\InProcServer32,REG_EXPAND_SZ,,NT AUTHORITY\SYSTEM,HKEY_LOCAL_MACHINE\Software\Classes\CLSID\{4705A6B4-E4CB-4ed1-AF8D-851C644A0459}\InProcServer32\,%SystemRoot%\system32\shell32.dll
ST869VRJ,Wow6432Node\Classes\CLSID\{0bfee0ab-71c3-4ffe-89ef-bd28bef201e7}\InProcServer32,REG_SZ,,NT AUTHORITY\SYSTEM,HKEY_LOCAL_MACHINE\Software\Wow6432Node\Classes\CLSID\{0bfee0ab-71c3-4ffe-89ef-bd28bef201e7}\InProcServer32\,C:\Windows\SysWOW64\Windows.ApplicationModel.dll
ST869VRJ,Classes\CLSID\{8b40abb8-6c65-465a-8c4b-26224df3125f}\InProcServer32,REG_SZ,,NT AUTHORITY\SYSTEM,HKEY_LOCAL_MACHINE\Software\Classes\CLSID\{8b40abb8-6c65-465a-8c4b-26224df3125f}\InProcServer32\,C:\Windows\System32\Windows.Data.Pdf.dll
ST869VRJ,Wow6432Node\Classes\CLSID\{2F4C0E0C-80AD-4105-9A0F-4BA90BB64296}\InProcServer32,REG_SZ,,BUILTIN\Administrators,HKEY_LOCAL_MACHINE\Software\Wow6432Node\Classes\CLSID\{2F4C0E0C-80AD-4105-9A0F-4BA90BB64296}\InProcServer32\,C:\Program Files (x86)\Common Files\McAfee\Platform\mcbr3264.dll
ST869VRJ,Classes\CLSID\{F8388A40-D5BB-11D0-BE5A-0080C706568E}\InProcServer32,REG_SZ,,NT AUTHORITY\SYSTEM,HKEY_LOCAL_MACHINE\Software\Classes\CLSID\{F8388A40-D5BB-11D0-BE5A-0080C706568E}\InProcServer32\,C:\Windows\System32\qcap.dll
ST869VRJ,Classes\CLSID\{0EE4845B-96CD-403b-8609-317330581408}\InProcServer32,REG_SZ,,NT AUTHORITY\SYSTEM,HKEY_LOCAL_MACHINE\Software\Classes\CLSID\{0EE4845B-96CD-403b-8609-317330581408}\InProcServer32\,C:\Windows\System32\DeviceDisplayStatusManager.dll
ST869VRJ,Classes\CLSID\{d34a6ca6-62c2-4c34-8a7c-14709c1ad938}\InProcServer32,REG_EXPAND_SZ,,NT AUTHORITY\SYSTEM,HKEY_LOCAL_MACHINE\Software\Classes\CLSID\{d34a6ca6-62c2-4c34-8a7c-14709c1ad938}\InProcServer32\,%SystemRoot%\System32\shell32.dll
ST869VRJ,Classes\CLSID\{555278E2-05DB-11D1-883A-3C8B00C10000}\InProcServer32,REG_SZ,,NT AUTHORITY\SYSTEM,HKEY_LOCAL_MACHINE\Software\Classes\CLSID\{555278E2-05DB-11D1-883A-3C8B00C10000}\InProcServer32\,C:\Windows\System32\Dxtrans.dll
ST869VRJ,Classes\CLSID\{549365d0-ec26-11cf-8310-00aa00b505db}\InProcServer32,REG_EXPAND_SZ,,NT AUTHORITY\SYSTEM,HKEY_LOCAL_MACHINE\Software\Classes\CLSID\{549365d0-ec26-11cf-8310-00aa00b505db}\InProcServer32\,%SystemRoot%\system32\activeds.dll
ST869VRJ,Classes\CLSID\{C2E88C2F-6F5B-4AAA-894B-55C847AD3A2D}\InProcServer32,REG_SZ,,NT AUTHORITY\SYSTEM,HKEY_LOCAL_MACHINE\Software\Classes\CLSID\{C2E88C2F-6F5B-4AAA-894B-55C847AD3A2D}\InProcServer32\,C:\Windows\System32\wuapi.dll
ST869VRJ,Classes\CLSID\{03837526-098B-11D8-9414-505054503030}\InProcServer32,REG_EXPAND_SZ,,NT AUTHORITY\SYSTEM,HKEY_LOCAL_MACHINE\Software\Classes\CLSID\{03837526-098B-11D8-9414-505054503030}\InProcServer32\,%SystemRoot%\System32\pla.dll
ST869VRJ,Classes\CLSID\{AA544D41-28CB-11D3-BD22-0000F80849BD}\InProcServer32,REG_SZ,,NT AUTHORITY\SYSTEM,HKEY_LOCAL_MACHINE\Software\Classes\CLSID\{AA544D41-28CB-11D3-BD22-0000F80849BD}\InProcServer32\,C:\Windows\System32\mscoree.dll
ST869VRJ,Classes\CLSID\{86c14003-4d6b-4ef3-a7b4-0506663b2e68}\InProcServer32,REG_EXPAND_SZ,,NT AUTHORITY\SYSTEM,HKEY_LOCAL_MACHINE\Software\Classes\CLSID\{86c14003-4d6b-4ef3-a7b4-0506663b2e68}\InProcServer32\,%SystemRoot%\system32\shell32.dll
ST869VRJ,Classes\CLSID\{6ACB028E-48C0-4A44-964C-E14567C578BA}\InProcServer32,REG_EXPAND_SZ,,NT AUTHORITY\SYSTEM,HKEY_LOCAL_MACHINE\Software\Classes\CLSID\{6ACB028E-48C0-4A44-964C-E14567C578BA}\InProcServer32\,%SystemRoot%\System32\sppwmi.dll
ST869VRJ,CurrentControlSet\Services\PrintNotify\Parameters\,REG_EXPAND_SZ,ServiceDll,NT AUTHORITY\SYSTEM,HKEY_LOCAL_MACHINE\SYSTEM\CurrentControlSet\Services\PrintNotify\Parameters\ServiceDll,C:\Windows\system32\spool\drivers\x64\3\PrintConfig.dll
ST869VRJ,Classes\CLSID\{7BF0129B-5BEF-4de4-9B0B-5EDB66AC2FA6}\InProcServer32,REG_EXPAND_SZ,,NT AUTHORITY\SYSTEM,HKEY_LOCAL_MACHINE\Software\Classes\CLSID\{7BF0129B-5BEF-4de4-9B0B-5EDB66AC2FA6}\InProcServer32\,%SystemRoot%\SYSTEM32\IME\IMESC\IMSCCORE.DLL
ST869VRJ,Classes\CLSID\{19A34F98-20C0-4449-A3B4-29071BCEAD91}\InProcServer32,REG_SZ,,BUILTIN\Administrators,HKEY_LOCAL_MACHINE\Software\Classes\CLSID\{19A34F98-20C0-4449-A3B4-29071BCEAD91}\InProcServer32\,c:\PROGRA~1\mcafee\msk\mskola64.dll
ST869VRJ,CurrentControlSet\Services\SessionEnv\Parameters\,REG_EXPAND_SZ,ServiceDLL,NT AUTHORITY\SYSTEM,HKEY_LOCAL_MACHINE\SYSTEM\CurrentControlSet\Services\SessionEnv\Parameters\ServiceDLL,%SystemRoot%\system32\sessenv.dll
ST869VRJ,Classes\CLSID\{e9970fa4-b6aa-11d9-b032-000d56c25c27}\InProcServer32,REG_EXPAND_SZ,,NT AUTHORITY\SYSTEM,HKEY_LOCAL_MACHINE\Software\Classes\CLSID\{e9970fa4-b6aa-11d9-b032-000d56c25c27}\InProcServer32\,%SystemRoot%\system32\sdohlp.dll
ST869VRJ,Classes\CLSID\{E58FA315-E206-4CA4-81CE-F34E18E672C9}\InProcServer32,REG_EXPAND_SZ,,NT AUTHORITY\SYSTEM,HKEY_LOCAL_MACHINE\Software\Classes\CLSID\{E58FA315-E206-4CA4-81CE-F34E18E672C9}\InProcServer32\,%SystemRoot%\System32\NaturalLanguage6.dll
ST869VRJ,Classes\CLSID\{19129EAC-A717-4BBD-87E0-615E3C939668}\InProcServer32,REG_EXPAND_SZ,,NT AUTHORITY\SYSTEM,HKEY_LOCAL_MACHINE\Software\Classes\CLSID\{19129EAC-A717-4BBD-87E0-615E3C939668}\InProcServer32\,%SystemRoot%\System32\oobe\msoobedui.dll
ST869VRJ,Classes\CLSID\{59031a47-3f72-44a7-89c5-5595fe6b30ee}\InProcServer32,REG_EXPAND_SZ,,NT AUTHORITY\SYSTEM,HKEY_LOCAL_MACHINE\Software\Classes\CLSID\{59031a47-3f72-44a7-89c5-5595fe6b30ee}\InProcServer32\,%SystemRoot%\system32\shell32.dll
ST869VRJ,Classes\CLSID\{85131631-480C-11D2-B1F9-00C04F86C324}\InProcServer32,REG_SZ,,NT AUTHORITY\SYSTEM,HKEY_LOCAL_MACHINE\Software\Classes\CLSID\{85131631-480C-11D2-B1F9-00C04F86C324}\InProcServer32\,C:\Windows\System32\scrrun.dll
ST869VRJ,Classes\CLSID\{d7bfd8f3-678c-4827-b84b-0e5fc6d15be3}\InProcServer32,REG_EXPAND_SZ,,NT AUTHORITY\SYSTEM,HKEY_LOCAL_MACHINE\Software\Classes\CLSID\{d7bfd8f3-678c-4827-b84b-0e5fc6d15be3}\InProcServer32\,%SystemRoot%\system32\shell32.dll
ST869VRJ,Classes\CLSID\{4150F050-BB6F-11D0-AFB9-00AA00B67A42}\InProcServer32,REG_SZ,,NT AUTHORITY\SYSTEM,HKEY_LOCAL_MACHINE\Software\Classes\CLSID\{4150F050-BB6F-11D0-AFB9-00AA00B67A42}\InProcServer32\,C:\Windows\System32\qdv.dll
ST869VRJ,Classes\CLSID\{7007ACC1-3202-11D1-AAD2-00805FC1270E}\InProcServer32,REG_EXPAND_SZ,,NT AUTHORITY\SYSTEM,HKEY_LOCAL_MACHINE\Software\Classes\CLSID\{7007ACC1-3202-11D1-AAD2-00805FC1270E}\InProcServer32\,%SystemRoot%\System32\netshell.dll
ST869VRJ,Wow6432Node\Classes\CLSID\{127b106b-b42e-4cd8-b08a-22b66a1c7877}\InProcServer32,REG_SZ,,NT AUTHORITY\SYSTEM,HKEY_LOCAL_MACHINE\Software\Wow6432Node\Classes\CLSID\{127b106b-b42e-4cd8-b08a-22b66a1c7877}\InProcServer32\,C:\Windows\SysWOW64\IME\SHARED\imesearchps.dll
ST869VRJ,Classes\CLSID\{B52C1E50-1DD2-11D1-BC43-00C04FC31FD3}\InProcServer32,REG_EXPAND_SZ,,NT AUTHORITY\SYSTEM,HKEY_LOCAL_MACHINE\Software\Classes\CLSID\{B52C1E50-1DD2-11D1-BC43-00C04FC31FD3}\InProcServer32\,%SystemRoot%\system32\rasuser.dll
ST869VRJ,Software\Microsoft\Windows\CurrentVersion\Run\,REG_SZ,OneDriveSetup,NT AUTHORITY\SYSTEM,HKEY_USERS\S-1-5-19\Software\Microsoft\Windows\CurrentVersion\Run\OneDriveSetup,C:\Windows\SysWOW64\OneDriveSetup.exe /thfirstsetup
ST869VRJ,Classes\CLSID\{6A02951C-B129-4D26-AB92-B9CA19BDCA26}\InProcServer32,REG_SZ,,NT AUTHORITY\SYSTEM,HKEY_LOCAL_MACHINE\Software\Classes\CLSID\{6A02951C-B129-4D26-AB92-B9CA19BDCA26}\InProcServer32\,C:\Windows\System32\mscoree.dll
ST869VRJ,Microsoft\Windows NT\CurrentVersion\Image File Execution Options\DllNXOptions\,REG_DWORD,Apitrap.dll,NT AUTHORITY\SYSTEM,HKEY_LOCAL_MACHINE\Software\Microsoft\Windows NT\CurrentVersion\Image File Execution Options\DllNXOptions\Apitrap.dll,1
ST869VRJ,Classes\CLSID\{EF985E71-D5C7-42D4-BA4D-2D073E2E96F4}\InProcServer32,REG_EXPAND_SZ,,NT AUTHORITY\SYSTEM,HKEY_LOCAL_MACHINE\Software\Classes\CLSID\{EF985E71-D5C7-42D4-BA4D-2D073E2E96F4}\InProcServer32\,%SystemRoot%\System32\dsdmo.dll
ST869VRJ,Classes\CLSID\{C19FBD0E-7663-44ea-8265-74130671A1D6}\InProcServer32,REG_EXPAND_SZ,,NT AUTHORITY\SYSTEM,HKEY_LOCAL_MACHINE\Software\Classes\CLSID\{C19FBD0E-7663-44ea-8265-74130671A1D6}\InProcServer32\,%SystemRoot%\system32\shell32.dll
ST869VRJ,Classes\CLSID\{7444C717-39BF-11D1-8CD9-00C04FC29D45}\InProcServer32,REG_EXPAND_SZ,,NT AUTHORITY\SYSTEM,HKEY_LOCAL_MACHINE\Software\Classes\CLSID\{7444C717-39BF-11D1-8CD9-00C04FC29D45}\InProcServer32\,%SystemRoot%\system32\cryptext.dll
ST869VRJ,Classes\CLSID\{F60C3E02-214A-462b-9B07-56EA38545A13}\InProcServer32,REG_EXPAND_SZ,,NT AUTHORITY\SYSTEM,HKEY_LOCAL_MACHINE\Software\Classes\CLSID\{F60C3E02-214A-462b-9B07-56EA38545A13}\InProcServer32\,%SystemRoot%\system32\shell32.dll
ST869VRJ,Classes\CLSID\{1fda955c-61ff-11da-978c-0008744faab7}\InProcServer32,REG_EXPAND_SZ,,NT AUTHORITY\SYSTEM,HKEY_LOCAL_MACHINE\Software\Classes\CLSID\{1fda955c-61ff-11da-978c-0008744faab7}\InProcServer32\,%SystemRoot%\system32\dtsh.dll
ST869VRJ,Classes\CLSID\{ecabafcd-7f19-11d2-978e-0000f8757e2a}\InProcServer32,REG_SZ,,NT AUTHORITY\SYSTEM,HKEY_LOCAL_MACHINE\Software\Classes\CLSID\{ecabafcd-7f19-11d2-978e-0000f8757e2a}\InProcServer32\,C:\Windows\System32\comsvcs.dll
ST869VRJ,Classes\CLSID\{3BC4EE9F-1FC1-44DB-81FA-AD94DEC7AF30}\InProcServer32,REG_SZ,,NT AUTHORITY\SYSTEM,HKEY_LOCAL_MACHINE\Software\Classes\CLSID\{3BC4EE9F-1FC1-44DB-81FA-AD94DEC7AF30}\InProcServer32\,C:\Windows\System32\ieapfltr.dll
ST869VRJ,Classes\CLSID\{77CA5AA1-1D99-4E2A-8D16-D2D7D00E9A9B}\InProcServer32,REG_SZ,,NT AUTHORITY\SYSTEM,HKEY_LOCAL_MACHINE\Software\Classes\CLSID\{77CA5AA1-1D99-4E2A-8D16-D2D7D00E9A9B}\InProcServer32\,C:\Windows\System32\DevicePairing.dll
ST869VRJ,Classes\CLSID\{C20ED5C4-0A2E-4F66-9BE2-86A1C823DD68}\InProcServer32,REG_SZ,,NT AUTHORITY\SYSTEM,HKEY_LOCAL_MACHINE\Software\Classes\CLSID\{C20ED5C4-0A2E-4F66-9BE2-86A1C823DD68}\InProcServer32\,C:\Windows\System32\jscript9.dll
ST869VRJ,CurrentControlSet\Services\iphlpsvc\Parameters\,REG_EXPAND_SZ,ServiceDll,NT AUTHORITY\SYSTEM,HKEY_LOCAL_MACHINE\SYSTEM\CurrentControlSet\Services\iphlpsvc\Parameters\ServiceDll,%SystemRoot%\System32\iphlpsvc.dll
ST869VRJ,Classes\CLSID\{0EEA25CC-4362-4a12-850B-86EE61B0D3EB}\InProcServer32,REG_EXPAND_SZ,,NT AUTHORITY\SYSTEM,HKEY_LOCAL_MACHINE\Software\Classes\CLSID\{0EEA25CC-4362-4a12-850B-86EE61B0D3EB}\InProcServer32\,%SystemRoot%\system32\shell32.dll
ST869VRJ,Wow6432Node\Classes\CLSID\{E26D02A0-4C1F-11D1-9AA1-00C04FC3357A}\InProcServer32,REG_SZ,,NT AUTHORITY\SYSTEM,HKEY_LOCAL_MACHINE\Software\Wow6432Node\Classes\CLSID\{E26D02A0-4C1F-11D1-9AA1-00C04FC3357A}\InProcServer32\,C:\Windows\SysWOW64\tapisnap.dll
ST869VRJ,Classes\CLSID\{B7259EF0-83A6-4A3B-A2ED-93EE23DE7863}\InProcServer32,REG_SZ,,NT AUTHORITY\SYSTEM,HKEY_LOCAL_MACHINE\Software\Classes\CLSID\{B7259EF0-83A6-4A3B-A2ED-93EE23DE7863}\InProcServer32\,C:\Windows\System32\deviceaccess.dll
ST869VRJ,Classes\CLSID\{1a184871-359e-4f67-aad9-5b9905d62232}\InProcServer32,REG_EXPAND_SZ,,NT AUTHORITY\SYSTEM,HKEY_LOCAL_MACHINE\Software\Classes\CLSID\{1a184871-359e-4f67-aad9-5b9905d62232}\InProcServer32\,%SystemRoot%\system32\fontext.dll
ST869VRJ,Classes\CLSID\{dacfcde5-4790-45ea-a357-a8388c6a587b}\InProcServer32,REG_SZ,,NT AUTHORITY\SYSTEM,HKEY_LOCAL_MACHINE\Software\Classes\CLSID\{dacfcde5-4790-45ea-a357-a8388c6a587b}\InProcServer32\,C:\Windows\System32\CallButtons.proxystub.dll
ST869VRJ,CurrentControlSet\Services\AeLookupSvc\Parameters\,REG_EXPAND_SZ,ServiceDll,NT AUTHORITY\SYSTEM,HKEY_LOCAL_MACHINE\SYSTEM\CurrentControlSet\Services\AeLookupSvc\Parameters\ServiceDll,%SystemRoot%\System32\aelupsvc.dll
ST869VRJ,Classes\CLSID\{45234E3E-61CC-4311-A3AB-248082554482}\InProcServer32,REG_SZ,,NT AUTHORITY\SYSTEM,HKEY_LOCAL_MACHINE\Software\Classes\CLSID\{45234E3E-61CC-4311-A3AB-248082554482}\InProcServer32\,C:\Windows\System32\termmgr.dll
ST869VRJ,Wow6432Node\Microsoft\Active Setup\Installed Components\{89B4C1CD-B018-4511-B0A1-5476DBF70820}\,REG_SZ,StubPath,NT AUTHORITY\SYSTEM,HKEY_LOCAL_MACHINE\Software\Wow6432Node\Microsoft\Active Setup\Installed Components\{89B4C1CD-B018-4511-B0A1-5476DBF70820}\StubPath,C:\Windows\SysWOW64\Rundll32.exe C:\Windows\SysWOW64\mscories.dll Install
ST869VRJ,Classes\CLSID\{2B4B0612-E1F4-376F-A9B9-86BA3F72A670}\InProcServer32,REG_SZ,,NT AUTHORITY\SYSTEM,HKEY_LOCAL_MACHINE\Software\Classes\CLSID\{2B4B0612-E1F4-376F-A9B9-86BA3F72A670}\InProcServer32\,C:\Windows\System32\mscoree.dll
ST869VRJ,Classes\CLSID\{E7F328B1-6095-41B0-94B7-3DD278EADAA1}\InProcServer32,REG_EXPAND_SZ,,NT AUTHORITY\SYSTEM,HKEY_LOCAL_MACHINE\Software\Classes\CLSID\{E7F328B1-6095-41B0-94B7-3DD278EADAA1}\InProcServer32\,%SystemRoot%\system32\sqlcecompact40.dll
ST869VRJ,Classes\CLSID\{9DAA54E8-CD95-4107-8E7F-BA3F24732D95}\InProcServer32,REG_EXPAND_SZ,,NT AUTHORITY\SYSTEM,HKEY_LOCAL_MACHINE\Software\Classes\CLSID\{9DAA54E8-CD95-4107-8E7F-BA3F24732D95}\InProcServer32\,%SystemRoot%\System32\MSWB7.dll
ST869VRJ,Classes\CLSID\{9ab3b1c9-3225-4bb4-93b6-bfb3c0d93743}\InProcServer32,REG_EXPAND_SZ,,NT AUTHORITY\SYSTEM,HKEY_LOCAL_MACHINE\Software\Classes\CLSID\{9ab3b1c9-3225-4bb4-93b6-bfb3c0d93743}\InProcServer32\,%SystemRoot%\system32\shell32.dll
ST869VRJ,Classes\CLSID\{B970338F-FDF9-45A2-B3F5-586C61BF5C1D}\InProcServer32,REG_SZ,,BUILTIN\Administrators,HKEY_LOCAL_MACHINE\Software\Classes\CLSID\{B970338F-FDF9-45A2-B3F5-586C61BF5C1D}\InProcServer32\,C:\Program Files\McAfee\MSK\msksrvr.dll
ST869VRJ,Classes\CLSID\{02805F1E-D5AA-415B-82C5-61C033A988A6}\InProcServer32,REG_EXPAND_SZ,,NT AUTHORITY\SYSTEM,HKEY_LOCAL_MACHINE\Software\Classes\CLSID\{02805F1E-D5AA-415B-82C5-61C033A988A6}\InProcServer32\,%SystemRoot%\system32\windowscodecs.dll
ST869VRJ,Classes\CLSID\{81442F68-A942-457E-9AF0-C6977E244A7C}\InProcServer32,REG_EXPAND_SZ,,NT AUTHORITY\SYSTEM,HKEY_LOCAL_MACHINE\Software\Classes\CLSID\{81442F68-A942-457E-9AF0-C6977E244A7C}\InProcServer32\,%SystemRoot%\System32\NaturalLanguage6.dll
ST869VRJ,Classes\CLSID\{fe64acb0-e0e7-4b4a-8086-923b5031bca9}\InProcServer32,REG_SZ,,NT AUTHORITY\SYSTEM,HKEY_LOCAL_MACHINE\Software\Classes\CLSID\{fe64acb0-e0e7-4b4a-8086-923b5031bca9}\InProcServer32\,C:\Windows\System32\scwengb.dll
ST869VRJ,Classes\CLSID\{C6E13344-30AC-11D0-A18C-00A0C9118956}\InProcServer32,REG_SZ,,NT AUTHORITY\SYSTEM,HKEY_LOCAL_MACHINE\Software\Classes\CLSID\{C6E13344-30AC-11D0-A18C-00A0C9118956}\InProcServer32\,C:\Windows\System32\kswdmcap.ax
ST869VRJ,Classes\CLSID\{03837546-098B-11D8-9414-505054503030}\InProcServer32,REG_EXPAND_SZ,,NT AUTHORITY\SYSTEM,HKEY_LOCAL_MACHINE\Software\Classes\CLSID\{03837546-098B-11D8-9414-505054503030}\InProcServer32\,%SystemRoot%\System32\pla.dll
ST869VRJ,Classes\CLSID\{9c7a1728-b694-427a-94a2-a1b2c60f0360}\InProcServer32,REG_SZ,,NT AUTHORITY\SYSTEM,HKEY_LOCAL_MACHINE\Software\Classes\CLSID\{9c7a1728-b694-427a-94a2-a1b2c60f0360}\InProcServer32\,C:\Windows\System32\ieframe.dll
ST869VRJ,Wow6432Node\Classes\CLSID\{29B24532-6CE1-41BA-8BF0-F580EA174AF1}\InProcServer32,REG_SZ,,BUILTIN\Administrators,HKEY_LOCAL_MACHINE\Software\Wow6432Node\Classes\CLSID\{29B24532-6CE1-41BA-8BF0-F580EA174AF1}\InProcServer32\,C:\Program Files\McAfee\WebAdvisor\win32\IEPlugin.dll
ST869VRJ,Classes\CLSID\{1AC32B1A-E379-4CAD-B655-F978A30856EC}\InProcServer32,REG_EXPAND_SZ,,NT AUTHORITY\SYSTEM,HKEY_LOCAL_MACHINE\Software\Classes\CLSID\{1AC32B1A-E379-4CAD-B655-F978A30856EC}\InProcServer32\,%SystemRoot%\System32\SmartCardSimulator.dll
ST869VRJ,Wow6432Node\Classes\CLSID\{291EE2A7-BFA5-4e9e-A358-C93655556A6C}\InProcServer32,REG_SZ,,NT AUTHORITY\SYSTEM,HKEY_LOCAL_MACHINE\Software\Wow6432Node\Classes\CLSID\{291EE2A7-BFA5-4e9e-A358-C93655556A6C}\InProcServer32\,C:\Windows\SysWOW64\vidcap.ax
ST869VRJ,Classes\CLSID\{7E3FCEA1-31B4-11D2-AE1F-0080C7337EA1}\InProcServer32,REG_EXPAND_SZ,,NT AUTHORITY\SYSTEM,HKEY_LOCAL_MACHINE\Software\Classes\CLSID\{7E3FCEA1-31B4-11D2-AE1F-0080C7337EA1}\InProcServer32\,%SystemRoot%\System32\msxml3.dll
ST869VRJ,Classes\CLSID\{4B601364-A04B-38BC-BD38-A18E981324CF}\InProcServer32,REG_SZ,,NT AUTHORITY\SYSTEM,HKEY_LOCAL_MACHINE\Software\Classes\CLSID\{4B601364-A04B-38BC-BD38-A18E981324CF}\InProcServer32\,C:\Windows\System32\mscoree.dll
ST869VRJ,Classes\CLSID\{2D2E24CB-0CD5-458F-86EA-3E6FA22C8E64}\InProcServer32,REG_SZ,,NT AUTHORITY\SYSTEM,HKEY_LOCAL_MACHINE\Software\Classes\CLSID\{2D2E24CB-0CD5-458F-86EA-3E6FA22C8E64}\InProcServer32\,C:\Windows\System32\quartz.dll
ST869VRJ,Classes\CLSID\{df6775de-380d-4c14-8b62-fb69912e6d30}\InProcServer32,REG_EXPAND_SZ,,NT AUTHORITY\SYSTEM,HKEY_LOCAL_MACHINE\Software\Classes\CLSID\{df6775de-380d-4c14-8b62-fb69912e6d30}\InProcServer32\,%SystemRoot%\system32\usbui.dll
ST869VRJ,Classes\CLSID\{E2F33E30-B587-4f08-BF1A-F28D0F41000A}\InProcServer32,REG_EXPAND_SZ,,NT AUTHORITY\SYSTEM,HKEY_LOCAL_MACHINE\Software\Classes\CLSID\{E2F33E30-B587-4f08-BF1A-F28D0F41000A}\InProcServer32\,%SystemRoot%\system32\explorerframe.dll
ST869VRJ,Classes\CLSID\{40B6664F-4972-11D1-A7CA-0000F87571E3}\InProcServer32,REG_EXPAND_SZ,,NT AUTHORITY\SYSTEM,HKEY_LOCAL_MACHINE\Software\Classes\CLSID\{40B6664F-4972-11D1-A7CA-0000F87571E3}\InProcServer32\,%SystemRoot%\System32\scrptadm.dll
ST869VRJ,Classes\CLSID\{076C2A6C-F78F-4C46-A723-3583E70876EA}\InProcServer32,REG_EXPAND_SZ,,NT AUTHORITY\SYSTEM,HKEY_LOCAL_MACHINE\Software\Classes\CLSID\{076C2A6C-F78F-4C46-A723-3583E70876EA}\InProcServer32\,%SystemRoot%\system32\windowscodecsext.dll
ST869VRJ,Classes\CLSID\{4662DAAE-D393-11D0-9A56-00C04FB68BF7}\InProcServer32,REG_SZ,,NT AUTHORITY\SYSTEM,HKEY_LOCAL_MACHINE\Software\Classes\CLSID\{4662DAAE-D393-11D0-9A56-00C04FB68BF7}\InProcServer32\,C:\Windows\System32\itircl.dll
ST869VRJ,Classes\CLSID\{4DFED3F9-B794-4d3c-973B-DDA1C28105A9}\InProcServer32,REG_SZ,,NT AUTHORITY\SYSTEM,HKEY_LOCAL_MACHINE\Software\Classes\CLSID\{4DFED3F9-B794-4d3c-973B-DDA1C28105A9}\InProcServer32\,C:\Windows\System32\ieframe.dll
ST869VRJ,CurrentControlSet\Services\WacomPen\,REG_EXPAND_SZ,ImagePath,NT AUTHORITY\SYSTEM,HKEY_LOCAL_MACHINE\SYSTEM\CurrentControlSet\Services\WacomPen\ImagePath,\SystemRoot\System32\drivers\wacompen.sys
ST869VRJ,Classes\CLSID\{84FC747A-1940-3D85-8819-EA53FC73DB1B}\InProcServer32,REG_SZ,,NT AUTHORITY\SYSTEM,HKEY_LOCAL_MACHINE\Software\Classes\CLSID\{84FC747A-1940-3D85-8819-EA53FC73DB1B}\InProcServer32\,C:\Windows\System32\mscoree.dll
ST869VRJ,Classes\CLSID\{B3FD5602-EB0F-415E-9F32-75DA391D6BF9}\InProcServer32,REG_EXPAND_SZ,,NT AUTHORITY\SYSTEM,HKEY_LOCAL_MACHINE\Software\Classes\CLSID\{B3FD5602-EB0F-415E-9F32-75DA391D6BF9}\InProcServer32\,%SystemRoot%\system32\mmcndmgr.dll
ST869VRJ,Classes\CLSID\{10E2414A-EC59-49D2-BC51-5ADD2C36FEBC}\InProcServer32,REG_SZ,,NT AUTHORITY\SYSTEM,HKEY_LOCAL_MACHINE\Software\Classes\CLSID\{10E2414A-EC59-49D2-BC51-5ADD2C36FEBC}\InProcServer32\,C:\Windows\System32\dispex.dll
ST869VRJ,Classes\CLSID\{E0F158E1-CB04-11d0-BD4E-00A0C911CE86}\InProcServer32,REG_SZ,,NT AUTHORITY\SYSTEM,HKEY_LOCAL_MACHINE\Software\Classes\CLSID\{E0F158E1-CB04-11d0-BD4E-00A0C911CE86}\InProcServer32\,C:\Windows\System32\devenum.dll
ST869VRJ,Classes\CLSID\{09DBB645-8A30-4141-9ABE-826C1BBDFB10}\InProcServer32,REG_SZ,,BUILTIN\Administrators,HKEY_LOCAL_MACHINE\Software\Classes\CLSID\{09DBB645-8A30-4141-9ABE-826C1BBDFB10}\InProcServer32\,c:\PROGRA~1\mcafee\mps\mpsevh.dll
ST869VRJ,Classes\CLSID\{FE62FDE5-E0D8-4118-9FA3-45D31A5AEA0F}\InProcServer32,REG_EXPAND_SZ,,NT AUTHORITY\SYSTEM,HKEY_LOCAL_MACHINE\Software\Classes\CLSID\{FE62FDE5-E0D8-4118-9FA3-45D31A5AEA0F}\InProcServer32\,%SystemRoot%\System32\oobe\msoobedui.dll
ST869VRJ,Classes\CLSID\{EE832CE3-06CA-33EF-8F01-61C7C218BD7E}\InProcServer32,REG_SZ,,NT AUTHORITY\SYSTEM,HKEY_LOCAL_MACHINE\Software\Classes\CLSID\{EE832CE3-06CA-33EF-8F01-61C7C218BD7E}\InProcServer32\,C:\Windows\System32\mscoree.dll
ST869VRJ,Classes\CLSID\{D2D79DF7-3400-11d0-B40B-00AA005FF586}\InProcServer32,REG_EXPAND_SZ,,NT AUTHORITY\SYSTEM,HKEY_LOCAL_MACHINE\Software\Classes\CLSID\{D2D79DF7-3400-11d0-B40B-00AA005FF586}\InProcServer32\,%SystemRoot%\System32\dmintf.dll
ST869VRJ,Classes\CLSID\{C74C7A1D-476C-482A-B9D9-D76B50AFFFD4}\InProcServer32,REG_SZ,,BUILTIN\Administrators,HKEY_LOCAL_MACHINE\Software\Classes\CLSID\{C74C7A1D-476C-482A-B9D9-D76B50AFFFD4}\InProcServer32\,c:\PROGRA~1\mcafee\mpf\mpfshm.dll
ST869VRJ,Classes\CLSID\{29C69707-875F-3678-8F01-283094A2DFB1}\InProcServer32,REG_SZ,,NT AUTHORITY\SYSTEM,HKEY_LOCAL_MACHINE\Software\Classes\CLSID\{29C69707-875F-3678-8F01-283094A2DFB1}\InProcServer32\,C:\Windows\System32\mscoree.dll
ST869VRJ,Classes\CLSID\{27949969-876A-41D7-9447-568F6A35A4DC}\InProcServer32,REG_EXPAND_SZ,,NT AUTHORITY\SYSTEM,HKEY_LOCAL_MACHINE\Software\Classes\CLSID\{27949969-876A-41D7-9447-568F6A35A4DC}\InProcServer32\,%SystemRoot%\system32\windowscodecs.dll
ST869VRJ,Microsoft\Windows NT\CurrentVersion\Image File Execution Options\DllNXOptions\,REG_DWORD,AVSTE.dll,NT AUTHORITY\SYSTEM,HKEY_LOCAL_MACHINE\Software\Microsoft\Windows NT\CurrentVersion\Image File Execution Options\DllNXOptions\AVSTE.dll,1
ST869VRJ,Classes\CLSID\{4495524E-2E54-472D-86D7-D671CA588F01}\InProcServer32,REG_EXPAND_SZ,,NT AUTHORITY\SYSTEM,HKEY_LOCAL_MACHINE\Software\Classes\CLSID\{4495524E-2E54-472D-86D7-D671CA588F01}\InProcServer32\,%SystemRoot%\System32\NaturalLanguage6.dll
ST869VRJ,Classes\CLSID\{70A738D1-1BC5-3175-BD42-603E2B82C08B}\InProcServer32,REG_SZ,,NT AUTHORITY\SYSTEM,HKEY_LOCAL_MACHINE\Software\Classes\CLSID\{70A738D1-1BC5-3175-BD42-603E2B82C08B}\InProcServer32\,C:\Windows\System32\mscoree.dll
ST869VRJ,Classes\CLSID\{CDC70043-D56B-3799-B7BD-6113BBCA160A}\InProcServer32,REG_SZ,,NT AUTHORITY\SYSTEM,HKEY_LOCAL_MACHINE\Software\Classes\CLSID\{CDC70043-D56B-3799-B7BD-6113BBCA160A}\InProcServer32\,C:\Windows\System32\mscoree.dll
ST869VRJ,Classes\CLSID\{CA236752-2E77-4386-B63B-0E34774A413D}\InProcServer32,REG_EXPAND_SZ,,NT AUTHORITY\SYSTEM,HKEY_LOCAL_MACHINE\Software\Classes\CLSID\{CA236752-2E77-4386-B63B-0E34774A413D}\InProcServer32\,%SystemRoot%\System32\werconcpl.dll
ST869VRJ,Classes\CLSID\{FCC152B7-F372-11D0-8E00-00C04FD7C08B}\InProcServer32,REG_SZ,,NT AUTHORITY\SYSTEM,HKEY_LOCAL_MACHINE\Software\Classes\CLSID\{FCC152B7-F372-11D0-8E00-00C04FD7C08B}\InProcServer32\,C:\Windows\System32\qdvd.dll
ST869VRJ,Classes\CLSID\{7478EF61-8C46-11d1-8D99-00A0C913CAD4}\InProcServer32,REG_EXPAND_SZ,,NT AUTHORITY\SYSTEM,HKEY_LOCAL_MACHINE\Software\Classes\CLSID\{7478EF61-8C46-11d1-8D99-00A0C913CAD4}\InProcServer32\,%SystemRoot%\System32\wdc.dll
ST869VRJ,Classes\CLSID\{989D1DC0-B162-11D1-B6EC-D27DDCF9A923}\InProcServer32,REG_EXPAND_SZ,,NT AUTHORITY\SYSTEM,HKEY_LOCAL_MACHINE\Software\Classes\CLSID\{989D1DC0-B162-11D1-B6EC-D27DDCF9A923}\InProcServer32\,%SystemRoot%\System32\msxml3.dll
ST869VRJ,Classes\CLSID\{410381DB-AF42-11D1-8F10-00C04FC2C17B}\InProcServer32,REG_SZ,,NT AUTHORITY\SYSTEM,HKEY_LOCAL_MACHINE\Software\Classes\CLSID\{410381DB-AF42-11D1-8F10-00C04FC2C17B}\InProcServer32\,C:\Windows\System32\comsnap.dll
ST869VRJ,Classes\CLSID\{4DDB6D36-3BC1-11d2-86F2-006008B0E5D2}\InProcServer32,REG_SZ,,NT AUTHORITY\SYSTEM,HKEY_LOCAL_MACHINE\Software\Classes\CLSID\{4DDB6D36-3BC1-11d2-86F2-006008B0E5D2}\InProcServer32\,C:\Windows\System32\wavemsp.dll
ST869VRJ,Classes\CLSID\{bf641d1c-29fd-4721-b3b8-48d92d35f7df}\InProcServer32,REG_EXPAND_SZ,,NT AUTHORITY\SYSTEM,HKEY_LOCAL_MACHINE\Software\Classes\CLSID\{bf641d1c-29fd-4721-b3b8-48d92d35f7df}\InProcServer32\,%SystemRoot%\system32\shell32.dll
ST869VRJ,Classes\CLSID\{3E5509F0-1FB9-304D-8174-75D6C9AFE5DA}\InProcServer32,REG_SZ,,NT AUTHORITY\SYSTEM,HKEY_LOCAL_MACHINE\Software\Classes\CLSID\{3E5509F0-1FB9-304D-8174-75D6C9AFE5DA}\InProcServer32\,C:\Windows\System32\mscoree.dll
ST869VRJ,Classes\CLSID\{D4CA0E2D-6DA7-4b75-A97C-5F306F0EAEDC}\InProcServer32,REG_EXPAND_SZ,,NT AUTHORITY\SYSTEM,HKEY_LOCAL_MACHINE\Software\Classes\CLSID\{D4CA0E2D-6DA7-4b75-A97C-5F306F0EAEDC}\InProcServer32\,%SystemRoot%\system32\propsys.dll
ST869VRJ,Classes\CLSID\{00722F5F-CB8F-44D3-AC27-CC37F76CFE92}\InProcServer32,REG_EXPAND_SZ,,NT AUTHORITY\SYSTEM,HKEY_LOCAL_MACHINE\Software\Classes\CLSID\{00722F5F-CB8F-44D3-AC27-CC37F76CFE92}\InProcServer32\,%SystemRoot%\System32\twinui.dll
ST869VRJ,Classes\CLSID\{D2423620-51A0-11D2-9CAF-0060B0EC3D39}\InProcServer32,REG_EXPAND_SZ,,NT AUTHORITY\SYSTEM,HKEY_LOCAL_MACHINE\Software\Classes\CLSID\{D2423620-51A0-11D2-9CAF-0060B0EC3D39}\InProcServer32\,%SystemRoot%\System32\msxml3.dll
ST869VRJ,Classes\CLSID\{14BE6B21-C682-3A3A-8B24-FEE75B4FF8C5}\InProcServer32,REG_SZ,,NT AUTHORITY\SYSTEM,HKEY_LOCAL_MACHINE\Software\Classes\CLSID\{14BE6B21-C682-3A3A-8B24-FEE75B4FF8C5}\InProcServer32\,C:\Windows\System32\mscoree.dll
ST869VRJ,Classes\CLSID\{93412589-74D4-4E4E-AD0E-E0CB621440FD}\InProcServer32,REG_EXPAND_SZ,,NT AUTHORITY\SYSTEM,HKEY_LOCAL_MACHINE\Software\Classes\CLSID\{93412589-74D4-4E4E-AD0E-E0CB621440FD}\InProcServer32\,%SystemRoot%\System32\shdocvw.dll
ST869VRJ,Classes\CLSID\{4a4d5d1b-869b-4474-806a-4daaa7673e78}\InProcServer32,REG_SZ,,NT AUTHORITY\SYSTEM,HKEY_LOCAL_MACHINE\Software\Classes\CLSID\{4a4d5d1b-869b-4474-806a-4daaa7673e78}\InProcServer32\,C:\Windows\System32\Windows.UI.Immersive.dll
ST869VRJ,CurrentControlSet\Services\WinSock2\Parameters\Protocol_Catalog9\Catalog_Entries\000000000009\,REG_BINARY,PackedCatalogItem,NT AUTHORITY\SYSTEM,HKEY_LOCAL_MACHINE\System\CurrentControlSet\Services\WinSock2\Parameters\Protocol_Catalog9\Catalog_Entries\000000000009\PackedCatalogItem,"%SystemRoot%\system32\mswsock.dll."".h.t.t.p.:././.s.c.h.e.m.a.s...m.i.c.r.o.s.o.f.t...c.o.m./.w.i.n./.2.0.0.4./.0.8./.e.v.e.n.t.s."".&gt;..... . .&lt;.t.e.m.p.l.a.t.e. .t.i.d.=."".R.e.s.u.l.t."".&gt;..... . . . .&lt;.d.a.t.a. .i.n.T.y.p.e.=."".w.i.n.:.U.I.n.t.3.2."". .n.a.m.e..&amp;....................`.z3..........................................................................................@.%.S.y.s.t.e.m.R.o.o.t.%.\.S.y.s.t.e.m.3.2.\.w.s.h.q.o.s...d.l.l. .-.1.0.2....................................................................................................................................................................................................................................................................................................................................................................................................................................................."
ST869VRJ,CurrentControlSet\Services\vds\,REG_EXPAND_SZ,ImagePath,NT AUTHORITY\SYSTEM,HKEY_LOCAL_MACHINE\SYSTEM\CurrentControlSet\Services\vds\ImagePath,%SystemRoot%\System32\vds.exe
ST869VRJ,Classes\CLSID\{C6E13360-30AC-11D0-A18C-00A0C9118956}\InProcServer32,REG_SZ,,NT AUTHORITY\SYSTEM,HKEY_LOCAL_MACHINE\Software\Classes\CLSID\{C6E13360-30AC-11D0-A18C-00A0C9118956}\InProcServer32\,C:\Windows\System32\kswdmcap.ax
ST869VRJ,Classes\CLSID\{558E3D9C-F033-4A44-A019-4F3F39EC8E4F}\InProcServer32,REG_EXPAND_SZ,,NT AUTHORITY\SYSTEM,HKEY_LOCAL_MACHINE\Software\Classes\CLSID\{558E3D9C-F033-4A44-A019-4F3F39EC8E4F}\InProcServer32\,%SystemRoot%\System32\DeviceSetupManagerAPI.dll
ST869VRJ,CurrentControlSet\Services\Parport\,REG_EXPAND_SZ,ImagePath,NT AUTHORITY\SYSTEM,HKEY_LOCAL_MACHINE\SYSTEM\CurrentControlSet\Services\Parport\ImagePath,\SystemRoot\System32\drivers\parport.sys
ST869VRJ,Classes\CLSID\{117151a5-951b-477e-91a4-699c7d9d66a2}\InProcServer32,REG_SZ,,BUILTIN\Administrators,HKEY_LOCAL_MACHINE\Software\Classes\CLSID\{117151a5-951b-477e-91a4-699c7d9d66a2}\InProcServer32\,C:\Program Files\McAfee\WebAdvisor\x64\DownloadScan.dll
ST869VRJ,Classes\CLSID\{DBCE7E40-7345-439D-B12C-114A11819A09}\InProcServer32,REG_SZ,,NT AUTHORITY\SYSTEM,HKEY_LOCAL_MACHINE\Software\Classes\CLSID\{DBCE7E40-7345-439D-B12C-114A11819A09}\InProcServer32\,C:\Windows\System32\MrmCoreR.dll
ST869VRJ,Classes\CLSID\{229000A5-00F3-40b8-8984-F643C4C2952A}\InProcServer32,REG_SZ,,BUILTIN\Administrators,HKEY_LOCAL_MACHINE\Software\Classes\CLSID\{229000A5-00F3-40b8-8984-F643C4C2952A}\InProcServer32\,c:\PROGRA~1\mcafee\mps\mpsevh.dll
ST869VRJ,Classes\CLSID\{2025BCB1-370E-4103-9C34-883770F7F2A0}\InProcServer32,REG_SZ,,NT AUTHORITY\SYSTEM,HKEY_LOCAL_MACHINE\Software\Classes\CLSID\{2025BCB1-370E-4103-9C34-883770F7F2A0}\InProcServer32\,C:\Windows\System32\shell32.dll
ST869VRJ,Classes\CLSID\{6B56A227-7150-4A1F-A114-C959EB8F8C24}\InProcServer32,REG_EXPAND_SZ,,NT AUTHORITY\SYSTEM,HKEY_LOCAL_MACHINE\Software\Classes\CLSID\{6B56A227-7150-4A1F-A114-C959EB8F8C24}\InProcServer32\,%SystemRoot%\System32\appmgmts.dll
ST869VRJ,Classes\CLSID\{C7657C4A-9F68-40fa-A4DF-96BC08EB3551}\InProcServer32,REG_EXPAND_SZ,,NT AUTHORITY\SYSTEM,HKEY_LOCAL_MACHINE\Software\Classes\CLSID\{C7657C4A-9F68-40fa-A4DF-96BC08EB3551}\InProcServer32\,%SystemRoot%\system32\PhotoMetadataHandler.dll
ST869VRJ,CurrentControlSet\Services\UASPStor\,REG_EXPAND_SZ,ImagePath,NT AUTHORITY\SYSTEM,HKEY_LOCAL_MACHINE\SYSTEM\CurrentControlSet\Services\UASPStor\ImagePath,\SystemRoot\System32\drivers\uaspstor.sys
ST869VRJ,Classes\CLSID\{6B750899-F157-47D7-9C08-257E7A35141D}\InProcServer32,REG_EXPAND_SZ,,NT AUTHORITY\SYSTEM,HKEY_LOCAL_MACHINE\Software\Classes\CLSID\{6B750899-F157-47D7-9C08-257E7A35141D}\InProcServer32\,%SystemRoot%\system32\iasnap.dll
ST869VRJ,Classes\CLSID\{BFE18E9C-6D87-4450-B37C-E02F0B373803}\InProcServer32,REG_SZ,,NT AUTHORITY\SYSTEM,HKEY_LOCAL_MACHINE\Software\Classes\CLSID\{BFE18E9C-6D87-4450-B37C-E02F0B373803}\InProcServer32\,C:\Windows\System32\wuapi.dll
ST869VRJ,Classes\CLSID\{6E65CBC3-926D-11D0-8E27-00C04FC99DCF}\InProcServer32,REG_SZ,,NT AUTHORITY\SYSTEM,HKEY_LOCAL_MACHINE\Software\Classes\CLSID\{6E65CBC3-926D-11D0-8E27-00C04FC99DCF}\InProcServer32\,C:\Windows\System32\rascfg.dll
ST869VRJ,Microsoft\Active Setup\Installed Components\{44BBA840-CC51-11CF-AAFA-00AA00B6015C}\,REG_EXPAND_SZ,StubPath,NT AUTHORITY\SYSTEM,HKEY_LOCAL_MACHINE\SOFTWARE\Microsoft\Active Setup\Installed Components\{44BBA840-CC51-11CF-AAFA-00AA00B6015C}\StubPath,"""%ProgramFiles%\Windows Mail\WinMail.exe"" OCInstallUserConfigOE"
ST869VRJ,Classes\CLSID\{73257e95-0378-49d6-a954-44aabc841eab}\InProcServer32,REG_EXPAND_SZ,,NT AUTHORITY\SYSTEM,HKEY_LOCAL_MACHINE\Software\Classes\CLSID\{73257e95-0378-49d6-a954-44aabc841eab}\InProcServer32\,%SystemRoot%\system32\netcorehc.dll
ST869VRJ,Classes\CLSID\{20404060-F24F-4F89-84C6-8AF80B0A17CB}\InProcServer32,REG_EXPAND_SZ,,NT AUTHORITY\SYSTEM,HKEY_LOCAL_MACHINE\Software\Classes\CLSID\{20404060-F24F-4F89-84C6-8AF80B0A17CB}\InProcServer32\,%SystemRoot%\System32\audiokse.dll
ST869VRJ,Classes\CLSID\{0F9FDB2D-1804-4cde-A2F9-9B380CDACF7A}\InProcServer32,REG_SZ,,NT AUTHORITY\SYSTEM,HKEY_LOCAL_MACHINE\Software\Classes\CLSID\{0F9FDB2D-1804-4cde-A2F9-9B380CDACF7A}\InProcServer32\,C:\Windows\System32\InputMethod\SHARED\IHDS.dll
ST869VRJ,CurrentControlSet\Services\PptpMiniport\,REG_EXPAND_SZ,ImagePath,NT AUTHORITY\SYSTEM,HKEY_LOCAL_MACHINE\SYSTEM\CurrentControlSet\Services\PptpMiniport\ImagePath,\SystemRoot\System32\drivers\raspptp.sys
ST869VRJ,Classes\CLSID\{A36738B5-FA8F-3316-A929-68099A32B43B}\InProcServer32,REG_SZ,,NT AUTHORITY\SYSTEM,HKEY_LOCAL_MACHINE\Software\Classes\CLSID\{A36738B5-FA8F-3316-A929-68099A32B43B}\InProcServer32\,C:\Windows\System32\mscoree.dll
ST869VRJ,Classes\CLSID\{639bdb5a-7959-48d4-afc3-44f252bf2924}\InProcServer32,REG_EXPAND_SZ,,NT AUTHORITY\SYSTEM,HKEY_LOCAL_MACHINE\Software\Classes\CLSID\{639bdb5a-7959-48d4-afc3-44f252bf2924}\InProcServer32\,%SystemRoot%\system32\shell32.dll
ST869VRJ,Classes\CLSID\{BDA7BEE5-85F1-3B66-B610-DDF1D5898006}\InProcServer32,REG_SZ,,NT AUTHORITY\SYSTEM,HKEY_LOCAL_MACHINE\Software\Classes\CLSID\{BDA7BEE5-85F1-3B66-B610-DDF1D5898006}\InProcServer32\,C:\Windows\System32\mscoree.dll
ST869VRJ,Classes\CLSID\{301056D0-6DFF-11D2-9EEB-006008039E37}\InProcServer32,REG_SZ,,NT AUTHORITY\SYSTEM,HKEY_LOCAL_MACHINE\Software\Classes\CLSID\{301056D0-6DFF-11D2-9EEB-006008039E37}\InProcServer32\,C:\Windows\System32\quartz.dll
ST869VRJ,Classes\CLSID\{FF2A742B-CA25-4507-BD93-6BA9B8E8965F}\InProcServer32,REG_EXPAND_SZ,,NT AUTHORITY\SYSTEM,HKEY_LOCAL_MACHINE\Software\Classes\CLSID\{FF2A742B-CA25-4507-BD93-6BA9B8E8965F}\InProcServer32\,%SystemRoot%\System32\WLanHC.dll
ST869VRJ,Classes\CLSID\{C61BFCDF-2E0F-4AAD-A8D7-E06BAFEBCDFE}\InProcServer32,REG_EXPAND_SZ,,NT AUTHORITY\SYSTEM,HKEY_LOCAL_MACHINE\Software\Classes\CLSID\{C61BFCDF-2E0F-4AAD-A8D7-E06BAFEBCDFE}\InProcServer32\,%SystemRoot%\system32\windowscodecs.dll
ST869VRJ,Classes\CLSID\{2087c2f4-2cef-4953-a8ab-66779b670495}\InProcServer32,REG_EXPAND_SZ,,NT AUTHORITY\SYSTEM,HKEY_LOCAL_MACHINE\Software\Classes\CLSID\{2087c2f4-2cef-4953-a8ab-66779b670495}\InProcServer32\,%SystemRoot%\system32\winhttp.dll
ST869VRJ,Classes\CLSID\{7086AD76-44BD-11D0-81ED-00A0C90FC491}\InProcServer32,REG_EXPAND_SZ,,NT AUTHORITY\SYSTEM,HKEY_LOCAL_MACHINE\Software\Classes\CLSID\{7086AD76-44BD-11D0-81ED-00A0C90FC491}\InProcServer32\,%SystemRoot%\System32\dmdlgs.dll
ST869VRJ,Wow6432Node\Classes\CLSID\{16d51579-a30b-4c8b-a276-0ff4dc41e755}\InProcServer32,REG_SZ,,NT AUTHORITY\SYSTEM,HKEY_LOCAL_MACHINE\Software\Wow6432Node\Classes\CLSID\{16d51579-a30b-4c8b-a276-0ff4dc41e755}\InProcServer32\,C:\Windows\SysWOW64\jscript9.dll
ST869VRJ,Classes\CLSID\{565DCEF2-AFC5-11D2-8853-0000F80883E3}\InProcServer32,REG_SZ,,NT AUTHORITY\SYSTEM,HKEY_LOCAL_MACHINE\Software\Classes\CLSID\{565DCEF2-AFC5-11D2-8853-0000F80883E3}\InProcServer32\,C:\Windows\System32\qdvd.dll
ST869VRJ,CurrentControlSet\Services\AsyncMac\,REG_EXPAND_SZ,ImagePath,NT AUTHORITY\SYSTEM,HKEY_LOCAL_MACHINE\SYSTEM\CurrentControlSet\Services\AsyncMac\ImagePath,\SystemRoot\System32\drivers\asyncmac.sys
ST869VRJ,Classes\CLSID\{450D8FBA-AD25-11D0-98A8-0800361B1103}\InProcServer32,REG_EXPAND_SZ,,NT AUTHORITY\SYSTEM,HKEY_LOCAL_MACHINE\Software\Classes\CLSID\{450D8FBA-AD25-11D0-98A8-0800361B1103}\InProcServer32\,%SystemRoot%\system32\shell32.dll
ST869VRJ,CurrentControlSet\Services\LanmanServer\Parameters\,REG_EXPAND_SZ,ServiceDll,NT AUTHORITY\SYSTEM,HKEY_LOCAL_MACHINE\SYSTEM\CurrentControlSet\Services\LanmanServer\Parameters\ServiceDll,%SystemRoot%\system32\srvsvc.dll
ST869VRJ,Classes\CLSID\{C90250F3-4D7D-4991-9B69-A5C5BC1C2AE6}\InProcServer32,REG_SZ,,NT AUTHORITY\SYSTEM,HKEY_LOCAL_MACHINE\Software\Classes\CLSID\{C90250F3-4D7D-4991-9B69-A5C5BC1C2AE6}\InProcServer32\,C:\Windows\System32\actxprxy.dll
ST869VRJ,Classes\CLSID\{ea8b451c-5a19-49cf-bc5e-98accca49ef3}\InProcServer32,REG_EXPAND_SZ,,NT AUTHORITY\SYSTEM,HKEY_LOCAL_MACHINE\Software\Classes\CLSID\{ea8b451c-5a19-49cf-bc5e-98accca49ef3}\InProcServer32\,%SystemRoot%\system32\shell32.dll
ST869VRJ,Classes\CLSID\{C6C0D6F7-7BFD-4D5B-B106-E01CD098229C}\InProcServer32,REG_EXPAND_SZ,,NT AUTHORITY\SYSTEM,HKEY_LOCAL_MACHINE\Software\Classes\CLSID\{C6C0D6F7-7BFD-4D5B-B106-E01CD098229C}\InProcServer32\,%SystemRoot%\System32\MSWB7.dll
ST869VRJ,Classes\CLSID\{ecabafb6-7f19-11d2-978e-0000f8757e2a}\InProcServer32,REG_SZ,,NT AUTHORITY\SYSTEM,HKEY_LOCAL_MACHINE\Software\Classes\CLSID\{ecabafb6-7f19-11d2-978e-0000f8757e2a}\InProcServer32\,C:\Windows\System32\comsvcs.dll
ST869VRJ,Classes\CLSID\{55136805-B2DE-11D1-B9F2-00A0C98BC547}\InProcServer32,REG_SZ,,NT AUTHORITY\SYSTEM,HKEY_LOCAL_MACHINE\Software\Classes\CLSID\{55136805-B2DE-11D1-B9F2-00A0C98BC547}\InProcServer32\,C:\Windows\System32\ieframe.dll
ST869VRJ,Classes\CLSID\{7970614A-BD82-439E-A828-CC96F8E91428}\InProcServer32,REG_EXPAND_SZ,,NT AUTHORITY\SYSTEM,HKEY_LOCAL_MACHINE\Software\Classes\CLSID\{7970614A-BD82-439E-A828-CC96F8E91428}\InProcServer32\,%SystemRoot%\system32\tscfgwmi.dll
ST869VRJ,Classes\CLSID\{516A0FE6-CA82-49F9-97EF-B5091F4B2E5A}\InProcServer32,REG_SZ,,BUILTIN\Administrators,HKEY_LOCAL_MACHINE\Software\Classes\CLSID\{516A0FE6-CA82-49F9-97EF-B5091F4B2E5A}\InProcServer32\,c:\PROGRA~1\mcafee\msk\mskmisp.dll
ST869VRJ,Classes\CLSID\{83E94DBF-7F97-46B0-A6F0-360FE982BF83}\InProcServer32,REG_SZ,,NT AUTHORITY\SYSTEM,HKEY_LOCAL_MACHINE\Software\Classes\CLSID\{83E94DBF-7F97-46B0-A6F0-360FE982BF83}\InProcServer32\,C:\Windows\System32\twinui.dll
ST869VRJ,Wow6432Node\Classes\CLSID\{0E59F1D5-1FBE-11D0-8FF2-00A0D10038BC}\InProcServer32,REG_SZ,,NT AUTHORITY\SYSTEM,HKEY_LOCAL_MACHINE\Software\Wow6432Node\Classes\CLSID\{0E59F1D5-1FBE-11D0-8FF2-00A0D10038BC}\InProcServer32\,C:\Windows\SysWOW64\msscript.ocx
ST869VRJ,Classes\CLSID\{EDC978D6-4D53-4b2f-A265-5805674BE568}\InProcServer32,REG_SZ,,NT AUTHORITY\SYSTEM,HKEY_LOCAL_MACHINE\Software\Classes\CLSID\{EDC978D6-4D53-4b2f-A265-5805674BE568}\InProcServer32\,C:\Windows\System32\twinui.dll
ST869VRJ,Classes\CLSID\{0A30F902-8398-4ee8-86F7-4CFB589F04D1}\InProcServer32,REG_SZ,,NT AUTHORITY\SYSTEM,HKEY_LOCAL_MACHINE\Software\Classes\CLSID\{0A30F902-8398-4ee8-86F7-4CFB589F04D1}\InProcServer32\,C:\Windows\System32\shell32.dll
ST869VRJ,Wow6432Node\Classes\CLSID\{09655E95-040C-4654-85AF-48852407FDD9}\InProcServer32,REG_SZ,,NT AUTHORITY\SYSTEM,HKEY_LOCAL_MACHINE\Software\Wow6432Node\Classes\CLSID\{09655E95-040C-4654-85AF-48852407FDD9}\InProcServer32\,C:\Windows\SysWOW64\tsworkspace.dll
ST869VRJ,Classes\CLSID\{1334e551-b2db-429b-a94a-7d6a226ffcbf}\InProcServer32,REG_SZ,,NT AUTHORITY\SYSTEM,HKEY_LOCAL_MACHINE\Software\Classes\CLSID\{1334e551-b2db-429b-a94a-7d6a226ffcbf}\InProcServer32\,C:\Windows\System32\catsrvut.dll
ST869VRJ,Classes\CLSID\{0C146D72-9229-49D8-B2C9-D805EF5C69A9}\InProcServer32,REG_SZ,,BUILTIN\Administrators,HKEY_LOCAL_MACHINE\Software\Classes\CLSID\{0C146D72-9229-49D8-B2C9-D805EF5C69A9}\InProcServer32\,C:\Program Files\McAfee\MfeAV\mcodsps.dll
ST869VRJ,Classes\CLSID\{ecabafcc-7f19-11d2-978e-0000f8757e2a}\InProcServer32,REG_SZ,,NT AUTHORITY\SYSTEM,HKEY_LOCAL_MACHINE\Software\Classes\CLSID\{ecabafcc-7f19-11d2-978e-0000f8757e2a}\InProcServer32\,C:\Windows\System32\comsvcs.dll
ST869VRJ,Classes\CLSID\{e82a2d71-5b2f-43a0-97b8-81be15854de8}\InProcServer32,REG_SZ,,NT AUTHORITY\SYSTEM,HKEY_LOCAL_MACHINE\Software\Classes\CLSID\{e82a2d71-5b2f-43a0-97b8-81be15854de8}\InProcServer32\,C:\Windows\System32\dfshim.dll
ST869VRJ,Classes\CLSID\{7071EC62-663B-4bc1-A1FA-B97F3B917C55}\InProcServer32,REG_EXPAND_SZ,,NT AUTHORITY\SYSTEM,HKEY_LOCAL_MACHINE\Software\Classes\CLSID\{7071EC62-663B-4bc1-A1FA-B97F3B917C55}\InProcServer32\,%SystemRoot%\system32\connect.dll
ST869VRJ,Classes\CLSID\{5DC41693-C6A6-11d1-9D35-006008B0E5CA}\InProcServer32,REG_SZ,,NT AUTHORITY\SYSTEM,HKEY_LOCAL_MACHINE\Software\Classes\CLSID\{5DC41693-C6A6-11d1-9D35-006008B0E5CA}\InProcServer32\,C:\Windows\System32\catsrvut.dll
ST869VRJ,Classes\CLSID\{EE8E4870-A889-4DC4-969F-F38F707F4AC2}\InProcServer32,REG_EXPAND_SZ,,NT AUTHORITY\SYSTEM,HKEY_LOCAL_MACHINE\Software\Classes\CLSID\{EE8E4870-A889-4DC4-969F-F38F707F4AC2}\InProcServer32\,%SystemRoot%\system32\shell32.dll
ST869VRJ,Classes\CLSID\{AF6FB31C-95D0-4A0E-8AFE-099969D8B689}\InProcServer32,REG_SZ,,BUILTIN\Administrators,HKEY_LOCAL_MACHINE\Software\Classes\CLSID\{AF6FB31C-95D0-4A0E-8AFE-099969D8B689}\InProcServer32\,"""C:\Program Files\McAfee\MAT\McPvNs.dll"""
ST869VRJ,Classes\CLSID\{2559a1f1-21d7-11d4-bdaf-00c04f60b9f0}\InProcServer32,REG_EXPAND_SZ,,NT AUTHORITY\SYSTEM,HKEY_LOCAL_MACHINE\Software\Classes\CLSID\{2559a1f1-21d7-11d4-bdaf-00c04f60b9f0}\InProcServer32\,%SystemRoot%\System32\shell32.dll
ST869VRJ,Classes\CLSID\{88d96a06-f192-11d4-a65f-0040963251e5}\InProcServer32,REG_EXPAND_SZ,,NT AUTHORITY\SYSTEM,HKEY_LOCAL_MACHINE\Software\Classes\CLSID\{88d96a06-f192-11d4-a65f-0040963251e5}\InProcServer32\,C:\Windows\System32\msxml6.dll
ST869VRJ,Classes\CLSID\{85074451-173D-4091-8648-C0E196BB363E}\InProcServer32,REG_SZ,,NT AUTHORITY\SYSTEM,HKEY_LOCAL_MACHINE\Software\Classes\CLSID\{85074451-173D-4091-8648-C0E196BB363E}\InProcServer32\,C:\Windows\System32\wuapi.dll
ST869VRJ,Classes\CLSID\{91BB29F9-50CF-4F39-8953-E373C3774354}\InProcServer32,REG_SZ,,NT AUTHORITY\SYSTEM,HKEY_LOCAL_MACHINE\Software\Classes\CLSID\{91BB29F9-50CF-4F39-8953-E373C3774354}\InProcServer32\,C:\Windows\System32\InputMethod\KOR\KorHanjaDS.dll
ST869VRJ,Classes\CLSID\{9207d8c7-e7c8-412e-87f8-2e61171bd291}\InProcServer32,REG_EXPAND_SZ,,NT AUTHORITY\SYSTEM,HKEY_LOCAL_MACHINE\Software\Classes\CLSID\{9207d8c7-e7c8-412e-87f8-2e61171bd291}\InProcServer32\,%SystemRoot%\system32\shell32.dll
ST869VRJ,CurrentControlSet\Services\BasicRender\,REG_EXPAND_SZ,ImagePath,NT AUTHORITY\SYSTEM,HKEY_LOCAL_MACHINE\SYSTEM\CurrentControlSet\Services\BasicRender\ImagePath,\SystemRoot\System32\drivers\BasicRender.sys
ST869VRJ,Classes\CLSID\{AED6483E-3304-11d2-86F1-006008B0E5D2}\InProcServer32,REG_SZ,,NT AUTHORITY\SYSTEM,HKEY_LOCAL_MACHINE\Software\Classes\CLSID\{AED6483E-3304-11d2-86F1-006008B0E5D2}\InProcServer32\,C:\Windows\System32\termmgr.dll
ST869VRJ,Classes\CLSID\{7E34AB89-0684-3B86-8A0F-E638EB4E6252}\InProcServer32,REG_SZ,,NT AUTHORITY\SYSTEM,HKEY_LOCAL_MACHINE\Software\Classes\CLSID\{7E34AB89-0684-3B86-8A0F-E638EB4E6252}\InProcServer32\,C:\Windows\System32\mscoree.dll
ST869VRJ,Classes\CLSID\{8A01C400-A3E0-4F8D-A933-FF780F22BD87}\InProcServer32,REG_SZ,,NT AUTHORITY\SYSTEM,HKEY_LOCAL_MACHINE\Software\Classes\CLSID\{8A01C400-A3E0-4F8D-A933-FF780F22BD87}\InProcServer32\,C:\Windows\System32\puiobj.dll
ST869VRJ,Classes\CLSID\{E88DCCE0-B7B3-11d1-A9F0-00AA0060FA31}\InProcServer32,REG_EXPAND_SZ,,NT AUTHORITY\SYSTEM,HKEY_LOCAL_MACHINE\Software\Classes\CLSID\{E88DCCE0-B7B3-11d1-A9F0-00AA0060FA31}\InProcServer32\,%SystemRoot%\system32\zipfldr.dll
ST869VRJ,Classes\CLSID\{DDE5783A-88B9-11d2-84AD-00C04FA31A86}\InProcServer32,REG_EXPAND_SZ,,NT AUTHORITY\SYSTEM,HKEY_LOCAL_MACHINE\Software\Classes\CLSID\{DDE5783A-88B9-11d2-84AD-00C04FA31A86}\InProcServer32\,%SystemRoot%\system32\dsquery.dll
ST869VRJ,Classes\CLSID\{A6787DB4-F958-4938-855B-594534865351}\InProcServer32,REG_SZ,,NT AUTHORITY\SYSTEM,HKEY_LOCAL_MACHINE\Software\Classes\CLSID\{A6787DB4-F958-4938-855B-594534865351}\InProcServer32\,C:\Windows\System32\PrintDialogs.dll
ST869VRJ,Classes\CLSID\{5440837F-4BFF-4AE5-A1B1-7722ECC6332A}\InProcServer32,REG_SZ,,NT AUTHORITY\SYSTEM,HKEY_LOCAL_MACHINE\Software\Classes\CLSID\{5440837F-4BFF-4AE5-A1B1-7722ECC6332A}\InProcServer32\,C:\Windows\System32\msaatext.dll
ST869VRJ,Classes\CLSID\{A61E83F9-7923-4b5c-85C7-1D9DCAB00E64}\InProcServer32,REG_EXPAND_SZ,,NT AUTHORITY\SYSTEM,HKEY_LOCAL_MACHINE\Software\Classes\CLSID\{A61E83F9-7923-4b5c-85C7-1D9DCAB00E64}\InProcServer32\,%SystemRoot%\SYSTEM32\IME\IMESC\IMSCCORE.DLL
ST869VRJ,Microsoft\Windows NT\CurrentVersion\Image File Execution Options\ieUnatt.exe\,REG_QWORD,MitigationOptions,NT AUTHORITY\SYSTEM,HKEY_LOCAL_MACHINE\Software\Microsoft\Windows NT\CurrentVersion\Image File Execution Options\ieUnatt.exe\MitigationOptions,256
ST869VRJ,Classes\CLSID\{026CC6D7-34B2-33D5-B551-CA31EB6CE345}\InProcServer32,REG_SZ,,NT AUTHORITY\SYSTEM,HKEY_LOCAL_MACHINE\Software\Classes\CLSID\{026CC6D7-34B2-33D5-B551-CA31EB6CE345}\InProcServer32\,C:\Windows\System32\mscoree.dll
ST869VRJ,Classes\CLSID\{c6cc0d21-895d-49cc-98f1-d208cd71e047}\InProcServer32,REG_SZ,,NT AUTHORITY\SYSTEM,HKEY_LOCAL_MACHINE\Software\Classes\CLSID\{c6cc0d21-895d-49cc-98f1-d208cd71e047}\InProcServer32\,C:\Windows\System32\IERtUtil.dll
ST869VRJ,Classes\CLSID\{7071ECBF-663B-4bc1-A1FA-B97F3B917C55}\InProcServer32,REG_EXPAND_SZ,,NT AUTHORITY\SYSTEM,HKEY_LOCAL_MACHINE\Software\Classes\CLSID\{7071ECBF-663B-4bc1-A1FA-B97F3B917C55}\InProcServer32\,%SystemRoot%\system32\connect.dll
ST869VRJ,Classes\CLSID\{9a97f12a-6b73-4dc4-b3c1-e9244c03adac}\InProcServer32,REG_EXPAND_SZ,,NT AUTHORITY\SYSTEM,HKEY_LOCAL_MACHINE\Software\Classes\CLSID\{9a97f12a-6b73-4dc4-b3c1-e9244c03adac}\InProcServer32\,%SystemRoot%\system32\shell32.dll
ST869VRJ,Wow6432Node\Classes\CLSID\{023A36FC-E9D5-419E-824A-CDC66A116E84}\InProcServer32,REG_SZ,,NT AUTHORITY\SYSTEM,HKEY_LOCAL_MACHINE\Software\Wow6432Node\Classes\CLSID\{023A36FC-E9D5-419E-824A-CDC66A116E84}\InProcServer32\,C:\Windows\SysWOW64\AuthFWGP.dll
ST869VRJ,Classes\CLSID\{FD853CDF-7F86-11d0-8252-00C04FD85AB4}\InProcServer32,REG_SZ,,NT AUTHORITY\SYSTEM,HKEY_LOCAL_MACHINE\Software\Classes\CLSID\{FD853CDF-7F86-11d0-8252-00C04FD85AB4}\InProcServer32\,C:\Windows\System32\inetcomm.dll
ST869VRJ,Classes\CLSID\{BF87B6E0-8C27-11D0-B3F0-00AA003761C5}\InProcServer32,REG_SZ,,NT AUTHORITY\SYSTEM,HKEY_LOCAL_MACHINE\Software\Classes\CLSID\{BF87B6E0-8C27-11D0-B3F0-00AA003761C5}\InProcServer32\,C:\Windows\System32\qcap.dll
ST869VRJ,Classes\CLSID\{3DDB2114-9285-30A6-906D-B117640CA927}\InProcServer32,REG_SZ,,NT AUTHORITY\SYSTEM,HKEY_LOCAL_MACHINE\Software\Classes\CLSID\{3DDB2114-9285-30A6-906D-B117640CA927}\InProcServer32\,C:\Windows\System32\mscoree.dll
ST869VRJ,Classes\CLSID\{A5EAE54D-9886-4B8D-AA78-EAFF38D011CA}\InProcServer32,REG_EXPAND_SZ,,NT AUTHORITY\SYSTEM,HKEY_LOCAL_MACHINE\Software\Classes\CLSID\{A5EAE54D-9886-4B8D-AA78-EAFF38D011CA}\InProcServer32\,%SystemRoot%\System32\usercpl.dll
ST869VRJ,Classes\CLSID\{F5E692D9-8A87-349D-9657-F96E5799D2F4}\InProcServer32,REG_SZ,,NT AUTHORITY\SYSTEM,HKEY_LOCAL_MACHINE\Software\Classes\CLSID\{F5E692D9-8A87-349D-9657-F96E5799D2F4}\InProcServer32\,C:\Windows\System32\mscoree.dll
ST869VRJ,Classes\CLSID\{228D9A81-C302-11cf-9AA4-00AA004A5691}\InProcServer32,REG_EXPAND_SZ,,NT AUTHORITY\SYSTEM,HKEY_LOCAL_MACHINE\Software\Classes\CLSID\{228D9A81-C302-11cf-9AA4-00AA004A5691}\InProcServer32\,%SystemRoot%\system32\adsldp.dll
ST869VRJ,Classes\CLSID\{32B0C344-A3BB-4F6E-B8D9-E883BC150EEA}\InProcServer32,REG_EXPAND_SZ,,NT AUTHORITY\SYSTEM,HKEY_LOCAL_MACHINE\Software\Classes\CLSID\{32B0C344-A3BB-4F6E-B8D9-E883BC150EEA}\InProcServer32\,%SystemRoot%\System32\oobe\msoobedui.dll
ST869VRJ,Classes\CLSID\{c89e334c-e65f-4156-842e-ea89cec71dea}\InProcServer32,REG_EXPAND_SZ,,NT AUTHORITY\SYSTEM,HKEY_LOCAL_MACHINE\Software\Classes\CLSID\{c89e334c-e65f-4156-842e-ea89cec71dea}\InProcServer32\,%SystemRoot%\system32\fphc.dll
ST869VRJ,Classes\CLSID\{0c449b17-06f4-4f1f-a1bf-8cd17fe5d45b}\InProcServer32,REG_SZ,,NT AUTHORITY\SYSTEM,HKEY_LOCAL_MACHINE\Software\Classes\CLSID\{0c449b17-06f4-4f1f-a1bf-8cd17fe5d45b}\InProcServer32\,C:\Windows\System32\IME\IMEJP\imjppred.dll
ST869VRJ,Classes\CLSID\{5c70bc6a-4ab5-48ee-bce3-e6dd857cbdc6}\InProcServer32,REG_EXPAND_SZ,,NT AUTHORITY\SYSTEM,HKEY_LOCAL_MACHINE\Software\Classes\CLSID\{5c70bc6a-4ab5-48ee-bce3-e6dd857cbdc6}\InProcServer32\,%SystemRoot%\system32\shell32.dll
ST869VRJ,Classes\CLSID\{3E5FC7F9-9A51-4367-9063-A120244FBEC7}\InProcServer32,REG_EXPAND_SZ,,NT AUTHORITY\SYSTEM,HKEY_LOCAL_MACHINE\Software\Classes\CLSID\{3E5FC7F9-9A51-4367-9063-A120244FBEC7}\InProcServer32\,%SystemRoot%\System32\cmstplua.dll
ST869VRJ,Classes\CLSID\{11659a23-5884-4d1b-9cf6-67d6f4f90b36}\InProcServer32,REG_SZ,,NT AUTHORITY\SYSTEM,HKEY_LOCAL_MACHINE\Software\Classes\CLSID\{11659a23-5884-4d1b-9cf6-67d6f4f90b36}\InProcServer32\,C:\Windows\System32\WinTypes.dll
ST869VRJ,Classes\CLSID\{C01B9BA0-BEA7-41BA-B604-D0A36F469133}\InProcServer32,REG_SZ,,NT AUTHORITY\SYSTEM,HKEY_LOCAL_MACHINE\Software\Classes\CLSID\{C01B9BA0-BEA7-41BA-B604-D0A36F469133}\InProcServer32\,C:\Windows\System32\wuapi.dll
ST869VRJ,Classes\CLSID\{BAE86DDD-DC11-421C-B7AB-CC55D1D65C44}\InProcServer32,REG_EXPAND_SZ,,NT AUTHORITY\SYSTEM,HKEY_LOCAL_MACHINE\Software\Classes\CLSID\{BAE86DDD-DC11-421C-B7AB-CC55D1D65C44}\InProcServer32\,%SystemRoot%\system32\PhotoMetadataHandler.dll
ST869VRJ,Classes\CLSID\{4D13AE0B-CCCE-49AC-BB17-7BC48DDD7AA8}\InProcServer32,REG_SZ,,BUILTIN\Administrators,HKEY_LOCAL_MACHINE\Software\Classes\CLSID\{4D13AE0B-CCCE-49AC-BB17-7BC48DDD7AA8}\InProcServer32\,c:\PROGRA~1\mcafee\msc\mcdbmgr.dll
ST869VRJ,Microsoft\Windows NT\CurrentVersion\Image File Execution Options\ngentask.exe\,REG_QWORD,MitigationOptions,NT AUTHORITY\SYSTEM,HKEY_LOCAL_MACHINE\Software\Microsoft\Windows NT\CurrentVersion\Image File Execution Options\ngentask.exe\MitigationOptions,4294967296
ST869VRJ,Classes\CLSID\{ecabafb9-7f19-11d2-978e-0000f8757e2a}\InProcServer32,REG_SZ,,NT AUTHORITY\SYSTEM,HKEY_LOCAL_MACHINE\Software\Classes\CLSID\{ecabafb9-7f19-11d2-978e-0000f8757e2a}\InProcServer32\,C:\Windows\System32\comsvcs.dll
ST869VRJ,Wow6432Node\Classes\CLSID\{34e5efee-eb08-4714-878a-11bbcbfc592b}\InProcServer32,REG_SZ,,NT AUTHORITY\SYSTEM,HKEY_LOCAL_MACHINE\Software\Wow6432Node\Classes\CLSID\{34e5efee-eb08-4714-878a-11bbcbfc592b}\InProcServer32\,C:\Windows\SysWOW64\IME\IMEJP\imjpcmld.dll
ST869VRJ,Classes\CLSID\{B0A8F3CF-4333-4bab-8873-1CCB1CADA48B}\InProcServer32,REG_EXPAND_SZ,,NT AUTHORITY\SYSTEM,HKEY_LOCAL_MACHINE\Software\Classes\CLSID\{B0A8F3CF-4333-4bab-8873-1CCB1CADA48B}\InProcServer32\,%SystemRoot%\system32\shell32.dll
ST869VRJ,Wow6432Node\Classes\CLSID\{3EE8CE0F-2507-42DE-A453-8F4D554256E8}\InProcServer32,REG_SZ,,NT AUTHORITY\SYSTEM,HKEY_LOCAL_MACHINE\Software\Wow6432Node\Classes\CLSID\{3EE8CE0F-2507-42DE-A453-8F4D554256E8}\InProcServer32\,C:\Windows\SysWOW64\DefaultDeviceManager.dll
ST869VRJ,Classes\CLSID\{f26a669a-bcbb-4e37-abf9-7325da15f931}\InProcServer32,REG_EXPAND_SZ,,NT AUTHORITY\SYSTEM,HKEY_LOCAL_MACHINE\Software\Classes\CLSID\{f26a669a-bcbb-4e37-abf9-7325da15f931}\InProcServer32\,%SystemRoot%\system32\shell32.dll
ST869VRJ,Classes\CLSID\{F6B6768F-F99E-4152-8ED2-0412F78517FB}\InProcServer32,REG_SZ,,NT AUTHORITY\SYSTEM,HKEY_LOCAL_MACHINE\Software\Classes\CLSID\{F6B6768F-F99E-4152-8ED2-0412F78517FB}\InProcServer32\,C:\Windows\System32\mscoree.dll
ST869VRJ,Classes\CLSID\{AC29BAF7-7EFF-4A82-8B29-76B1A3E27A6D}\InProcServer32,REG_SZ,,BUILTIN\Administrators,HKEY_LOCAL_MACHINE\Software\Classes\CLSID\{AC29BAF7-7EFF-4A82-8B29-76B1A3E27A6D}\InProcServer32\,C:\Program Files\Common Files\McAfee\ClientAnalytics\ComAPIProxy.dll
ST869VRJ,Classes\CLSID\{59be4990-f85c-11ce-aff7-00aa003ca9f6}\InProcServer32,REG_EXPAND_SZ,,NT AUTHORITY\SYSTEM,HKEY_LOCAL_MACHINE\Software\Classes\CLSID\{59be4990-f85c-11ce-aff7-00aa003ca9f6}\InProcServer32\,%SystemRoot%\system32\ntlanui2.dll
ST869VRJ,Classes\CLSID\{89A86E7B-C229-4008-9BAA-2F5C8411D7E0}\InProcServer32,REG_SZ,,NT AUTHORITY\SYSTEM,HKEY_LOCAL_MACHINE\Software\Classes\CLSID\{89A86E7B-C229-4008-9BAA-2F5C8411D7E0}\InProcServer32\,C:\Windows\System32\mscoree.dll
ST869VRJ,Classes\CLSID\{AB7B327F-017C-44BF-892F-229C39F9D514}\InProcServer32,REG_SZ,,BUILTIN\Administrators,HKEY_LOCAL_MACHINE\Software\Classes\CLSID\{AB7B327F-017C-44BF-892F-229C39F9D514}\InProcServer32\,c:\PROGRA~1\mcafee\msc\mcsubmgr\17_4_1~1\mcsubmgr.dll
ST869VRJ,Classes\CLSID\{E593941A-F61C-49C3-85F1-D00EBF0D4EB2}\InProcServer32,REG_SZ,,NT AUTHORITY\SYSTEM,HKEY_LOCAL_MACHINE\Software\Classes\CLSID\{E593941A-F61C-49C3-85F1-D00EBF0D4EB2}\InProcServer32\,C:\Windows\System32\InputMethod\SHARED\ChxAdvancedDS.dll
ST869VRJ,Classes\CLSID\{6BC0989B-0CE6-11D1-BAAE-00C04FC2E20D}\InProcServer32,REG_EXPAND_SZ,,NT AUTHORITY\SYSTEM,HKEY_LOCAL_MACHINE\Software\Classes\CLSID\{6BC0989B-0CE6-11D1-BAAE-00C04FC2E20D}\InProcServer32\,%SystemRoot%\system32\iassam.dll
ST869VRJ,Classes\CLSID\{EF3E932C-D40B-4F51-8CCF-3F98F1B29D5D}\InProcServer32,REG_EXPAND_SZ,,NT AUTHORITY\SYSTEM,HKEY_LOCAL_MACHINE\Software\Classes\CLSID\{EF3E932C-D40B-4F51-8CCF-3F98F1B29D5D}\InProcServer32\,%SystemRoot%\System32\dsdmo.dll
ST869VRJ,CurrentControlSet\Services\MpsSvc\Parameters\,REG_EXPAND_SZ,ServiceDll,NT AUTHORITY\SYSTEM,HKEY_LOCAL_MACHINE\SYSTEM\CurrentControlSet\Services\MpsSvc\Parameters\ServiceDll,%SystemRoot%\system32\mpssvc.dll
ST869VRJ,Classes\CLSID\{40F5CB5E-86D7-4378-A87C-CE06448EF6B2}\InProcServer32,REG_SZ,,NT AUTHORITY\SYSTEM,HKEY_LOCAL_MACHINE\Software\Classes\CLSID\{40F5CB5E-86D7-4378-A87C-CE06448EF6B2}\InProcServer32\,C:\Windows\System32\deviceaccess.dll
ST869VRJ,Classes\CLSID\{d4f01ada-979c-491e-bac3-cd3c0e7bcf82}\InProcServer32,REG_EXPAND_SZ,,NT AUTHORITY\SYSTEM,HKEY_LOCAL_MACHINE\Software\Classes\CLSID\{d4f01ada-979c-491e-bac3-cd3c0e7bcf82}\InProcServer32\,%SystemRoot%\system32\ntshrui.dll
ST869VRJ,Classes\CLSID\{4075B76F-FCDC-43B6-B0B9-5A005B38B335}\InProcServer32,REG_SZ,,NT AUTHORITY\SYSTEM,HKEY_LOCAL_MACHINE\Software\Classes\CLSID\{4075B76F-FCDC-43B6-B0B9-5A005B38B335}\InProcServer32\,C:\Windows\System32\windows.immersiveshell.serviceprovider.dll
ST869VRJ,Classes\CLSID\{2EEDA9C2-E412-453A-8CBA-54DBC5B28D0B}\InProcServer32,REG_EXPAND_SZ,,NT AUTHORITY\SYSTEM,HKEY_LOCAL_MACHINE\Software\Classes\CLSID\{2EEDA9C2-E412-453A-8CBA-54DBC5B28D0B}\InProcServer32\,%SystemRoot%\system32\twinui.dll
ST869VRJ,CurrentControlSet\Services\HidBatt\,REG_EXPAND_SZ,ImagePath,NT AUTHORITY\SYSTEM,HKEY_LOCAL_MACHINE\SYSTEM\CurrentControlSet\Services\HidBatt\ImagePath,\SystemRoot\System32\drivers\HidBatt.sys
ST869VRJ,Classes\CLSID\{0A16D195-6F47-4964-9287-9F4BAB6D9827}\InProcServer32,REG_SZ,,NT AUTHORITY\SYSTEM,HKEY_LOCAL_MACHINE\Software\Classes\CLSID\{0A16D195-6F47-4964-9287-9F4BAB6D9827}\InProcServer32\,C:\Windows\System32\colorui.dll
ST869VRJ,Classes\CLSID\{25CBB996-92ED-457e-B28C-4774084BD562}\InProcServer32,REG_EXPAND_SZ,,NT AUTHORITY\SYSTEM,HKEY_LOCAL_MACHINE\Software\Classes\CLSID\{25CBB996-92ED-457e-B28C-4774084BD562}\InProcServer32\,%SystemRoot%\system32\authui.dll
ST869VRJ,Classes\CLSID\{5520B6D3-6EC6-3CE7-958B-E69FAF6EFF99}\InProcServer32,REG_SZ,,NT AUTHORITY\SYSTEM,HKEY_LOCAL_MACHINE\Software\Classes\CLSID\{5520B6D3-6EC6-3CE7-958B-E69FAF6EFF99}\InProcServer32\,C:\Windows\System32\mscoree.dll
ST869VRJ,Classes\CLSID\{abd2ad24-f1ff-47ad-82de-3a1edf38e7a1}\InProcServer32,REG_EXPAND_SZ,,NT AUTHORITY\SYSTEM,HKEY_LOCAL_MACHINE\Software\Classes\CLSID\{abd2ad24-f1ff-47ad-82de-3a1edf38e7a1}\InProcServer32\,%SystemRoot%\system32\hgcpl.dll
ST869VRJ,Classes\CLSID\{7B0C11A0-2FAF-40d4-9FE5-28FA27C85442}\InProcServer32,REG_EXPAND_SZ,,NT AUTHORITY\SYSTEM,HKEY_LOCAL_MACHINE\Software\Classes\CLSID\{7B0C11A0-2FAF-40d4-9FE5-28FA27C85442}\InProcServer32\,%SystemRoot%\system32\explorerframe.dll
ST869VRJ,Classes\CLSID\{1f849cce-2546-4b9f-b03e-4004781bdc40}\InProcServer32,REG_EXPAND_SZ,,NT AUTHORITY\SYSTEM,HKEY_LOCAL_MACHINE\Software\Classes\CLSID\{1f849cce-2546-4b9f-b03e-4004781bdc40}\InProcServer32\,%SystemRoot%\system32\explorerframe.dll
ST869VRJ,Classes\CLSID\{D8D7A7BC-0A44-45A1-941A-C938CE6CFF05}\InProcServer32,REG_SZ,,NT AUTHORITY\SYSTEM,HKEY_LOCAL_MACHINE\Software\Classes\CLSID\{D8D7A7BC-0A44-45A1-941A-C938CE6CFF05}\InProcServer32\,C:\Windows\System32\twinapi.dll
ST869VRJ,Classes\CLSID\{2F096B28-C65D-4C05-A37E-7E88735E32FA}\InProcServer32,REG_EXPAND_SZ,,NT AUTHORITY\SYSTEM,HKEY_LOCAL_MACHINE\Software\Classes\CLSID\{2F096B28-C65D-4C05-A37E-7E88735E32FA}\InProcServer32\,%SystemRoot%\system32\shell32.dll
ST869VRJ,Classes\CLSID\{3E988004-1193-427E-8424-A2FB5BB29C87}\InProcServer32,REG_SZ,,BUILTIN\Administrators,HKEY_LOCAL_MACHINE\Software\Classes\CLSID\{3E988004-1193-427E-8424-A2FB5BB29C87}\InProcServer32\,c:\PROGRA~1\mcafee\mqs\qclite.dll
ST869VRJ,Classes\CLSID\{56D53CCB-99EB-41AD-9762-CAADBC8ED6DD}\InProcServer32,REG_EXPAND_SZ,,NT AUTHORITY\SYSTEM,HKEY_LOCAL_MACHINE\Software\Classes\CLSID\{56D53CCB-99EB-41AD-9762-CAADBC8ED6DD}\InProcServer32\,%SystemRoot%\System32\twinui.dll
ST869VRJ,Classes\CLSID\{42aedc87-2188-41fd-b9a3-0c966feabec1}\InProcServer32,REG_EXPAND_SZ,,NT AUTHORITY\SYSTEM,HKEY_LOCAL_MACHINE\Software\Classes\CLSID\{42aedc87-2188-41fd-b9a3-0c966feabec1}\InProcServer32\,%SystemRoot%\system32\shell32.dll
ST869VRJ,Classes\CLSID\{83B52078-E93E-425B-926F-DE6169875E41}\InProcServer32,REG_EXPAND_SZ,,NT AUTHORITY\SYSTEM,HKEY_LOCAL_MACHINE\Software\Classes\CLSID\{83B52078-E93E-425B-926F-DE6169875E41}\InProcServer32\,%SystemRoot%\system32\twinui.dll
ST869VRJ,Classes\CLSID\{D2C13906-51EF-454e-BC67-A52475FF074C}\InProcServer32,REG_EXPAND_SZ,,NT AUTHORITY\SYSTEM,HKEY_LOCAL_MACHINE\Software\Classes\CLSID\{D2C13906-51EF-454e-BC67-A52475FF074C}\InProcServer32\,%SystemRoot%\System32\Speech\Common\sapi.dll
ST869VRJ,Classes\CLSID\{0FF66430-C796-3EE7-902B-166C402CA288}\InProcServer32,REG_SZ,,NT AUTHORITY\SYSTEM,HKEY_LOCAL_MACHINE\Software\Classes\CLSID\{0FF66430-C796-3EE7-902B-166C402CA288}\InProcServer32\,C:\Windows\System32\mscoree.dll
ST869VRJ,Classes\CLSID\{9E31421C-2F15-4F35-AD20-66FB9D4CD428}\InProcServer32,REG_SZ,,NT AUTHORITY\SYSTEM,HKEY_LOCAL_MACHINE\Software\Classes\CLSID\{9E31421C-2F15-4F35-AD20-66FB9D4CD428}\InProcServer32\,C:\Windows\System32\mscoree.dll
ST869VRJ,Classes\CLSID\{9a2584c3-f7d2-457a-9a5e-22b67bffc7d2}\InProcServer32,REG_SZ,,NT AUTHORITY\SYSTEM,HKEY_LOCAL_MACHINE\Software\Classes\CLSID\{9a2584c3-f7d2-457a-9a5e-22b67bffc7d2}\InProcServer32\,C:\Windows\System32\bitsprx6.dll
ST869VRJ,CurrentControlSet\Services\USBHUB3\,REG_EXPAND_SZ,ImagePath,NT AUTHORITY\SYSTEM,HKEY_LOCAL_MACHINE\SYSTEM\CurrentControlSet\Services\USBHUB3\ImagePath,\SystemRoot\System32\drivers\UsbHub3.sys
ST869VRJ,Classes\CLSID\{e2eb4ca4-c96e-4da4-94b1-673c8334a5bb}\InProcServer32,REG_EXPAND_SZ,,NT AUTHORITY\SYSTEM,HKEY_LOCAL_MACHINE\Software\Classes\CLSID\{e2eb4ca4-c96e-4da4-94b1-673c8334a5bb}\InProcServer32\,%SystemRoot%\system32\shcore.dll
ST869VRJ,Microsoft\Windows NT\CurrentVersion\Image File Execution Options\DllNXOptions\,REG_DWORD,mscorwks.dll,NT AUTHORITY\SYSTEM,HKEY_LOCAL_MACHINE\Software\Microsoft\Windows NT\CurrentVersion\Image File Execution Options\DllNXOptions\mscorwks.dll,1
ST869VRJ,CurrentControlSet\Services\NdisTapi\,REG_EXPAND_SZ,ImagePath,NT AUTHORITY\SYSTEM,HKEY_LOCAL_MACHINE\SYSTEM\CurrentControlSet\Services\NdisTapi\ImagePath,\SystemRoot\system32\DRIVERS\ndistapi.sys
ST869VRJ,Classes\CLSID\{7febaf7c-18cf-11d2-993f-00a0c91f3880}\InProcServer32,REG_EXPAND_SZ,,NT AUTHORITY\SYSTEM,HKEY_LOCAL_MACHINE\Software\Classes\CLSID\{7febaf7c-18cf-11d2-993f-00a0c91f3880}\InProcServer32\,%SystemRoot%\system32\shell32.dll
ST869VRJ,Classes\CLSID\{94abaf2a-892a-11d1-bbc4-00a0c90640bf}\InProcServer32,REG_EXPAND_SZ,,NT AUTHORITY\SYSTEM,HKEY_LOCAL_MACHINE\Software\Classes\CLSID\{94abaf2a-892a-11d1-bbc4-00a0c90640bf}\InProcServer32\,%SystemRoot%\System32\devmgr.dll
ST869VRJ,Classes\CLSID\{1E8F0D70-7399-41BF-8598-7949A2DEC898}\InProcServer32,REG_EXPAND_SZ,,NT AUTHORITY\SYSTEM,HKEY_LOCAL_MACHINE\Software\Classes\CLSID\{1E8F0D70-7399-41BF-8598-7949A2DEC898}\InProcServer32\,%SystemRoot%\system32\shell32.dll
ST869VRJ,Classes\CLSID\{54AF9350-1923-11D3-9CA4-00C04F72C514}\InProcServer32,REG_SZ,,NT AUTHORITY\SYSTEM,HKEY_LOCAL_MACHINE\Software\Classes\CLSID\{54AF9350-1923-11D3-9CA4-00C04F72C514}\InProcServer32\,C:\Windows\System32\odbcconf.dll
ST869VRJ,Classes\CLSID\{AEB84C83-95DC-11D0-B7FC-B61140119C4A}\InProcServer32,REG_EXPAND_SZ,,NT AUTHORITY\SYSTEM,HKEY_LOCAL_MACHINE\Software\Classes\CLSID\{AEB84C83-95DC-11D0-B7FC-B61140119C4A}\InProcServer32\,%SystemRoot%\System32\dmview.ocx
ST869VRJ,Classes\CLSID\{010911E2-F61C-479B-B08C-43E6D1299EFE}\InProcServer32,REG_SZ,,NT AUTHORITY\SYSTEM,HKEY_LOCAL_MACHINE\Software\Classes\CLSID\{010911E2-F61C-479B-B08C-43E6D1299EFE}\InProcServer32\,C:\Windows\System32\mscoree.dll
ST869VRJ,Classes\CLSID\{7071ECAF-663B-4bc1-A1FA-B97F3B917C55}\InProcServer32,REG_EXPAND_SZ,,NT AUTHORITY\SYSTEM,HKEY_LOCAL_MACHINE\Software\Classes\CLSID\{7071ECAF-663B-4bc1-A1FA-B97F3B917C55}\InProcServer32\,%SystemRoot%\system32\connect.dll
ST869VRJ,Classes\CLSID\{A1E7036D-72A1-4529-B108-0C3C9E92D424}\InProcServer32,REG_SZ,,NT AUTHORITY\SYSTEM,HKEY_LOCAL_MACHINE\Software\Classes\CLSID\{A1E7036D-72A1-4529-B108-0C3C9E92D424}\InProcServer32\,C:\Windows\System32\dot3gpui.dll
ST869VRJ,Classes\CLSID\{7b8a2d95-0ac9-11d1-896c-00c04Fb6bfc4}\InProcServer32,REG_SZ,,NT AUTHORITY\SYSTEM,HKEY_LOCAL_MACHINE\Software\Classes\CLSID\{7b8a2d95-0ac9-11d1-896c-00c04Fb6bfc4}\InProcServer32\,C:\Windows\System32\urlmon.dll
ST869VRJ,Classes\CLSID\{00BB2763-6A77-11D0-A535-00C04FD7D062}\InProcServer32,REG_EXPAND_SZ,,NT AUTHORITY\SYSTEM,HKEY_LOCAL_MACHINE\Software\Classes\CLSID\{00BB2763-6A77-11D0-A535-00C04FD7D062}\InProcServer32\,%SystemRoot%\system32\shell32.dll
ST869VRJ,Classes\CLSID\{a42c2ccb-67d3-46fa-abe6-7d2f3488c7a3}\InProcServer32,REG_EXPAND_SZ,,NT AUTHORITY\SYSTEM,HKEY_LOCAL_MACHINE\Software\Classes\CLSID\{a42c2ccb-67d3-46fa-abe6-7d2f3488c7a3}\InProcServer32\,%SystemRoot%\system32\shell32.dll
ST869VRJ,Classes\CLSID\{17E3383F-AD28-4E12-AE3E-1D2AADC3AD26}\InProcServer32,REG_SZ,,NT AUTHORITY\SYSTEM,HKEY_LOCAL_MACHINE\Software\Classes\CLSID\{17E3383F-AD28-4E12-AE3E-1D2AADC3AD26}\InProcServer32\,C:\Windows\System32\SeVA.dll
ST869VRJ,Classes\CLSID\{71F96466-78F3-11D0-A18C-00A0C9118956}\InProcServer32,REG_SZ,,NT AUTHORITY\SYSTEM,HKEY_LOCAL_MACHINE\Software\Classes\CLSID\{71F96466-78F3-11D0-A18C-00A0C9118956}\InProcServer32\,C:\Windows\System32\kswdmcap.ax
ST869VRJ,Classes\CLSID\{54702535-2606-11D1-999C-0000F8756A10}\InProcServer32,REG_SZ,,NT AUTHORITY\SYSTEM,HKEY_LOCAL_MACHINE\Software\Classes\CLSID\{54702535-2606-11D1-999C-0000F8756A10}\InProcServer32\,C:\Windows\System32\Dxtrans.dll
ST869VRJ,Classes\CLSID\{434A6274-C539-4E99-88FC-44206D942775}\InProcServer32,REG_EXPAND_SZ,,NT AUTHORITY\SYSTEM,HKEY_LOCAL_MACHINE\Software\Classes\CLSID\{434A6274-C539-4E99-88FC-44206D942775}\InProcServer32\,%SystemRoot%\System32\AccessibilityCpl.dll
ST869VRJ,Classes\CLSID\{36f0bd14-d84d-468c-b79c-9990f3fa897f}\InProcServer32,REG_EXPAND_SZ,,NT AUTHORITY\SYSTEM,HKEY_LOCAL_MACHINE\Software\Classes\CLSID\{36f0bd14-d84d-468c-b79c-9990f3fa897f}\InProcServer32\,%SystemRoot%\System32\shpafact.dll
ST869VRJ,Wow6432Node\Classes\CLSID\{2155fee3-2419-4373-b102-6843707eb41f}\InProcServer32,REG_SZ,,NT AUTHORITY\SYSTEM,HKEY_LOCAL_MACHINE\Software\Wow6432Node\Classes\CLSID\{2155fee3-2419-4373-b102-6843707eb41f}\InProcServer32\,C:\Windows\SysWOW64\thumbcache.dll
ST869VRJ,CurrentControlSet\Services\lltdsvc\Parameters\,REG_EXPAND_SZ,ServiceDll,NT AUTHORITY\SYSTEM,HKEY_LOCAL_MACHINE\SYSTEM\CurrentControlSet\Services\lltdsvc\Parameters\ServiceDll,%SystemRoot%\System32\lltdsvc.dll
ST869VRJ,Classes\CLSID\{fa61e9f8-580e-4575-ab01-4a62c31fcf43}\InProcServer32,REG_EXPAND_SZ,,NT AUTHORITY\SYSTEM,HKEY_LOCAL_MACHINE\Software\Classes\CLSID\{fa61e9f8-580e-4575-ab01-4a62c31fcf43}\InProcServer32\,%SystemRoot%\system32\shell32.dll
ST869VRJ,Classes\CLSID\{C40D66A0-E90C-46C6-AA3B-473E38C72BF2}\InProcServer32,REG_SZ,,NT AUTHORITY\SYSTEM,HKEY_LOCAL_MACHINE\Software\Classes\CLSID\{C40D66A0-E90C-46C6-AA3B-473E38C72BF2}\InProcServer32\,C:\Windows\System32\fde.dll
ST869VRJ,Wow6432Node\Classes\CLSID\{7C92505F-53A4-4D39-B31C-871D82A907DE}\InProcServer32,REG_SZ,,NT AUTHORITY\SYSTEM,HKEY_LOCAL_MACHINE\Software\Wow6432Node\Classes\CLSID\{7C92505F-53A4-4D39-B31C-871D82A907DE}\InProcServer32\,C:\Windows\SysWOW64\intl.cpl
ST869VRJ,Classes\CLSID\{51CAFEF2-C040-4022-A152-53033EE9A02B}\InProcServer32,REG_SZ,,NT AUTHORITY\SYSTEM,HKEY_LOCAL_MACHINE\Software\Classes\CLSID\{51CAFEF2-C040-4022-A152-53033EE9A02B}\InProcServer32\,C:\Windows\System32\shell32.dll
ST869VRJ,Classes\CLSID\{92A9149E-2F1F-472B-B644-9535726E6187}\InProcServer32,REG_SZ,,NT AUTHORITY\SYSTEM,HKEY_LOCAL_MACHINE\Software\Classes\CLSID\{92A9149E-2F1F-472B-B644-9535726E6187}\InProcServer32\,C:\Windows\System32\ComplianceExtensions.dll
ST869VRJ,Classes\CLSID\{6F8527BF-5AAD-3236-B639-A05177332EFE}\InProcServer32,REG_SZ,,NT AUTHORITY\SYSTEM,HKEY_LOCAL_MACHINE\Software\Classes\CLSID\{6F8527BF-5AAD-3236-B639-A05177332EFE}\InProcServer32\,C:\Windows\System32\mscoree.dll
ST869VRJ,Classes\CLSID\{E29E3FFF-7088-4454-967F-30DC69C2F04F}\InProcServer32,REG_SZ,,NT AUTHORITY\SYSTEM,HKEY_LOCAL_MACHINE\Software\Classes\CLSID\{E29E3FFF-7088-4454-967F-30DC69C2F04F}\InProcServer32\,C:\Windows\System32\scwengf.dll
ST869VRJ,Microsoft\Windows NT\CurrentVersion\Image File Execution Options\DllNXOptions\,REG_DWORD,EncryptPatchVer.dll,NT AUTHORITY\SYSTEM,HKEY_LOCAL_MACHINE\Software\Microsoft\Windows NT\CurrentVersion\Image File Execution Options\DllNXOptions\EncryptPatchVer.dll,1
ST869VRJ,Classes\CLSID\{E1E0A883-AB68-4C6C-9C8C-808AF2BA4CBA}\InProcServer32,REG_EXPAND_SZ,,NT AUTHORITY\SYSTEM,HKEY_LOCAL_MACHINE\Software\Classes\CLSID\{E1E0A883-AB68-4C6C-9C8C-808AF2BA4CBA}\InProcServer32\,%SystemRoot%\System32\NaturalLanguage6.dll
ST869VRJ,Classes\CLSID\{2F7ED5E3-06C9-4B61-97DB-067CC8AE0664}\InProcServer32,REG_EXPAND_SZ,,NT AUTHORITY\SYSTEM,HKEY_LOCAL_MACHINE\Software\Classes\CLSID\{2F7ED5E3-06C9-4B61-97DB-067CC8AE0664}\InProcServer32\,%SystemRoot%\System32\oobe\msoobeplugins.dll
ST869VRJ,Classes\CLSID\{874f654b-c2a6-4f89-9195-6c6c3eeb779a}\InProcServer32,REG_SZ,,BUILTIN\Administrators,HKEY_LOCAL_MACHINE\Software\Classes\CLSID\{874f654b-c2a6-4f89-9195-6c6c3eeb779a}\InProcServer32\,C:\PROGRA~1\McAfee\MfeAV\mvsap.dll
ST869VRJ,Classes\CLSID\{BB0D7187-3C44-11D2-BB98-3078302C2030}\InProcServer32,REG_EXPAND_SZ,,NT AUTHORITY\SYSTEM,HKEY_LOCAL_MACHINE\Software\Classes\CLSID\{BB0D7187-3C44-11D2-BB98-3078302C2030}\InProcServer32\,%SystemRoot%\system32\cfgbkend.dll
ST869VRJ,Classes\CLSID\{88d96a05-f192-11d4-a65f-0040963251e5}\InProcServer32,REG_EXPAND_SZ,,NT AUTHORITY\SYSTEM,HKEY_LOCAL_MACHINE\Software\Classes\CLSID\{88d96a05-f192-11d4-a65f-0040963251e5}\InProcServer32\,C:\Windows\System32\msxml6.dll
ST869VRJ,Classes\CLSID\{003e0278-eca8-4bb8-a256-3689ca1c2600}\InProcServer32,REG_EXPAND_SZ,,NT AUTHORITY\SYSTEM,HKEY_LOCAL_MACHINE\Software\Classes\CLSID\{003e0278-eca8-4bb8-a256-3689ca1c2600}\InProcServer32\,%SystemRoot%\system32\shell32.dll
ST869VRJ,Classes\CLSID\{777BA8E9-2498-4875-933A-3067DE883070}\InProcServer32,REG_EXPAND_SZ,,NT AUTHORITY\SYSTEM,HKEY_LOCAL_MACHINE\Software\Classes\CLSID\{777BA8E9-2498-4875-933A-3067DE883070}\InProcServer32\,%SystemRoot%\system32\xwizards.dll
ST869VRJ,Classes\CLSID\{ba818ce5-b55f-443f-ad39-2fe89be6191f}\InProcServer32,REG_SZ,,NT AUTHORITY\SYSTEM,HKEY_LOCAL_MACHINE\Software\Classes\CLSID\{ba818ce5-b55f-443f-ad39-2fe89be6191f}\InProcServer32\,C:\Windows\System32\FunDisc.dll
ST869VRJ,Classes\CLSID\{19AD99AE-0DD2-495A-AAC4-015E479722FD}\InProcServer32,REG_EXPAND_SZ,,NT AUTHORITY\SYSTEM,HKEY_LOCAL_MACHINE\Software\Classes\CLSID\{19AD99AE-0DD2-495A-AAC4-015E479722FD}\InProcServer32\,%SystemRoot%\System32\VscMgrPS.dll
ST869VRJ,Classes\CLSID\{92E76A74-2622-3AA9-A3CA-1AE8BD7BC4A8}\InProcServer32,REG_SZ,,NT AUTHORITY\SYSTEM,HKEY_LOCAL_MACHINE\Software\Classes\CLSID\{92E76A74-2622-3AA9-A3CA-1AE8BD7BC4A8}\InProcServer32\,C:\Windows\System32\mscoree.dll
ST869VRJ,Wow6432Node\Classes\CLSID\{3037B4CD-A40B-401B-B676-2017EE8FAFF4}\InProcServer32,REG_SZ,,NT AUTHORITY\SYSTEM,HKEY_LOCAL_MACHINE\Software\Wow6432Node\Classes\CLSID\{3037B4CD-A40B-401B-B676-2017EE8FAFF4}\InProcServer32\,C:\Program Files (x86)\Windows NT\Accessories\WordpadFilter.dll
ST869VRJ,Wow6432Node\Classes\CLSID\{BB331DDE-CA08-4436-9C2F-4A84964703F4}\InProcServer32,REG_SZ,,NT AUTHORITY\SYSTEM,HKEY_LOCAL_MACHINE\Software\Wow6432Node\Classes\CLSID\{BB331DDE-CA08-4436-9C2F-4A84964703F4}\InProcServer32\,C:\Windows\SysWOW64\Windows.Storage.ApplicationData.dll
ST869VRJ,Classes\CLSID\{D9403860-297F-4A49-BF9B-77898150A442}\InProcServer32,REG_EXPAND_SZ,,NT AUTHORITY\SYSTEM,HKEY_LOCAL_MACHINE\Software\Classes\CLSID\{D9403860-297F-4A49-BF9B-77898150A442}\InProcServer32\,%SystemRoot%\system32\windowscodecs.dll
ST869VRJ,Classes\CLSID\{6BC098A5-0CE6-11D1-BAAE-00C04FC2E20D}\InProcServer32,REG_EXPAND_SZ,,NT AUTHORITY\SYSTEM,HKEY_LOCAL_MACHINE\Software\Classes\CLSID\{6BC098A5-0CE6-11D1-BAAE-00C04FC2E20D}\InProcServer32\,%SystemRoot%\system32\iasnap.dll
ST869VRJ,Classes\CLSID\{477A7D8E-8D26-3959-88F6-F6AB7E7F50CF}\InProcServer32,REG_SZ,,NT AUTHORITY\SYSTEM,HKEY_LOCAL_MACHINE\Software\Classes\CLSID\{477A7D8E-8D26-3959-88F6-F6AB7E7F50CF}\InProcServer32\,C:\Windows\System32\mscoree.dll
ST869VRJ,Classes\CLSID\{D5CB383D-99F4-3C7E-A9C3-85B53661448F}\InProcServer32,REG_SZ,,NT AUTHORITY\SYSTEM,HKEY_LOCAL_MACHINE\Software\Classes\CLSID\{D5CB383D-99F4-3C7E-A9C3-85B53661448F}\InProcServer32\,C:\Windows\System32\mscoree.dll
ST869VRJ,Classes\CLSID\{FEB50740-7BEF-11CE-9BD9-0000E202599C}\InProcServer32,REG_SZ,,NT AUTHORITY\SYSTEM,HKEY_LOCAL_MACHINE\Software\Classes\CLSID\{FEB50740-7BEF-11CE-9BD9-0000E202599C}\InProcServer32\,C:\Windows\System32\quartz.dll
ST869VRJ,Classes\CLSID\{9D148291-B9C8-11D0-A4CC-0000F80149F6}\InProcServer32,REG_SZ,,NT AUTHORITY\SYSTEM,HKEY_LOCAL_MACHINE\Software\Classes\CLSID\{9D148291-B9C8-11D0-A4CC-0000F80149F6}\InProcServer32\,C:\Windows\System32\itss.dll
ST869VRJ,Classes\CLSID\{BC5062B6-79E8-3F19-A87E-F9DAF826960C}\InProcServer32,REG_SZ,,NT AUTHORITY\SYSTEM,HKEY_LOCAL_MACHINE\Software\Classes\CLSID\{BC5062B6-79E8-3F19-A87E-F9DAF826960C}\InProcServer32\,C:\Windows\System32\mscoree.dll
ST869VRJ,Classes\CLSID\{5CE34C0D-0DC9-4C1F-897C-DAA1B78CEE7C}\InProcServer32,REG_SZ,,NT AUTHORITY\SYSTEM,HKEY_LOCAL_MACHINE\Software\Classes\CLSID\{5CE34C0D-0DC9-4C1F-897C-DAA1B78CEE7C}\InProcServer32\,C:\Windows\System32\qmgrprxy.dll
ST869VRJ,Wow6432Node\Classes\CLSID\{8C836AF9-FFAC-11D0-8ED4-00C04FC2C17B}\InProcServer32,REG_SZ,,NT AUTHORITY\SYSTEM,HKEY_LOCAL_MACHINE\Software\Wow6432Node\Classes\CLSID\{8C836AF9-FFAC-11D0-8ED4-00C04FC2C17B}\InProcServer32\,C:\Windows\SysWOW64\comrepl.dll
ST869VRJ,Classes\CLSID\{A8159421-398E-4471-9521-A84B0BF2BE54}\InProcServer32,REG_SZ,,NT AUTHORITY\SYSTEM,HKEY_LOCAL_MACHINE\Software\Classes\CLSID\{A8159421-398E-4471-9521-A84B0BF2BE54}\InProcServer32\,C:\Windows\System32\Dsui.dll
ST869VRJ,Classes\CLSID\{8d80504a-0826-40c5-97e1-ebc68f953792}\InProcServer32,REG_EXPAND_SZ,,NT AUTHORITY\SYSTEM,HKEY_LOCAL_MACHINE\Software\Classes\CLSID\{8d80504a-0826-40c5-97e1-ebc68f953792}\InProcServer32\,%SystemRoot%\system32\propsys.dll
ST869VRJ,Classes\CLSID\{3e71f26d-136f-4545-813f-35276024b705}\InProcServer32,REG_SZ,,NT AUTHORITY\SYSTEM,HKEY_LOCAL_MACHINE\Software\Classes\CLSID\{3e71f26d-136f-4545-813f-35276024b705}\InProcServer32\,C:\Windows\System32\ieframe.dll
ST869VRJ,Classes\CLSID\{A1C0A095-DF97-3441-BFC1-C9F194E494DB}\InProcServer32,REG_SZ,,NT AUTHORITY\SYSTEM,HKEY_LOCAL_MACHINE\Software\Classes\CLSID\{A1C0A095-DF97-3441-BFC1-C9F194E494DB}\InProcServer32\,C:\Windows\System32\mscoree.dll
ST869VRJ,Classes\CLSID\{ecabafd0-7f19-11d2-978e-0000f8757e2a}\InProcServer32,REG_SZ,,NT AUTHORITY\SYSTEM,HKEY_LOCAL_MACHINE\Software\Classes\CLSID\{ecabafd0-7f19-11d2-978e-0000f8757e2a}\InProcServer32\,C:\Windows\System32\comsvcs.dll
ST869VRJ,CurrentControlSet\Services\usbohci\,REG_EXPAND_SZ,ImagePath,NT AUTHORITY\SYSTEM,HKEY_LOCAL_MACHINE\SYSTEM\CurrentControlSet\Services\usbohci\ImagePath,\SystemRoot\System32\drivers\usbohci.sys
ST869VRJ,Classes\CLSID\{8A03567A-63CB-4BA8-BAF6-52119816D1EF}\InProcServer32,REG_SZ,,NT AUTHORITY\SYSTEM,HKEY_LOCAL_MACHINE\Software\Classes\CLSID\{8A03567A-63CB-4BA8-BAF6-52119816D1EF}\InProcServer32\,C:\Windows\System32\imapi.dll
ST869VRJ,Classes\CLSID\{6BC0989F-0CE6-11D1-BAAE-00C04FC2E20D}\InProcServer32,REG_EXPAND_SZ,,NT AUTHORITY\SYSTEM,HKEY_LOCAL_MACHINE\Software\Classes\CLSID\{6BC0989F-0CE6-11D1-BAAE-00C04FC2E20D}\InProcServer32\,%SystemRoot%\system32\iasrad.dll
ST869VRJ,Classes\CLSID\{EFDB73A6-192F-4944-979E-4153CC8E8715}\InProcServer32,REG_EXPAND_SZ,,NT AUTHORITY\SYSTEM,HKEY_LOCAL_MACHINE\Software\Classes\CLSID\{EFDB73A6-192F-4944-979E-4153CC8E8715}\InProcServer32\,%SystemRoot%\system32\sqlcecompact40.dll
ST869VRJ,Wow6432Node\Classes\CLSID\{02844640-E37C-4322-A3B8-4C61A2E58879}\InProcServer32,REG_SZ,,NT AUTHORITY\SYSTEM,HKEY_LOCAL_MACHINE\Software\Wow6432Node\Classes\CLSID\{02844640-E37C-4322-A3B8-4C61A2E58879}\InProcServer32\,C:\Windows\SysWOW64\twinapi.appcore.dll
ST869VRJ,Classes\CLSID\{DB5D1FF5-09D7-11D1-BB10-00C04FC9A3A3}\InProcServer32,REG_EXPAND_SZ,,NT AUTHORITY\SYSTEM,HKEY_LOCAL_MACHINE\Software\Classes\CLSID\{DB5D1FF5-09D7-11D1-BB10-00C04FC9A3A3}\InProcServer32\,%SystemRoot%\system32\filemgmt.dll
ST869VRJ,Classes\CLSID\{317E92FC-1679-46FD-A0B5-F08914DD8623}\InProcServer32,REG_SZ,,NT AUTHORITY\SYSTEM,HKEY_LOCAL_MACHINE\Software\Classes\CLSID\{317E92FC-1679-46FD-A0B5-F08914DD8623}\InProcServer32\,C:\Windows\System32\wuapi.dll
ST869VRJ,Classes\CLSID\{C03E8541-781E-49a1-8190-CE902D0B2CE7}\InProcServer32,REG_EXPAND_SZ,,NT AUTHORITY\SYSTEM,HKEY_LOCAL_MACHINE\Software\Classes\CLSID\{C03E8541-781E-49a1-8190-CE902D0B2CE7}\InProcServer32\,%SystemRoot%\system32\rasgcw.dll
ST869VRJ,Classes\CLSID\{34a3d570-67d9-4265-a9ee-8c3fa3dfeccf}\InProcServer32,REG_SZ,,NT AUTHORITY\SYSTEM,HKEY_LOCAL_MACHINE\Software\Classes\CLSID\{34a3d570-67d9-4265-a9ee-8c3fa3dfeccf}\InProcServer32\,C:\Windows\System32\ieframe.dll
ST869VRJ,CurrentControlSet\Services\AppMgmt\Parameters\,REG_EXPAND_SZ,ServiceDll,NT AUTHORITY\SYSTEM,HKEY_LOCAL_MACHINE\SYSTEM\CurrentControlSet\Services\AppMgmt\Parameters\ServiceDll,%SystemRoot%\System32\appmgmts.dll
ST869VRJ,Classes\CLSID\{F2FC5C3B-FC71-452c-AB56-47BC0873E46D}\InProcServer32,REG_EXPAND_SZ,,NT AUTHORITY\SYSTEM,HKEY_LOCAL_MACHINE\Software\Classes\CLSID\{F2FC5C3B-FC71-452c-AB56-47BC0873E46D}\InProcServer32\,%SystemRoot%\System32\oobe\msoobeplugins.dll
ST869VRJ,Classes\CLSID\{f5a8b627-4d46-4d65-92f3-73626ae31971}\InProcServer32,REG_EXPAND_SZ,,NT AUTHORITY\SYSTEM,HKEY_LOCAL_MACHINE\Software\Classes\CLSID\{f5a8b627-4d46-4d65-92f3-73626ae31971}\InProcServer32\,%SystemRoot%\system32\shell32.dll
ST869VRJ,CurrentControlSet\Services\NcaSvc\Parameters\,REG_EXPAND_SZ,ServiceDll,NT AUTHORITY\SYSTEM,HKEY_LOCAL_MACHINE\SYSTEM\CurrentControlSet\Services\NcaSvc\Parameters\ServiceDll,%SystemRoot%\System32\ncasvc.dll
ST869VRJ,Classes\CLSID\{1c1800c1-3258-44c2-be80-3deadb6c5e39}\InProcServer32,REG_EXPAND_SZ,,NT AUTHORITY\SYSTEM,HKEY_LOCAL_MACHINE\Software\Classes\CLSID\{1c1800c1-3258-44c2-be80-3deadb6c5e39}\InProcServer32\,%SystemRoot%\system32\SearchFolder.dll
ST869VRJ,Classes\CLSID\{2A614240-A4C5-4C33-BD87-1BC709331639}\InProcServer32,REG_EXPAND_SZ,,NT AUTHORITY\SYSTEM,HKEY_LOCAL_MACHINE\Software\Classes\CLSID\{2A614240-A4C5-4C33-BD87-1BC709331639}\InProcServer32\,%SystemRoot%\System32\bidispl.dll
ST869VRJ,Classes\CLSID\{3BAC5BDD-FCA1-4E2F-9062-6693E80016D8}\InProcServer32,REG_SZ,,BUILTIN\Administrators,HKEY_LOCAL_MACHINE\Software\Classes\CLSID\{3BAC5BDD-FCA1-4E2F-9062-6693E80016D8}\InProcServer32\,C:\Program Files\Common Files\McAfee\Platform\PlatformServiceFW.dll
ST869VRJ,Classes\CLSID\{BFC880F1-7484-11d0-8309-00AA00B6015C}\InProcServer32,REG_SZ,,NT AUTHORITY\SYSTEM,HKEY_LOCAL_MACHINE\Software\Classes\CLSID\{BFC880F1-7484-11d0-8309-00AA00B6015C}\InProcServer32\,C:\Windows\System32\inseng.dll
ST869VRJ,Classes\CLSID\{032C35F6-11E2-497B-9D78-6AD0288FBD48}\InProcServer32,REG_SZ,,NT AUTHORITY\SYSTEM,HKEY_LOCAL_MACHINE\Software\Classes\CLSID\{032C35F6-11E2-497B-9D78-6AD0288FBD48}\InProcServer32\,C:\Windows\System32\Windows.UI.Immersive.dll
ST869VRJ,CurrentControlSet\Services\usbccgp\,REG_EXPAND_SZ,ImagePath,NT AUTHORITY\SYSTEM,HKEY_LOCAL_MACHINE\SYSTEM\CurrentControlSet\Services\usbccgp\ImagePath,\SystemRoot\System32\drivers\usbccgp.sys
ST869VRJ,Classes\CLSID\{72C97D74-7C3B-40AE-B77D-ABDB22EBA6FB}\InProcServer32,REG_SZ,,NT AUTHORITY\SYSTEM,HKEY_LOCAL_MACHINE\Software\Classes\CLSID\{72C97D74-7C3B-40AE-B77D-ABDB22EBA6FB}\InProcServer32\,C:\Windows\System32\wuapi.dll
ST869VRJ,Classes\CLSID\{C64501F6-E6E6-451f-A150-25D0839BC510}\InProcServer32,REG_SZ,,NT AUTHORITY\SYSTEM,HKEY_LOCAL_MACHINE\Software\Classes\CLSID\{C64501F6-E6E6-451f-A150-25D0839BC510}\InProcServer32\,C:\Windows\System32\speech\engines\tts\MSTTSEngine.dll
ST869VRJ,Classes\CLSID\{6C1C243A-2146-3342-8078-AC4BFB9DB4E9}\InProcServer32,REG_SZ,,NT AUTHORITY\SYSTEM,HKEY_LOCAL_MACHINE\Software\Classes\CLSID\{6C1C243A-2146-3342-8078-AC4BFB9DB4E9}\InProcServer32\,C:\Windows\System32\mscoree.dll
ST869VRJ,CurrentControlSet\Services\RemoteAccess\Parameters\,REG_EXPAND_SZ,ServiceDLL,NT AUTHORITY\SYSTEM,HKEY_LOCAL_MACHINE\SYSTEM\CurrentControlSet\Services\RemoteAccess\Parameters\ServiceDLL,%SystemRoot%\System32\mprdim.dll
ST869VRJ,Classes\CLSID\{D2E0FE7F-D23E-48E1-93C0-6FA8CC346474}\InProcServer32,REG_SZ,,NT AUTHORITY\SYSTEM,HKEY_LOCAL_MACHINE\Software\Classes\CLSID\{D2E0FE7F-D23E-48E1-93C0-6FA8CC346474}\InProcServer32\,C:\Windows\System32\wuapi.dll
ST869VRJ,Classes\CLSID\{DCBAFCDA-3DC5-4D14-8E3F-8D1EC329F3E0}\InProcServer32,REG_SZ,,BUILTIN\Administrators,HKEY_LOCAL_MACHINE\Software\Classes\CLSID\{DCBAFCDA-3DC5-4D14-8E3F-8D1EC329F3E0}\InProcServer32\,c:\PROGRA~1\mcafee\mat\MCMATS~1.DLL
ST869VRJ,Classes\CLSID\{3050F391-98B5-11CF-BB82-00AA00BDCE0B}\InProcServer32,REG_SZ,,NT AUTHORITY\SYSTEM,HKEY_LOCAL_MACHINE\Software\Classes\CLSID\{3050F391-98B5-11CF-BB82-00AA00BDCE0B}\InProcServer32\,C:\Windows\System32\mshtml.dll
ST869VRJ,Classes\CLSID\{9C60DE1E-E5FC-40f4-A487-460851A8D915}\InProcServer32,REG_EXPAND_SZ,,NT AUTHORITY\SYSTEM,HKEY_LOCAL_MACHINE\Software\Classes\CLSID\{9C60DE1E-E5FC-40f4-A487-460851A8D915}\InProcServer32\,%SystemRoot%\System32\shdocvw.dll
ST869VRJ,Classes\CLSID\{0520af9e-e3da-4b32-8be8-0f3e475bfc5f}\InProcServer32,REG_EXPAND_SZ,,NT AUTHORITY\SYSTEM,HKEY_LOCAL_MACHINE\Software\Classes\CLSID\{0520af9e-e3da-4b32-8be8-0f3e475bfc5f}\InProcServer32\,%SystemRoot%\system32\fdprint.dll
ST869VRJ,Classes\CLSID\{DE20B4BE-BD58-4304-BA1B-C9050CDF4B0C}\InProcServer32,REG_SZ,,BUILTIN\Administrators,HKEY_LOCAL_MACHINE\Software\Classes\CLSID\{DE20B4BE-BD58-4304-BA1B-C9050CDF4B0C}\InProcServer32\,c:\PROGRA~1\mcafee\mps\mpsshim.dll
ST869VRJ,Classes\CLSID\{4A03DCB9-6E17-4A39-8845-4EE7DC5331A5}\InProcServer32,REG_SZ,,NT AUTHORITY\SYSTEM,HKEY_LOCAL_MACHINE\Software\Classes\CLSID\{4A03DCB9-6E17-4A39-8845-4EE7DC5331A5}\InProcServer32\,C:\Windows\System32\Dxtmsft.dll
ST869VRJ,Classes\CLSID\{66275315-bfa5-451b-88b6-e56ebc8d9b58}\InProcServer32,REG_EXPAND_SZ,,NT AUTHORITY\SYSTEM,HKEY_LOCAL_MACHINE\Software\Classes\CLSID\{66275315-bfa5-451b-88b6-e56ebc8d9b58}\InProcServer32\,%SystemRoot%\system32\shell32.dll
ST869VRJ,Classes\CLSID\{FBA89535-BFAB-4EF7-804C-109186BF507B}\InProcServer32,REG_EXPAND_SZ,,NT AUTHORITY\SYSTEM,HKEY_LOCAL_MACHINE\Software\Classes\CLSID\{FBA89535-BFAB-4EF7-804C-109186BF507B}\InProcServer32\,%SystemRoot%\System32\NaturalLanguage6.dll
ST869VRJ,Classes\CLSID\{3087BEE5-7B7F-4C66-AB0B-5DCC65CD48A2}\InProcServer32,REG_SZ,,BUILTIN\Administrators,HKEY_LOCAL_MACHINE\Software\Classes\CLSID\{3087BEE5-7B7F-4C66-AB0B-5DCC65CD48A2}\InProcServer32\,c:\PROGRA~1\mcafee\msk\mskcshim.dll
ST869VRJ,Classes\CLSID\{7B938A6F-77BF-351C-A712-69483C91115D}\InProcServer32,REG_SZ,,NT AUTHORITY\SYSTEM,HKEY_LOCAL_MACHINE\Software\Classes\CLSID\{7B938A6F-77BF-351C-A712-69483C91115D}\InProcServer32\,C:\Windows\System32\mscoree.dll
ST869VRJ,Classes\CLSID\{9D3F632F-8427-4744-887B-6BD313EE61A6}\InProcServer32,REG_SZ,,BUILTIN\Administrators,HKEY_LOCAL_MACHINE\Software\Classes\CLSID\{9D3F632F-8427-4744-887B-6BD313EE61A6}\InProcServer32\,c:\PROGRA~1\mcafee\mps\mpsevh.dll
ST869VRJ,CurrentControlSet\Services\COMSysApp\,REG_EXPAND_SZ,ImagePath,NT AUTHORITY\SYSTEM,HKEY_LOCAL_MACHINE\SYSTEM\CurrentControlSet\Services\COMSysApp\ImagePath,%SystemRoot%\system32\dllhost.exe /Processid:{02D4B3F1-FD88-11D1-960D-00805FC79235}
ST869VRJ,CurrentControlSet\Services\WinSock2\Parameters\NameSpace_Catalog5\Catalog_Entries\000000000003\,REG_SZ,LibraryPath,NT AUTHORITY\SYSTEM,HKEY_LOCAL_MACHINE\System\CurrentControlSet\Services\WinSock2\Parameters\NameSpace_Catalog5\Catalog_Entries\000000000003\LibraryPath,%SystemRoot%\System32\mswsock.dll
ST869VRJ,Classes\CLSID\{b1325ef5-dd4d-4988-a2b3-c776ad45d0d6}\InProcServer32,REG_EXPAND_SZ,,NT AUTHORITY\SYSTEM,HKEY_LOCAL_MACHINE\Software\Classes\CLSID\{b1325ef5-dd4d-4988-a2b3-c776ad45d0d6}\InProcServer32\,%SystemRoot%\system32\authui.dll
ST869VRJ,Classes\CLSID\{ecabb0bd-7f19-11d2-978e-0000f8757e2a}\InProcServer32,REG_SZ,,NT AUTHORITY\SYSTEM,HKEY_LOCAL_MACHINE\Software\Classes\CLSID\{ecabb0bd-7f19-11d2-978e-0000f8757e2a}\InProcServer32\,C:\Windows\System32\comsvcs.dll
ST869VRJ,Classes\CLSID\{F088DE73-BDD0-4E3C-81F8-6D32F4FE9D28}\InProcServer32,REG_SZ,,NT AUTHORITY\SYSTEM,HKEY_LOCAL_MACHINE\Software\Classes\CLSID\{F088DE73-BDD0-4E3C-81F8-6D32F4FE9D28}\InProcServer32\,C:\Windows\System32\Dxtmsft.dll
ST869VRJ,Classes\CLSID\{A0EBB878-FDC0-4514-AEE9-F68E4337E7D2}\InProcServer32,REG_SZ,,BUILTIN\Administrators,HKEY_LOCAL_MACHINE\Software\Classes\CLSID\{A0EBB878-FDC0-4514-AEE9-F68E4337E7D2}\InProcServer32\,c:\PROGRA~1\COMMON~1\mcafee\HACKER~1\hwapi.dll
ST869VRJ,CurrentControlSet\Services\CmBatt\,REG_EXPAND_SZ,ImagePath,NT AUTHORITY\SYSTEM,HKEY_LOCAL_MACHINE\SYSTEM\CurrentControlSet\Services\CmBatt\ImagePath,\SystemRoot\System32\drivers\CmBatt.sys
ST869VRJ,Classes\CLSID\{1438E821-B6D2-11D0-8D86-00C04FD6202B}\InProcServer32,REG_EXPAND_SZ,,NT AUTHORITY\SYSTEM,HKEY_LOCAL_MACHINE\Software\Classes\CLSID\{1438E821-B6D2-11D0-8D86-00C04FD6202B}\InProcServer32\,%SystemRoot%\system32\msoeacct.dll
ST869VRJ,CurrentControlSet\Services\AppIDSvc\Parameters\,REG_EXPAND_SZ,ServiceDll,NT AUTHORITY\SYSTEM,HKEY_LOCAL_MACHINE\SYSTEM\CurrentControlSet\Services\AppIDSvc\Parameters\ServiceDll,%SystemRoot%\System32\appidsvc.dll
ST869VRJ,Microsoft\Windows NT\CurrentVersion\Image File Execution Options\DllNXOptions\,REG_DWORD,jvm.dll,NT AUTHORITY\SYSTEM,HKEY_LOCAL_MACHINE\Software\Microsoft\Windows NT\CurrentVersion\Image File Execution Options\DllNXOptions\jvm.dll,1
ST869VRJ,Classes\CLSID\{C03E8585-781E-49a1-8190-CE902D0B2CE7}\InProcServer32,REG_EXPAND_SZ,,NT AUTHORITY\SYSTEM,HKEY_LOCAL_MACHINE\Software\Classes\CLSID\{C03E8585-781E-49a1-8190-CE902D0B2CE7}\InProcServer32\,%SystemRoot%\system32\rasgcw.dll
ST869VRJ,Classes\CLSID\{a5fda055-899d-4895-97ae-0cc4fe4e977f}\InProcServer32,REG_SZ,,NT AUTHORITY\SYSTEM,HKEY_LOCAL_MACHINE\Software\Classes\CLSID\{a5fda055-899d-4895-97ae-0cc4fe4e977f}\InProcServer32\,C:\Windows\System32\brdgcfg.dll
ST869VRJ,Classes\CLSID\{00020003-0000-0000-C000-000000000046}\InProcServer32,REG_EXPAND_SZ,,NT AUTHORITY\SYSTEM,HKEY_LOCAL_MACHINE\Software\Classes\CLSID\{00020003-0000-0000-C000-000000000046}\InProcServer32\,C:\Windows\System32\avifil32.dll
ST869VRJ,Classes\CLSID\{23650F94-13B8-4F39-B2C3-817E6564A756}\InProcServer32,REG_SZ,,NT AUTHORITY\SYSTEM,HKEY_LOCAL_MACHINE\Software\Classes\CLSID\{23650F94-13B8-4F39-B2C3-817E6564A756}\InProcServer32\,C:\Windows\System32\windows.immersiveshell.serviceprovider.dll
ST869VRJ,Classes\CLSID\{071345B6-580F-47e5-A454-A76E9817CD8D}\InProcServer32,REG_SZ,,BUILTIN\Administrators,HKEY_LOCAL_MACHINE\Software\Classes\CLSID\{071345B6-580F-47e5-A454-A76E9817CD8D}\InProcServer32\,c:\PROGRA~1\mcafee\msc\mcmscshm.dll
ST869VRJ,Classes\CLSID\{BCB67D4D-2096-36BE-974C-A003FC95041B}\InProcServer32,REG_SZ,,NT AUTHORITY\SYSTEM,HKEY_LOCAL_MACHINE\Software\Classes\CLSID\{BCB67D4D-2096-36BE-974C-A003FC95041B}\InProcServer32\,C:\Windows\System32\mscoree.dll
ST869VRJ,Classes\CLSID\{D3DCB472-7261-43ce-924B-0704BD730D5F}\InProcServer32,REG_SZ,,NT AUTHORITY\SYSTEM,HKEY_LOCAL_MACHINE\Software\Classes\CLSID\{D3DCB472-7261-43ce-924B-0704BD730D5F}\InProcServer32\,C:\Windows\System32\fdwsd.dll
ST869VRJ,Classes\CLSID\{B97FDD09-7004-437E-9D5F-D336CB0F31A0}\InProcServer32,REG_SZ,,BUILTIN\Administrators,HKEY_LOCAL_MACHINE\Software\Classes\CLSID\{B97FDD09-7004-437E-9D5F-D336CB0F31A0}\InProcServer32\,C:\Program Files\Common Files\McAfee\PEF\CORE\PEFUpdateNotify.dll
ST869VRJ,Classes\CLSID\{FE12CD81-5158-4bd8-A37C-A621BC0E143B}\InProcServer32,REG_SZ,,NT AUTHORITY\SYSTEM,HKEY_LOCAL_MACHINE\Software\Classes\CLSID\{FE12CD81-5158-4bd8-A37C-A621BC0E143B}\InProcServer32\,C:\Windows\System32\catsrvut.dll
ST869VRJ,Classes\CLSID\{85D83C7F-8452-4D31-AEC2-6A66444B07DA}\InProcServer32,REG_SZ,,NT AUTHORITY\SYSTEM,HKEY_LOCAL_MACHINE\Software\Classes\CLSID\{85D83C7F-8452-4D31-AEC2-6A66444B07DA}\InProcServer32\,C:\Windows\System32\SeVA.dll
ST869VRJ,CurrentControlSet\Services\vmicrdv\Parameters\,REG_EXPAND_SZ,ServiceDll,NT AUTHORITY\SYSTEM,HKEY_LOCAL_MACHINE\SYSTEM\CurrentControlSet\Services\vmicrdv\Parameters\ServiceDll,%SystemRoot%\System32\ICSvc.dll
ST869VRJ,Classes\CLSID\{24CA8AEF-F6D8-4732-8DB5-9D83EFD8CFBC}\InProcServer32,REG_EXPAND_SZ,,NT AUTHORITY\SYSTEM,HKEY_LOCAL_MACHINE\Software\Classes\CLSID\{24CA8AEF-F6D8-4732-8DB5-9D83EFD8CFBC}\InProcServer32\,%SystemRoot%\System32\oobe\msoobedui.dll
ST869VRJ,Classes\CLSID\{9ecf51f8-cfb1-458d-9485-f5a231afd22f}\InProcServer32,REG_EXPAND_SZ,,NT AUTHORITY\SYSTEM,HKEY_LOCAL_MACHINE\Software\Classes\CLSID\{9ecf51f8-cfb1-458d-9485-f5a231afd22f}\InProcServer32\,%SystemRoot%\system32\SearchFolder.dll
ST869VRJ,Classes\CLSID\{7E352021-69D6-4553-86AC-430B0D8FF913}\InProcServer32,REG_EXPAND_SZ,,NT AUTHORITY\SYSTEM,HKEY_LOCAL_MACHINE\Software\Classes\CLSID\{7E352021-69D6-4553-86AC-430B0D8FF913}\InProcServer32\,%SystemRoot%\System32\NaturalLanguage6.dll
ST869VRJ,Classes\CLSID\{07C45BB1-4A8C-4642-A1F5-237E7215FF66}\InProcServer32,REG_SZ,,NT AUTHORITY\SYSTEM,HKEY_LOCAL_MACHINE\Software\Classes\CLSID\{07C45BB1-4A8C-4642-A1F5-237E7215FF66}\InProcServer32\,C:\Windows\System32\ieframe.dll
ST869VRJ,CurrentControlSet\Services\SamSs\,REG_EXPAND_SZ,ImagePath,NT AUTHORITY\SYSTEM,HKEY_LOCAL_MACHINE\SYSTEM\CurrentControlSet\Services\SamSs\ImagePath,%SystemRoot%\system32\lsass.exe
ST869VRJ,Classes\CLSID\{36a479ef-8b67-4d01-8dda-753cfcb2dd96}\InProcServer32,REG_EXPAND_SZ,,NT AUTHORITY\SYSTEM,HKEY_LOCAL_MACHINE\Software\Classes\CLSID\{36a479ef-8b67-4d01-8dda-753cfcb2dd96}\InProcServer32\,%SystemRoot%\system32\SearchFolder.dll
ST869VRJ,Classes\CLSID\{5DC41691-C6A6-11d1-9D35-006008B0E5CA}\InProcServer32,REG_SZ,,NT AUTHORITY\SYSTEM,HKEY_LOCAL_MACHINE\Software\Classes\CLSID\{5DC41691-C6A6-11d1-9D35-006008B0E5CA}\InProcServer32\,C:\Windows\System32\catsrvut.dll
ST869VRJ,Classes\CLSID\{743F1DC6-5ABA-429F-8BDF-C54D03253DC2}\InProcServer32,REG_EXPAND_SZ,,NT AUTHORITY\SYSTEM,HKEY_LOCAL_MACHINE\Software\Classes\CLSID\{743F1DC6-5ABA-429F-8BDF-C54D03253DC2}\InProcServer32\,%SystemRoot%\system32\dpnet.dll
ST869VRJ,Classes\CLSID\{D51BD5A3-7548-11CF-A520-0080C77EF58A}\InProcServer32,REG_SZ,,NT AUTHORITY\SYSTEM,HKEY_LOCAL_MACHINE\Software\Classes\CLSID\{D51BD5A3-7548-11CF-A520-0080C77EF58A}\InProcServer32\,C:\Windows\System32\quartz.dll
ST869VRJ,Classes\CLSID\{3050f4f8-98b5-11cf-bb82-00aa00bdce0b}\InProcServer32,REG_SZ,,NT AUTHORITY\SYSTEM,HKEY_LOCAL_MACHINE\Software\Classes\CLSID\{3050f4f8-98b5-11cf-bb82-00aa00bdce0b}\InProcServer32\,C:\Windows\System32\mshtml.dll
ST869VRJ,Classes\CLSID\{5C659257-E236-11D2-8899-00104B2AFB46}\InProcServer32,REG_EXPAND_SZ,,NT AUTHORITY\SYSTEM,HKEY_LOCAL_MACHINE\Software\Classes\CLSID\{5C659257-E236-11D2-8899-00104B2AFB46}\InProcServer32\,%SystemRoot%\system32\wbem\wbemcntl.dll
ST869VRJ,Classes\CLSID\{50EF4544-AC9F-4A8E-B21B-8A26180DB13F}\InProcServer32,REG_SZ,,NT AUTHORITY\SYSTEM,HKEY_LOCAL_MACHINE\Software\Classes\CLSID\{50EF4544-AC9F-4A8E-B21B-8A26180DB13F}\InProcServer32\,C:\Windows\System32\thumbcache.dll
ST869VRJ,Wow6432Node\Classes\CLSID\{9909aba6-519d-4b42-b57f-cc1408214ddb}\InProcServer32,REG_SZ,,NT AUTHORITY\SYSTEM,HKEY_LOCAL_MACHINE\Software\Wow6432Node\Classes\CLSID\{9909aba6-519d-4b42-b57f-cc1408214ddb}\InProcServer32\,C:\Windows\SysWOW64\shcore.dll
ST869VRJ,Classes\CLSID\{01A3B960-21A7-4231-909E-7597D17EF4A5}\InProcServer32,REG_SZ,,BUILTIN\Administrators,HKEY_LOCAL_MACHINE\Software\Classes\CLSID\{01A3B960-21A7-4231-909E-7597D17EF4A5}\InProcServer32\,c:\PROGRA~1\mcafee\mpf\mpfapi.dll
ST869VRJ,Classes\CLSID\{50055B2F-D4FF-42E1-9D8F-5D48F327F3AC}\InProcServer32,REG_SZ,,NT AUTHORITY\SYSTEM,HKEY_LOCAL_MACHINE\Software\Classes\CLSID\{50055B2F-D4FF-42E1-9D8F-5D48F327F3AC}\InProcServer32\,C:\Windows\System32\wercplsupport.dll
ST869VRJ,Wow6432Node\Classes\CLSID\{20C6F4C2-80A8-4310-A59A-1CC487334236}\InProcServer32,REG_SZ,,NT AUTHORITY\SYSTEM,HKEY_LOCAL_MACHINE\Software\Wow6432Node\Classes\CLSID\{20C6F4C2-80A8-4310-A59A-1CC487334236}\InProcServer32\,C:\Windows\Microsoft.NET\Framework\v4.0.30319\WPF\PenIMC2_v0400.dll
ST869VRJ,Classes\CLSID\{b2952b16-0e07-4e5a-b993-58c52cb94cae}\InProcServer32,REG_EXPAND_SZ,,NT AUTHORITY\SYSTEM,HKEY_LOCAL_MACHINE\Software\Classes\CLSID\{b2952b16-0e07-4e5a-b993-58c52cb94cae}\InProcServer32\,%SystemRoot%\system32\SearchFolder.dll
ST869VRJ,Classes\CLSID\{06622D85-6856-4460-8DE1-A81921B41C4B}\InProcServer32,REG_EXPAND_SZ,,NT AUTHORITY\SYSTEM,HKEY_LOCAL_MACHINE\Software\Classes\CLSID\{06622D85-6856-4460-8DE1-A81921B41C4B}\InProcServer32\,%SystemRoot%\system32\shell32.dll
ST869VRJ,Classes\CLSID\{A09CCA86-27BA-4F39-9053-121FA4DC08FC}\InProcServer32,REG_EXPAND_SZ,,NT AUTHORITY\SYSTEM,HKEY_LOCAL_MACHINE\Software\Classes\CLSID\{A09CCA86-27BA-4F39-9053-121FA4DC08FC}\InProcServer32\,%SystemRoot%\system32\windowscodecs.dll
ST869VRJ,Classes\CLSID\{E52C9A25-F3E8-49E4-BAA7-FAD0EF620129}\InProcServer32,REG_EXPAND_SZ,,NT AUTHORITY\SYSTEM,HKEY_LOCAL_MACHINE\Software\Classes\CLSID\{E52C9A25-F3E8-49E4-BAA7-FAD0EF620129}\InProcServer32\,%SystemRoot%\System32\WSService.dll
ST869VRJ,CurrentControlSet\Services\ALG\,REG_EXPAND_SZ,ImagePath,NT AUTHORITY\SYSTEM,HKEY_LOCAL_MACHINE\SYSTEM\CurrentControlSet\Services\ALG\ImagePath,%SystemRoot%\System32\alg.exe
ST869VRJ,Classes\CLSID\{07AA2658-7A1A-47e5-B01A-701DC9EECD6F}\InProcServer32,REG_SZ,,BUILTIN\Administrators,HKEY_LOCAL_MACHINE\Software\Classes\CLSID\{07AA2658-7A1A-47e5-B01A-701DC9EECD6F}\InProcServer32\,c:\PROGRA~1\COMMON~1\mcafee\HACKER~1\hwapi.dll
ST869VRJ,Classes\CLSID\{83bb272f-7d5e-4b6e-9250-889893f0dac7}\InProcServer32,REG_EXPAND_SZ,,NT AUTHORITY\SYSTEM,HKEY_LOCAL_MACHINE\Software\Classes\CLSID\{83bb272f-7d5e-4b6e-9250-889893f0dac7}\InProcServer32\,%SystemRoot%\system32\shell32.dll
ST869VRJ,Wow6432Node\Classes\CLSID\{3BC4EE9F-1FC1-44DB-81FA-AD94DEC7AF30}\InProcServer32,REG_SZ,,NT AUTHORITY\SYSTEM,HKEY_LOCAL_MACHINE\Software\Wow6432Node\Classes\CLSID\{3BC4EE9F-1FC1-44DB-81FA-AD94DEC7AF30}\InProcServer32\,C:\Windows\SysWOW64\ieapfltr.dll
ST869VRJ,CurrentControlSet\Services\acpitime\,REG_EXPAND_SZ,ImagePath,NT AUTHORITY\SYSTEM,HKEY_LOCAL_MACHINE\SYSTEM\CurrentControlSet\Services\acpitime\ImagePath,\SystemRoot\System32\drivers\acpitime.sys
ST869VRJ,Wow6432Node\Classes\CLSID\{60254CA5-953B-11CF-8C96-00AA00B8708C}\InProcServer32,REG_SZ,,NT AUTHORITY\SYSTEM,HKEY_LOCAL_MACHINE\Software\Wow6432Node\Classes\CLSID\{60254CA5-953B-11CF-8C96-00AA00B8708C}\InProcServer32\,C:\Windows\SysWOW64\wshext.dll
ST869VRJ,Classes\CLSID\{2C314899-8F99-3041-A49D-2F6AFC0E6296}\InProcServer32,REG_SZ,,NT AUTHORITY\SYSTEM,HKEY_LOCAL_MACHINE\Software\Classes\CLSID\{2C314899-8F99-3041-A49D-2F6AFC0E6296}\InProcServer32\,C:\Windows\System32\mscoree.dll
ST869VRJ,CurrentControlSet\Services\NetTcpPortSharing\,REG_EXPAND_SZ,ImagePath,NT AUTHORITY\SYSTEM,HKEY_LOCAL_MACHINE\SYSTEM\CurrentControlSet\Services\NetTcpPortSharing\ImagePath,%systemroot%\Microsoft.NET\Framework64\v4.0.30319\SMSvcHost.exe
ST869VRJ,Classes\CLSID\{430da762-8632-4840-bc61-3eeaa078e62e}\InProcServer32,REG_EXPAND_SZ,,NT AUTHORITY\SYSTEM,HKEY_LOCAL_MACHINE\Software\Classes\CLSID\{430da762-8632-4840-bc61-3eeaa078e62e}\InProcServer32\,%SystemRoot%\system32\display.dll
ST869VRJ,Classes\CLSID\{B1E29D59-A675-11D2-8302-00C04F8EE6C0}\InProcServer32,REG_EXPAND_SZ,,NT AUTHORITY\SYSTEM,HKEY_LOCAL_MACHINE\Software\Classes\CLSID\{B1E29D59-A675-11D2-8302-00C04F8EE6C0}\InProcServer32\,%SystemRoot%\System32\Speech\Common\sapi.dll
ST869VRJ,Classes\CLSID\{9CB5172B-D600-46BA-AB77-77BB7E3A00D9}\InProcServer32,REG_EXPAND_SZ,,NT AUTHORITY\SYSTEM,HKEY_LOCAL_MACHINE\Software\Classes\CLSID\{9CB5172B-D600-46BA-AB77-77BB7E3A00D9}\InProcServer32\,%SystemRoot%\system32\windowscodecsext.dll
ST869VRJ,Classes\CLSID\{0947c622-f98a-48a5-9df7-60e5fe202e07}\InProcServer32,REG_EXPAND_SZ,,NT AUTHORITY\SYSTEM,HKEY_LOCAL_MACHINE\Software\Classes\CLSID\{0947c622-f98a-48a5-9df7-60e5fe202e07}\InProcServer32\,%SystemRoot%\system32\shell32.dll
ST869VRJ,Classes\CLSID\{C139C040-532D-451b-80CA-44D1F0839D2A}\InProcServer32,REG_EXPAND_SZ,,NT AUTHORITY\SYSTEM,HKEY_LOCAL_MACHINE\Software\Classes\CLSID\{C139C040-532D-451b-80CA-44D1F0839D2A}\InProcServer32\,%SystemRoot%\system32\ntshrui.dll
ST869VRJ,Classes\CLSID\{5ef4af3a-f726-11d0-b8a2-00c04fc309a4}\InProcServer32,REG_EXPAND_SZ,,NT AUTHORITY\SYSTEM,HKEY_LOCAL_MACHINE\Software\Classes\CLSID\{5ef4af3a-f726-11d0-b8a2-00c04fc309a4}\InProcServer32\,%SystemRoot%\system32\shell32.dll
ST869VRJ,Classes\CLSID\{96749373-3391-11D2-9EE3-00C04F797396}\InProcServer32,REG_EXPAND_SZ,,NT AUTHORITY\SYSTEM,HKEY_LOCAL_MACHINE\Software\Classes\CLSID\{96749373-3391-11D2-9EE3-00C04F797396}\InProcServer32\,%SystemRoot%\System32\Speech\Common\sapi.dll
ST869VRJ,Classes\CLSID\{4FDBC3E5-7121-4487-AB95-B58EC04648DB}\InProcServer32,REG_EXPAND_SZ,,NT AUTHORITY\SYSTEM,HKEY_LOCAL_MACHINE\Software\Classes\CLSID\{4FDBC3E5-7121-4487-AB95-B58EC04648DB}\InProcServer32\,%SystemRoot%\system32\ucmhc.dll
ST869VRJ,Classes\CLSID\{331E8B29-D4C3-4278-B005-671BB919C320}\InProcServer32,REG_SZ,,NT AUTHORITY\SYSTEM,HKEY_LOCAL_MACHINE\Software\Classes\CLSID\{331E8B29-D4C3-4278-B005-671BB919C320}\InProcServer32\,C:\Windows\System32\DefaultPrinterProvider.dll
ST869VRJ,Wow6432Node\Classes\CLSID\{767EE1f6-2006-43EA-8278-90B37AC8FD02}\InProcServer32,REG_SZ,,NT AUTHORITY\SYSTEM,HKEY_LOCAL_MACHINE\Software\Wow6432Node\Classes\CLSID\{767EE1f6-2006-43EA-8278-90B37AC8FD02}\InProcServer32\,C:\Windows\SysWOW64\efswrt.dll
ST869VRJ,Classes\CLSID\{16B280C8-EE70-11D1-9066-00C04FD9189D}\InProcServer32,REG_SZ,,NT AUTHORITY\SYSTEM,HKEY_LOCAL_MACHINE\Software\Classes\CLSID\{16B280C8-EE70-11D1-9066-00C04FD9189D}\InProcServer32\,C:\Windows\System32\Dxtmsft.dll
ST869VRJ,Classes\CLSID\{649EEC1E-B579-4E8C-BB3B-4997F8426536}\InProcServer32,REG_SZ,,NT AUTHORITY\SYSTEM,HKEY_LOCAL_MACHINE\Software\Classes\CLSID\{649EEC1E-B579-4E8C-BB3B-4997F8426536}\InProcServer32\,C:\Windows\System32\Dxtrans.dll
ST869VRJ,CurrentControlSet\Services\Dnscache\Parameters\,REG_EXPAND_SZ,ServiceDll,NT AUTHORITY\SYSTEM,HKEY_LOCAL_MACHINE\SYSTEM\CurrentControlSet\Services\Dnscache\Parameters\ServiceDll,%SystemRoot%\System32\dnsrslvr.dll
ST869VRJ,Classes\CLSID\{196f128d-dce9-4090-b061-3d29c6ca32c2}\InProcServer32,REG_EXPAND_SZ,,NT AUTHORITY\SYSTEM,HKEY_LOCAL_MACHINE\Software\Classes\CLSID\{196f128d-dce9-4090-b061-3d29c6ca32c2}\InProcServer32\,%SystemRoot%\system32\shell32.dll
ST869VRJ,Classes\CLSID\{00020422-0000-0000-C000-000000000046}\InProcServer32,REG_SZ,,NT AUTHORITY\SYSTEM,HKEY_LOCAL_MACHINE\Software\Classes\CLSID\{00020422-0000-0000-C000-000000000046}\InProcServer32\,C:\Windows\System32\oleaut32.dll
ST869VRJ,Classes\CLSID\{38FE8128-B282-4A98-B2B0-0BAFB49815FD}\InProcServer32,REG_EXPAND_SZ,,NT AUTHORITY\SYSTEM,HKEY_LOCAL_MACHINE\Software\Classes\CLSID\{38FE8128-B282-4A98-B2B0-0BAFB49815FD}\InProcServer32\,%SystemRoot%\System32\DeviceSetupManagerAPI.dll
ST869VRJ,CurrentControlSet\Control\Session Manager\KnownDlls\,REG_EXPAND_SZ,DllDirectory,NT AUTHORITY\SYSTEM,HKEY_LOCAL_MACHINE\System\CurrentControlSet\Control\Session Manager\KnownDlls\DllDirectory,%SystemRoot%\system32
ST869VRJ,Wow6432Node\Classes\CLSID\{ce2f5d02-a575-4f4c-ad73-34baf96f8512}\InProcServer32,REG_SZ,,NT AUTHORITY\SYSTEM,HKEY_LOCAL_MACHINE\Software\Wow6432Node\Classes\CLSID\{ce2f5d02-a575-4f4c-ad73-34baf96f8512}\InProcServer32\,C:\Windows\SysWOW64\IME\shared\imeapis.dll
ST869VRJ,Classes\CLSID\{6BC096B8-0CE6-11D1-BAAE-00C04FC2E20D}\InProcServer32,REG_EXPAND_SZ,,NT AUTHORITY\SYSTEM,HKEY_LOCAL_MACHINE\Software\Classes\CLSID\{6BC096B8-0CE6-11D1-BAAE-00C04FC2E20D}\InProcServer32\,%SystemRoot%\system32\iasacct.dll
ST869VRJ,Classes\CLSID\{9D958C62-3954-4b44-8FAB-C4670C1DB4C2}\InProcServer32,REG_SZ,,NT AUTHORITY\SYSTEM,HKEY_LOCAL_MACHINE\Software\Classes\CLSID\{9D958C62-3954-4b44-8FAB-C4670C1DB4C2}\InProcServer32\,C:\Windows\System32\ieframe.dll
ST869VRJ,Classes\CLSID\{A9710FB5-1840-4224-BD42-86831E28E43A}\InProcServer32,REG_EXPAND_SZ,,NT AUTHORITY\SYSTEM,HKEY_LOCAL_MACHINE\Software\Classes\CLSID\{A9710FB5-1840-4224-BD42-86831E28E43A}\InProcServer32\,%SystemRoot%\System32\UICOM.dll
ST869VRJ,Classes\CLSID\{9127081a-04b5-4044-b4c5-c7a9718e8795}\InProcServer32,REG_EXPAND_SZ,,NT AUTHORITY\SYSTEM,HKEY_LOCAL_MACHINE\Software\Classes\CLSID\{9127081a-04b5-4044-b4c5-c7a9718e8795}\InProcServer32\,%SystemRoot%\system32\shell32.dll
ST869VRJ,Classes\CLSID\{880ac964-2e34-4425-8cf2-86ada2c3a019}\InProcServer32,REG_EXPAND_SZ,,NT AUTHORITY\SYSTEM,HKEY_LOCAL_MACHINE\Software\Classes\CLSID\{880ac964-2e34-4425-8cf2-86ada2c3a019}\InProcServer32\,%SystemRoot%\system32\shell32.dll
ST869VRJ,Classes\CLSID\{EDD36029-D753-4862-AA5B-5BCCAD2A4D29}\InProcServer32,REG_SZ,,NT AUTHORITY\SYSTEM,HKEY_LOCAL_MACHINE\Software\Classes\CLSID\{EDD36029-D753-4862-AA5B-5BCCAD2A4D29}\InProcServer32\,C:\Windows\System32\FunDisc.dll
ST869VRJ,Classes\CLSID\{ECABB0C9-7F19-11D2-978E-0000F8757E2A}\InProcServer32,REG_SZ,,NT AUTHORITY\SYSTEM,HKEY_LOCAL_MACHINE\Software\Classes\CLSID\{ECABB0C9-7F19-11D2-978E-0000F8757E2A}\InProcServer32\,C:\Windows\System32\comsvcs.dll
ST869VRJ,Classes\CLSID\{133eac4f-5891-4d04-bada-d84870380a80}\InProcServer32,REG_EXPAND_SZ,,NT AUTHORITY\SYSTEM,HKEY_LOCAL_MACHINE\Software\Classes\CLSID\{133eac4f-5891-4d04-bada-d84870380a80}\InProcServer32\,%SystemRoot%\system32\shell32.dll
ST869VRJ,Classes\CLSID\{81397204-F51A-4571-8D7B-DC030521AABD}\InProcServer32,REG_SZ,,NT AUTHORITY\SYSTEM,HKEY_LOCAL_MACHINE\Software\Classes\CLSID\{81397204-F51A-4571-8D7B-DC030521AABD}\InProcServer32\,C:\Windows\System32\Dxtrans.dll
ST869VRJ,Classes\CLSID\{44090B31-CDF9-4ad1-8182-DB5DA3627974}\InProcServer32,REG_EXPAND_SZ,,NT AUTHORITY\SYSTEM,HKEY_LOCAL_MACHINE\Software\Classes\CLSID\{44090B31-CDF9-4ad1-8182-DB5DA3627974}\InProcServer32\,%SystemRoot%\system32\twinui.dll
ST869VRJ,Classes\CLSID\{B15B8DC0-C7E1-11d0-8680-00AA00BDCB71}\InProcServer32,REG_SZ,,NT AUTHORITY\SYSTEM,HKEY_LOCAL_MACHINE\Software\Classes\CLSID\{B15B8DC0-C7E1-11d0-8680-00AA00BDCB71}\InProcServer32\,C:\Windows\System32\urlmon.dll
ST869VRJ,Classes\CLSID\{61DBD86A-8D1A-4EB0-907C-E4C1BBC8F09A}\InProcServer32,REG_EXPAND_SZ,,NT AUTHORITY\SYSTEM,HKEY_LOCAL_MACHINE\Software\Classes\CLSID\{61DBD86A-8D1A-4EB0-907C-E4C1BBC8F09A}\InProcServer32\,%SystemRoot%\System32\NaturalLanguage6.dll
ST869VRJ,Microsoft\Windows NT\CurrentVersion\Image File Execution Options\DllNXOptions\,REG_DWORD,divx.dll,NT AUTHORITY\SYSTEM,HKEY_LOCAL_MACHINE\Software\Microsoft\Windows NT\CurrentVersion\Image File Execution Options\DllNXOptions\divx.dll,1
ST869VRJ,Classes\CLSID\{84C050B8-8B00-409C-B752-6AFE92D9B812}\InProcServer32,REG_SZ,,NT AUTHORITY\SYSTEM,HKEY_LOCAL_MACHINE\Software\Classes\CLSID\{84C050B8-8B00-409C-B752-6AFE92D9B812}\InProcServer32\,C:\Windows\System32\twinui.dll
ST869VRJ,Classes\CLSID\{2559a1f2-21d7-11d4-bdaf-00c04f60b9f0}\InProcServer32,REG_EXPAND_SZ,,NT AUTHORITY\SYSTEM,HKEY_LOCAL_MACHINE\Software\Classes\CLSID\{2559a1f2-21d7-11d4-bdaf-00c04f60b9f0}\InProcServer32\,%SystemRoot%\System32\shell32.dll
ST869VRJ,Classes\CLSID\{33C53A50-F456-4884-B049-85FD643ECFED}\InProcServer32,REG_EXPAND_SZ,,NT AUTHORITY\SYSTEM,HKEY_LOCAL_MACHINE\Software\Classes\CLSID\{33C53A50-F456-4884-B049-85FD643ECFED}\InProcServer32\,%SystemRoot%\system32\msctf.dll
ST869VRJ,Microsoft\Windows NT\CurrentVersion\Drivers32\,REG_SZ,msacm.msgsm610,NT AUTHORITY\SYSTEM,HKEY_LOCAL_MACHINE\SOFTWARE\Microsoft\Windows NT\CurrentVersion\Drivers32\msacm.msgsm610,msgsm32.acm
ST869VRJ,Classes\CLSID\{5DB2625A-54DF-11D0-B6C4-0800091AA605}\InProcServer32,REG_SZ,,NT AUTHORITY\SYSTEM,HKEY_LOCAL_MACHINE\Software\Classes\CLSID\{5DB2625A-54DF-11D0-B6C4-0800091AA605}\InProcServer32\,C:\Windows\System32\colorui.dll
ST869VRJ,Classes\CLSID\{a6914418-134b-4bb8-8e3d-7fef7f456caf}\InProcServer32,REG_SZ,,NT AUTHORITY\SYSTEM,HKEY_LOCAL_MACHINE\Software\Classes\CLSID\{a6914418-134b-4bb8-8e3d-7fef7f456caf}\InProcServer32\,C:\Windows\System32\RasDiag.dll
ST869VRJ,Classes\CLSID\{13709620-C279-11CE-A49E-444553540000}\InProcServer32,REG_EXPAND_SZ,,NT AUTHORITY\SYSTEM,HKEY_LOCAL_MACHINE\Software\Classes\CLSID\{13709620-C279-11CE-A49E-444553540000}\InProcServer32\,%SystemRoot%\system32\shell32.dll
ST869VRJ,CurrentControlSet\Services\IEEtwCollectorService\,REG_EXPAND_SZ,ImagePath,NT AUTHORITY\SYSTEM,HKEY_LOCAL_MACHINE\SYSTEM\CurrentControlSet\Services\IEEtwCollectorService\ImagePath,%SystemRoot%\system32\IEEtwCollector.exe /V
ST869VRJ,Classes\CLSID\{4479C009-4CC3-39A2-8F92-DFCDF034F748}\InProcServer32,REG_SZ,,NT AUTHORITY\SYSTEM,HKEY_LOCAL_MACHINE\Software\Classes\CLSID\{4479C009-4CC3-39A2-8F92-DFCDF034F748}\InProcServer32\,C:\Windows\System32\mscoree.dll
ST869VRJ,Classes\CLSID\{E37EF07F-8266-448B-8059-C2B35BAFE0CF}\InProcServer32,REG_SZ,,NT AUTHORITY\SYSTEM,HKEY_LOCAL_MACHINE\Software\Classes\CLSID\{E37EF07F-8266-448B-8059-C2B35BAFE0CF}\InProcServer32\,C:\Windows\System32\puiobj.dll
ST869VRJ,Classes\CLSID\{8cec58e7-07a1-11d9-b15e-000d56bfe6ee}\InProcServer32,REG_SZ,,NT AUTHORITY\SYSTEM,HKEY_LOCAL_MACHINE\Software\Classes\CLSID\{8cec58e7-07a1-11d9-b15e-000d56bfe6ee}\InProcServer32\,C:\Windows\System32\HelpPaneProxy.dll
ST869VRJ,Classes\CLSID\{cde7427e-9d90-4788-8415-765c156c9bc2}\InProcServer32,REG_SZ,,NT AUTHORITY\SYSTEM,HKEY_LOCAL_MACHINE\Software\Classes\CLSID\{cde7427e-9d90-4788-8415-765c156c9bc2}\InProcServer32\,C:\Windows\System32\AuthBroker.dll
ST869VRJ,Classes\CLSID\{F5078F19-C551-11D3-89B9-0000F81FE221}\InProcServer32,REG_EXPAND_SZ,,NT AUTHORITY\SYSTEM,HKEY_LOCAL_MACHINE\Software\Classes\CLSID\{F5078F19-C551-11D3-89B9-0000F81FE221}\InProcServer32\,%SystemRoot%\System32\msxml3.dll
ST869VRJ,Classes\CLSID\{d450a8a1-9568-45c7-9c0e-b4f9fb4537bd}\InProcServer32,REG_EXPAND_SZ,,NT AUTHORITY\SYSTEM,HKEY_LOCAL_MACHINE\Software\Classes\CLSID\{d450a8a1-9568-45c7-9c0e-b4f9fb4537bd}\InProcServer32\,%SystemRoot%\System32\appwiz.cpl
ST869VRJ,Classes\CLSID\{3A5B4772-7946-4E58-9310-B0D423749C1D}\InProcServer32,REG_EXPAND_SZ,,NT AUTHORITY\SYSTEM,HKEY_LOCAL_MACHINE\Software\Classes\CLSID\{3A5B4772-7946-4E58-9310-B0D423749C1D}\InProcServer32\,%SystemRoot%\system32\sqlceoledb40.dll
ST869VRJ,Classes\CLSID\{50369004-DB9A-3A75-BE7A-1D0EF017B9D3}\InProcServer32,REG_SZ,,NT AUTHORITY\SYSTEM,HKEY_LOCAL_MACHINE\Software\Classes\CLSID\{50369004-DB9A-3A75-BE7A-1D0EF017B9D3}\InProcServer32\,C:\Windows\System32\mscoree.dll
ST869VRJ,Classes\CLSID\{697E2FF0-7FA8-49F1-BB4A-E1D115AA2BBB}\InProcServer32,REG_EXPAND_SZ,,NT AUTHORITY\SYSTEM,HKEY_LOCAL_MACHINE\Software\Classes\CLSID\{697E2FF0-7FA8-49F1-BB4A-E1D115AA2BBB}\InProcServer32\,%SystemRoot%\System32\NaturalLanguage6.dll
ST869VRJ,CurrentControlSet\Services\DiagTrack\Parameters\,REG_EXPAND_SZ,ServiceDll,NT AUTHORITY\SYSTEM,HKEY_LOCAL_MACHINE\SYSTEM\CurrentControlSet\Services\DiagTrack\Parameters\ServiceDll,%SystemRoot%\system32\diagtrack.dll
ST869VRJ,Wow6432Node\Classes\CLSID\{92187326-72B4-11d0-A1AC-0000F8026977}\InProcServer32,REG_SZ,,NT AUTHORITY\SYSTEM,HKEY_LOCAL_MACHINE\Software\Wow6432Node\Classes\CLSID\{92187326-72B4-11d0-A1AC-0000F8026977}\InProcServer32\,C:\Windows\SysWOW64\gcdef.dll
ST869VRJ,Classes\CLSID\{65303443-AD66-11D1-9D65-00C04FC30DF6}\InProcServer32,REG_EXPAND_SZ,,NT AUTHORITY\SYSTEM,HKEY_LOCAL_MACHINE\Software\Classes\CLSID\{65303443-AD66-11D1-9D65-00C04FC30DF6}\InProcServer32\,%SystemRoot%\system32\oleprn.dll
ST869VRJ,Classes\CLSID\{275C23E2-3747-11D0-9FEA-00AA003F8646}\InProcServer32,REG_EXPAND_SZ,,NT AUTHORITY\SYSTEM,HKEY_LOCAL_MACHINE\Software\Classes\CLSID\{275C23E2-3747-11D0-9FEA-00AA003F8646}\InProcServer32\,%SystemRoot%\system32\mlang.dll
ST869VRJ,Classes\CLSID\{F515306D-0156-11d2-81EA-0000F87557DB}\InProcServer32,REG_SZ,,NT AUTHORITY\SYSTEM,HKEY_LOCAL_MACHINE\Software\Classes\CLSID\{F515306D-0156-11d2-81EA-0000F87557DB}\InProcServer32\,C:\Windows\System32\Dxtmsft.dll
ST869VRJ,Classes\CLSID\{75718C9A-F029-11D1-A1AC-00C04FB6C223}\InProcServer32,REG_EXPAND_SZ,,NT AUTHORITY\SYSTEM,HKEY_LOCAL_MACHINE\Software\Classes\CLSID\{75718C9A-F029-11D1-A1AC-00C04FB6C223}\InProcServer32\,%SystemRoot%\system32\wbem\wbemdisp.dll
ST869VRJ,Classes\CLSID\{9EB7C6FC-0C96-4EE0-9B8A-F4BDA7D305E1}\InProcServer32,REG_EXPAND_SZ,,NT AUTHORITY\SYSTEM,HKEY_LOCAL_MACHINE\Software\Classes\CLSID\{9EB7C6FC-0C96-4EE0-9B8A-F4BDA7D305E1}\InProcServer32\,%SystemRoot%\System32\shell32.dll
ST869VRJ,CurrentControlSet\Services\svsvc\Parameters\,REG_EXPAND_SZ,ServiceDll,NT AUTHORITY\SYSTEM,HKEY_LOCAL_MACHINE\SYSTEM\CurrentControlSet\Services\svsvc\Parameters\ServiceDll,%SystemRoot%\system32\svsvc.dll
ST869VRJ,Wow6432Node\Microsoft\Windows NT\CurrentVersion\Drivers32\,REG_SZ,vidc.msvc,NT AUTHORITY\SYSTEM,HKEY_LOCAL_MACHINE\Software\Wow6432Node\Microsoft\Windows NT\CurrentVersion\Drivers32\vidc.msvc,msvidc32.dll
ST869VRJ,Classes\CLSID\{3A30A0BD-0155-43A3-A9D6-E8434AEABA09}\InProcServer32,REG_EXPAND_SZ,,NT AUTHORITY\SYSTEM,HKEY_LOCAL_MACHINE\Software\Classes\CLSID\{3A30A0BD-0155-43A3-A9D6-E8434AEABA09}\InProcServer32\,%SystemRoot%\system32\authui.dll
ST869VRJ,Classes\CLSID\{1A3F11DC-B514-4B17-8C5F-2154513852F1}\InProcServer32,REG_EXPAND_SZ,,NT AUTHORITY\SYSTEM,HKEY_LOCAL_MACHINE\Software\Classes\CLSID\{1A3F11DC-B514-4B17-8C5F-2154513852F1}\InProcServer32\,%SystemRoot%\system32\windowscodecs.dll
ST869VRJ,Microsoft\Windows NT\CurrentVersion\Drivers32\,REG_SZ,vidc.msvc,NT AUTHORITY\SYSTEM,HKEY_LOCAL_MACHINE\SOFTWARE\Microsoft\Windows NT\CurrentVersion\Drivers32\vidc.msvc,msvidc32.dll
ST869VRJ,Classes\CLSID\{6E65CBC0-926D-11D0-8E27-00C04FC99DCF}\InProcServer32,REG_SZ,,NT AUTHORITY\SYSTEM,HKEY_LOCAL_MACHINE\Software\Classes\CLSID\{6E65CBC0-926D-11D0-8E27-00C04FC99DCF}\InProcServer32\,C:\Windows\System32\rascfg.dll
ST869VRJ,Classes\CLSID\{A907657F-6FDF-11D0-8EFB-00C04FD912B2}\InProcServer32,REG_SZ,,NT AUTHORITY\SYSTEM,HKEY_LOCAL_MACHINE\Software\Classes\CLSID\{A907657F-6FDF-11D0-8EFB-00C04FD912B2}\InProcServer32\,C:\Windows\System32\tcpipcfg.dll
ST869VRJ,Classes\CLSID\{600f8139-d614-4700-bf13-b0ccf9818c73}\InProcServer32,REG_SZ,,NT AUTHORITY\SYSTEM,HKEY_LOCAL_MACHINE\Software\Classes\CLSID\{600f8139-d614-4700-bf13-b0ccf9818c73}\InProcServer32\,C:\Windows\System32\Windows.UI.Immersive.dll
ST869VRJ,Classes\CLSID\{4C6F940C-3CFE-11D2-9EE7-00C04F797396}\InProcServer32,REG_EXPAND_SZ,,NT AUTHORITY\SYSTEM,HKEY_LOCAL_MACHINE\Software\Classes\CLSID\{4C6F940C-3CFE-11D2-9EE7-00C04F797396}\InProcServer32\,%SystemRoot%\System32\Speech\Common\sapi.dll
ST869VRJ,Classes\CLSID\{ACA965C4-D406-4531-B6D9-C099D5D8EDEA}\InProcServer32,REG_EXPAND_SZ,,NT AUTHORITY\SYSTEM,HKEY_LOCAL_MACHINE\Software\Classes\CLSID\{ACA965C4-D406-4531-B6D9-C099D5D8EDEA}\InProcServer32\,%SystemRoot%\system32\twinui.dll
ST869VRJ,Classes\CLSID\{BD254A13-FAA8-42A1-8132-42D9E8B320DD}\InProcServer32,REG_EXPAND_SZ,,NT AUTHORITY\SYSTEM,HKEY_LOCAL_MACHINE\Software\Classes\CLSID\{BD254A13-FAA8-42A1-8132-42D9E8B320DD}\InProcServer32\,%SystemRoot%\system32\twinapi.dll
ST869VRJ,Microsoft\Windows NT\CurrentVersion\Image File Execution Options\DllNXOptions\,REG_DWORD,main123w.dll,NT AUTHORITY\SYSTEM,HKEY_LOCAL_MACHINE\Software\Microsoft\Windows NT\CurrentVersion\Image File Execution Options\DllNXOptions\main123w.dll,1
ST869VRJ,Classes\CLSID\{323CA680-C24D-4099-B94D-446DD2D7249E}\InProcServer32,REG_EXPAND_SZ,,NT AUTHORITY\SYSTEM,HKEY_LOCAL_MACHINE\Software\Classes\CLSID\{323CA680-C24D-4099-B94D-446DD2D7249E}\InProcServer32\,%SystemRoot%\System32\shell32.dll
ST869VRJ,Classes\CLSID\{8066FB71-AFA1-343E-8070-44AB4F3F85C9}\InProcServer32,REG_SZ,,NT AUTHORITY\SYSTEM,HKEY_LOCAL_MACHINE\Software\Classes\CLSID\{8066FB71-AFA1-343E-8070-44AB4F3F85C9}\InProcServer32\,C:\Windows\System32\mscoree.dll
ST869VRJ,Classes\CLSID\{A7EDDCB5-6043-3988-921C-25E3DEE6322B}\InProcServer32,REG_SZ,,NT AUTHORITY\SYSTEM,HKEY_LOCAL_MACHINE\Software\Classes\CLSID\{A7EDDCB5-6043-3988-921C-25E3DEE6322B}\InProcServer32\,C:\Windows\System32\mscoree.dll
ST869VRJ,Classes\CLSID\{3B0398C9-7812-4007-85CB-18C771F2206F}\InProcServer32,REG_SZ,,NT AUTHORITY\SYSTEM,HKEY_LOCAL_MACHINE\Software\Classes\CLSID\{3B0398C9-7812-4007-85CB-18C771F2206F}\InProcServer32\,C:\Windows\System32\mscoree.dll
ST869VRJ,Classes\CLSID\{ab0b37ec-56f6-4a0e-a8fd-7a8bf7c2da96}\InProcServer32,REG_EXPAND_SZ,,NT AUTHORITY\SYSTEM,HKEY_LOCAL_MACHINE\Software\Classes\CLSID\{ab0b37ec-56f6-4a0e-a8fd-7a8bf7c2da96}\InProcServer32\,%SystemRoot%\system32\explorerframe.dll
ST869VRJ,Classes\CLSID\{81E9DD62-78D5-11D2-B47E-006097B3391B}\InProcServer32,REG_SZ,,NT AUTHORITY\SYSTEM,HKEY_LOCAL_MACHINE\Software\Classes\CLSID\{81E9DD62-78D5-11D2-B47E-006097B3391B}\InProcServer32\,C:\Windows\System32\kswdmcap.ax
ST869VRJ,Classes\CLSID\{797A9BB1-9E49-4e63-AFE1-1B45B9DC8162}\InProcServer32,REG_EXPAND_SZ,,NT AUTHORITY\SYSTEM,HKEY_LOCAL_MACHINE\Software\Classes\CLSID\{797A9BB1-9E49-4e63-AFE1-1B45B9DC8162}\InProcServer32\,%SystemRoot%\system32\upnp.dll
ST869VRJ,Classes\CLSID\{34DEA897-7365-4f60-BA26-53DA4B89226D}\InProcServer32,REG_SZ,,NT AUTHORITY\SYSTEM,HKEY_LOCAL_MACHINE\Software\Classes\CLSID\{34DEA897-7365-4f60-BA26-53DA4B89226D}\InProcServer32\,C:\Windows\System32\wuapi.dll
ST869VRJ,Classes\CLSID\{667955AD-6B3B-43CA-B949-BC69B5BAFF7F}\InProcServer32,REG_EXPAND_SZ,,NT AUTHORITY\SYSTEM,HKEY_LOCAL_MACHINE\Software\Classes\CLSID\{667955AD-6B3B-43CA-B949-BC69B5BAFF7F}\InProcServer32\,%SystemRoot%\system32\dpnet.dll
ST869VRJ,Classes\CLSID\{83EEF1DB-16A2-426F-843D-85A5348337C1}\InProcServer32,REG_SZ,,BUILTIN\Administrators,HKEY_LOCAL_MACHINE\Software\Classes\CLSID\{83EEF1DB-16A2-426F-843D-85A5348337C1}\InProcServer32\,c:\PROGRA~1\mcafee\mpf\mpfevt.dll
ST869VRJ,Classes\CLSID\{7071ECB5-663B-4bc1-A1FA-B97F3B917C55}\InProcServer32,REG_EXPAND_SZ,,NT AUTHORITY\SYSTEM,HKEY_LOCAL_MACHINE\Software\Classes\CLSID\{7071ECB5-663B-4bc1-A1FA-B97F3B917C55}\InProcServer32\,%SystemRoot%\system32\connect.dll
ST869VRJ,Classes\CLSID\{6e682784-1eca-4cf2-988d-96b6e89e9a4d}\InProcServer32,REG_EXPAND_SZ,,NT AUTHORITY\SYSTEM,HKEY_LOCAL_MACHINE\Software\Classes\CLSID\{6e682784-1eca-4cf2-988d-96b6e89e9a4d}\InProcServer32\,%SystemRoot%\system32\SearchFolder.dll
ST869VRJ,Classes\CLSID\{683C7EA1-3A4B-4764-A8E6-768C4F38BBA6}\InProcServer32,REG_SZ,,BUILTIN\Administrators,HKEY_LOCAL_MACHINE\Software\Classes\CLSID\{683C7EA1-3A4B-4764-A8E6-768C4F38BBA6}\InProcServer32\,c:\PROGRA~1\mcafee\msc\mcmispps.dll
ST869VRJ,Classes\CLSID\{C3701884-B39B-11D1-9D68-00C04FC30DF6}\InProcServer32,REG_EXPAND_SZ,,NT AUTHORITY\SYSTEM,HKEY_LOCAL_MACHINE\Software\Classes\CLSID\{C3701884-B39B-11D1-9D68-00C04FC30DF6}\InProcServer32\,%SystemRoot%\system32\oleprn.dll
ST869VRJ,Microsoft\Windows NT\CurrentVersion\Image File Execution Options\spoolsv.exe\,REG_DWORD,DisableExceptionChainValidation,NT AUTHORITY\SYSTEM,HKEY_LOCAL_MACHINE\Software\Microsoft\Windows NT\CurrentVersion\Image File Execution Options\spoolsv.exe\DisableExceptionChainValidation,3
ST869VRJ,Classes\CLSID\{7473b52d-97d9-41bb-ae03-2d3d51eb42b8}\InProcServer32,REG_SZ,,NT AUTHORITY\SYSTEM,HKEY_LOCAL_MACHINE\Software\Classes\CLSID\{7473b52d-97d9-41bb-ae03-2d3d51eb42b8}\InProcServer32\,C:\Windows\System32\IME\SHARED\imefiles.dll
ST869VRJ,Classes\CLSID\{CFCCC7A0-A282-11D1-9082-006008059382}\InProcServer32,REG_EXPAND_SZ,,NT AUTHORITY\SYSTEM,HKEY_LOCAL_MACHINE\Software\Classes\CLSID\{CFCCC7A0-A282-11D1-9082-006008059382}\InProcServer32\,%SystemRoot%\System32\appwiz.cpl
ST869VRJ,Classes\CLSID\{60b78e88-ead8-445c-9cfd-0b87f74ea6cd}\InProcServer32,REG_EXPAND_SZ,,NT AUTHORITY\SYSTEM,HKEY_LOCAL_MACHINE\Software\Classes\CLSID\{60b78e88-ead8-445c-9cfd-0b87f74ea6cd}\InProcServer32\,%SystemRoot%\system32\authui.dll
ST869VRJ,Classes\CLSID\{80c68d96-366b-11dc-9eaa-00161718cf63}\InProcServer32,REG_EXPAND_SZ,,NT AUTHORITY\SYSTEM,HKEY_LOCAL_MACHINE\Software\Classes\CLSID\{80c68d96-366b-11dc-9eaa-00161718cf63}\InProcServer32\,%SystemRoot%\system32\shell32.dll
ST869VRJ,Classes\CLSID\{E96767E0-7EAA-45e1-8E7D-64414AFF281A}\InProcServer32,REG_EXPAND_SZ,,NT AUTHORITY\SYSTEM,HKEY_LOCAL_MACHINE\Software\Classes\CLSID\{E96767E0-7EAA-45e1-8E7D-64414AFF281A}\InProcServer32\,%SystemRoot%\system32\shell32.dll
ST869VRJ,Classes\CLSID\{CCF306AE-33BD-3003-9CCE-DAF5BEFEF611}\InProcServer32,REG_SZ,,NT AUTHORITY\SYSTEM,HKEY_LOCAL_MACHINE\Software\Classes\CLSID\{CCF306AE-33BD-3003-9CCE-DAF5BEFEF611}\InProcServer32\,C:\Windows\System32\mscoree.dll
ST869VRJ,Classes\CLSID\{29625281-51CE-3F8A-AC4D-E360CACB92E2}\InProcServer32,REG_SZ,,NT AUTHORITY\SYSTEM,HKEY_LOCAL_MACHINE\Software\Classes\CLSID\{29625281-51CE-3F8A-AC4D-E360CACB92E2}\InProcServer32\,C:\Windows\System32\mscoree.dll
ST869VRJ,Classes\CLSID\{8652CE55-9E80-11D1-9053-00C04FD9189D}\InProcServer32,REG_SZ,,NT AUTHORITY\SYSTEM,HKEY_LOCAL_MACHINE\Software\Classes\CLSID\{8652CE55-9E80-11D1-9053-00C04FD9189D}\InProcServer32\,C:\Windows\System32\Dxtrans.dll
ST869VRJ,Classes\CLSID\{C3E5D3D2-1A03-11CF-942D-008029004347}\InProcServer32,REG_EXPAND_SZ,,NT AUTHORITY\SYSTEM,HKEY_LOCAL_MACHINE\Software\Classes\CLSID\{C3E5D3D2-1A03-11CF-942D-008029004347}\InProcServer32\,%SystemRoot%\System32\sysmon.ocx
ST869VRJ,Classes\CLSID\{C6CC49B0-CE17-11D0-8833-00A0C903B83C}\InProcServer32,REG_SZ,,NT AUTHORITY\SYSTEM,HKEY_LOCAL_MACHINE\Software\Classes\CLSID\{C6CC49B0-CE17-11D0-8833-00A0C903B83C}\InProcServer32\,C:\Windows\System32\certcli.dll
ST869VRJ,Classes\CLSID\{2A005C11-A5DE-11CF-9E66-00AA00A3F464}\InProcServer32,REG_SZ,,NT AUTHORITY\SYSTEM,HKEY_LOCAL_MACHINE\Software\Classes\CLSID\{2A005C11-A5DE-11CF-9E66-00AA00A3F464}\InProcServer32\,C:\Windows\System32\comsvcs.dll
ST869VRJ,Classes\CLSID\{ECD4FC4F-521C-11D0-B792-00A0C90312E1}\InProcServer32,REG_EXPAND_SZ,,NT AUTHORITY\SYSTEM,HKEY_LOCAL_MACHINE\Software\Classes\CLSID\{ECD4FC4F-521C-11D0-B792-00A0C90312E1}\InProcServer32\,%SystemRoot%\system32\shell32.dll
ST869VRJ,Wow6432Node\Classes\CLSID\{A3CCEDF7-2DE2-11D0-86F4-00A0C913F750}\InProcServer32,REG_SZ,,NT AUTHORITY\SYSTEM,HKEY_LOCAL_MACHINE\Software\Wow6432Node\Classes\CLSID\{A3CCEDF7-2DE2-11D0-86F4-00A0C913F750}\InProcServer32\,C:\Windows\SysWOW64\pngfilt.dll
ST869VRJ,Classes\CLSID\{49c47ce5-9ba4-11d0-8212-00c04fc32c45}\InProcServer32,REG_SZ,,NT AUTHORITY\SYSTEM,HKEY_LOCAL_MACHINE\Software\Classes\CLSID\{49c47ce5-9ba4-11d0-8212-00c04fc32c45}\InProcServer32\,C:\Windows\System32\amstream.dll
ST869VRJ,Classes\CLSID\{BA126AD8-2166-11D1-B1D0-00805FC1270E}\InProcServer32,REG_EXPAND_SZ,,NT AUTHORITY\SYSTEM,HKEY_LOCAL_MACHINE\Software\Classes\CLSID\{BA126AD8-2166-11D1-B1D0-00805FC1270E}\InProcServer32\,%SystemRoot%\System32\hnetcfg.dll
ST869VRJ,Classes\CLSID\{B62A9F7D-4F97-4740-9EEE-3554F2AD2E4B}\InProcServer32,REG_SZ,,BUILTIN\Administrators,HKEY_LOCAL_MACHINE\Software\Classes\CLSID\{B62A9F7D-4F97-4740-9EEE-3554F2AD2E4B}\InProcServer32\,C:\Program Files\Common Files\McAfee\CSP\3.0.127.0\McCSPClientAPI.dll
ST869VRJ,Classes\CLSID\{AD7B5554-C683-4C04-AAF9-9676822D2692}\InProcServer32,REG_EXPAND_SZ,,NT AUTHORITY\SYSTEM,HKEY_LOCAL_MACHINE\Software\Classes\CLSID\{AD7B5554-C683-4C04-AAF9-9676822D2692}\InProcServer32\,%SystemRoot%\system32\twinapi.dll
ST869VRJ,Classes\CLSID\{777BA8E5-2498-4875-933A-3067DE883070}\InProcServer32,REG_EXPAND_SZ,,NT AUTHORITY\SYSTEM,HKEY_LOCAL_MACHINE\Software\Classes\CLSID\{777BA8E5-2498-4875-933A-3067DE883070}\InProcServer32\,%SystemRoot%\system32\xwizards.dll
ST869VRJ,Classes\CLSID\{b1aebb5d-ead9-4476-b375-9c3ed9f32afc}\InProcServer32,REG_EXPAND_SZ,,NT AUTHORITY\SYSTEM,HKEY_LOCAL_MACHINE\Software\Classes\CLSID\{b1aebb5d-ead9-4476-b375-9c3ed9f32afc}\InProcServer32\,%SystemRoot%\System32\sppcext.dll
ST869VRJ,Wow6432Node\Microsoft\Windows NT\CurrentVersion\Image File Execution Options\mscorsvw.exe\,REG_QWORD,MitigationOptions,NT AUTHORITY\SYSTEM,HKEY_LOCAL_MACHINE\Software\Wow6432Node\Microsoft\Windows NT\CurrentVersion\Image File Execution Options\mscorsvw.exe\MitigationOptions,4294967296
ST869VRJ,Classes\CLSID\{9BE8D7B2-329C-442A-A4AC-ABA9D7572602}\InProcServer32,REG_SZ,,BUILTIN\Administrators,HKEY_LOCAL_MACHINE\Software\Classes\CLSID\{9BE8D7B2-329C-442A-A4AC-ABA9D7572602}\InProcServer32\,c:\PROGRA~1\mcafee\msc\mcsubmgr\17_4_1~1\mcsubmgr.dll
ST869VRJ,CurrentControlSet\Services\AmdPPM\,REG_EXPAND_SZ,ImagePath,NT AUTHORITY\SYSTEM,HKEY_LOCAL_MACHINE\SYSTEM\CurrentControlSet\Services\AmdPPM\ImagePath,\SystemRoot\System32\drivers\amdppm.sys
ST869VRJ,Wow6432Node\Classes\CLSID\{d9efb25b-80e9-4832-bad8-ab2186bc95b0}\InProcServer32,REG_SZ,,NT AUTHORITY\SYSTEM,HKEY_LOCAL_MACHINE\Software\Wow6432Node\Classes\CLSID\{d9efb25b-80e9-4832-bad8-ab2186bc95b0}\InProcServer32\,C:\Windows\SysWOW64\IME\SHARED\imelm.dll
ST869VRJ,Classes\CLSID\{D01B8F28-0BD1-4652-A415-8229F5EE506C}\InProcServer32,REG_SZ,,NT AUTHORITY\SYSTEM,HKEY_LOCAL_MACHINE\Software\Classes\CLSID\{D01B8F28-0BD1-4652-A415-8229F5EE506C}\InProcServer32\,C:\Windows\System32\wercplsupport.dll
ST869VRJ,Classes\CLSID\{D2548BF2-801A-36AF-8800-1F11FBF54361}\InProcServer32,REG_SZ,,NT AUTHORITY\SYSTEM,HKEY_LOCAL_MACHINE\Software\Classes\CLSID\{D2548BF2-801A-36AF-8800-1F11FBF54361}\InProcServer32\,C:\Windows\System32\mscoree.dll
ST869VRJ,Classes\CLSID\{A8C5E344-038D-46D8-8B41-AED5C5BC9905}\InProcServer32,REG_SZ,,BUILTIN\Administrators,HKEY_LOCAL_MACHINE\Software\Classes\CLSID\{A8C5E344-038D-46D8-8B41-AED5C5BC9905}\InProcServer32\,c:\PROGRA~1\COMMON~1\mcafee\platform\mcdspwrp.dll
ST869VRJ,Classes\CLSID\{25336921-03F9-11CF-8FD0-00AA00686F13}\InProcServer32,REG_SZ,,NT AUTHORITY\SYSTEM,HKEY_LOCAL_MACHINE\Software\Classes\CLSID\{25336921-03F9-11CF-8FD0-00AA00686F13}\InProcServer32\,C:\Windows\System32\mshtml.dll
ST869VRJ,Classes\CLSID\{06290BDA-48AA-11D2-8432-006008C3FBFC}\InProcServer32,REG_SZ,,NT AUTHORITY\SYSTEM,HKEY_LOCAL_MACHINE\Software\Classes\CLSID\{06290BDA-48AA-11D2-8432-006008C3FBFC}\InProcServer32\,C:\Windows\System32\scrobj.dll
ST869VRJ,Classes\CLSID\{8408B448-06CC-47A0-B482-BDAB666AF557}\InProcServer32,REG_EXPAND_SZ,,NT AUTHORITY\SYSTEM,HKEY_LOCAL_MACHINE\Software\Classes\CLSID\{8408B448-06CC-47A0-B482-BDAB666AF557}\InProcServer32\,%SystemRoot%\system32\DeviceSetupStatusProvider.dll
ST869VRJ,CurrentControlSet\Services\WdiServiceHost\Parameters\,REG_EXPAND_SZ,ServiceDll,NT AUTHORITY\SYSTEM,HKEY_LOCAL_MACHINE\SYSTEM\CurrentControlSet\Services\WdiServiceHost\Parameters\ServiceDll,%SystemRoot%\system32\wdi.dll
ST869VRJ,Classes\CLSID\{b855b632-7dfb-4826-a172-3600ebd86948}\InProcServer32,REG_SZ,,NT AUTHORITY\SYSTEM,HKEY_LOCAL_MACHINE\Software\Classes\CLSID\{b855b632-7dfb-4826-a172-3600ebd86948}\InProcServer32\,C:\Windows\System32\IME\IMEJP\imjpdapi.dll
ST869VRJ,Classes\CLSID\{09a28848-0e97-4cef-b950-cea037161155}\InProcServer32,REG_EXPAND_SZ,,NT AUTHORITY\SYSTEM,HKEY_LOCAL_MACHINE\Software\Classes\CLSID\{09a28848-0e97-4cef-b950-cea037161155}\InProcServer32\,%SystemRoot%\system32\shell32.dll
ST869VRJ,Classes\CLSID\{f407d01a-0bcb-4591-9bd6-ea4a71df0799}\InProcServer32,REG_EXPAND_SZ,,NT AUTHORITY\SYSTEM,HKEY_LOCAL_MACHINE\Software\Classes\CLSID\{f407d01a-0bcb-4591-9bd6-ea4a71df0799}\InProcServer32\,%SystemRoot%\system32\IME\IMETC\IMTCCORE.dll
ST869VRJ,Classes\CLSID\{a10dfc9e-ff12-4e7f-bc74-8fe9053920f0}\InProcServer32,REG_EXPAND_SZ,,NT AUTHORITY\SYSTEM,HKEY_LOCAL_MACHINE\Software\Classes\CLSID\{a10dfc9e-ff12-4e7f-bc74-8fe9053920f0}\InProcServer32\,%SystemRoot%\system32\WinSyncProviders.dll
ST869VRJ,Wow6432Node\Microsoft\Windows NT\CurrentVersion\Winlogon\,REG_SZ,Userinit,NT AUTHORITY\SYSTEM,HKEY_LOCAL_MACHINE\Software\Wow6432Node\Microsoft\Windows NT\CurrentVersion\Winlogon\Userinit,userinit.exe
ST869VRJ,Classes\CLSID\{cfbc05bc-1b9e-4693-a49c-4e7181d69e0a}\InProcServer32,REG_EXPAND_SZ,,NT AUTHORITY\SYSTEM,HKEY_LOCAL_MACHINE\Software\Classes\CLSID\{cfbc05bc-1b9e-4693-a49c-4e7181d69e0a}\InProcServer32\,%SystemRoot%\system32\wucltux.dll
ST869VRJ,Classes\CLSID\{4EFE2452-168A-11d1-BC76-00C04FB9453B}\InProcServer32,REG_SZ,,NT AUTHORITY\SYSTEM,HKEY_LOCAL_MACHINE\Software\Classes\CLSID\{4EFE2452-168A-11d1-BC76-00C04FB9453B}\InProcServer32\,C:\Windows\System32\devenum.dll
ST869VRJ,CurrentControlSet\Services\BasicDisplay\,REG_EXPAND_SZ,ImagePath,NT AUTHORITY\SYSTEM,HKEY_LOCAL_MACHINE\SYSTEM\CurrentControlSet\Services\BasicDisplay\ImagePath,\SystemRoot\System32\drivers\BasicDisplay.sys
ST869VRJ,Classes\CLSID\{720D4AC0-7533-11D0-A5D6-28DB04C10000}\InProcServer32,REG_SZ,,NT AUTHORITY\SYSTEM,HKEY_LOCAL_MACHINE\Software\Classes\CLSID\{720D4AC0-7533-11D0-A5D6-28DB04C10000}\InProcServer32\,C:\Windows\System32\vidcap.ax
ST869VRJ,Classes\CLSID\{f414c260-6ac0-11cf-b6d1-00aa00bbbb58}\InProcServer32,REG_SZ,,NT AUTHORITY\SYSTEM,HKEY_LOCAL_MACHINE\Software\Classes\CLSID\{f414c260-6ac0-11cf-b6d1-00aa00bbbb58}\InProcServer32\,C:\Windows\System32\jscript.dll
ST869VRJ,Wow6432Node\Classes\CLSID\{75FC37F9-423B-483F-8A2E-AA2CADA4106F}\InProcServer32,REG_SZ,,NT AUTHORITY\SYSTEM,HKEY_LOCAL_MACHINE\Software\Wow6432Node\Classes\CLSID\{75FC37F9-423B-483F-8A2E-AA2CADA4106F}\InProcServer32\,C:\Windows\SysWOW64\Windows.Security.Credentials.UI.CredentialPicker.dll
ST869VRJ,Classes\CLSID\{EF4D1E1A-1C87-4AA8-8934-E68E4367468D}\InProcServer32,REG_SZ,,NT AUTHORITY\SYSTEM,HKEY_LOCAL_MACHINE\Software\Classes\CLSID\{EF4D1E1A-1C87-4AA8-8934-E68E4367468D}\InProcServer32\,C:\Windows\System32\shdocvw.dll
ST869VRJ,Classes\CLSID\{7849596a-48ea-486e-8937-a2a3009f31a9}\InProcServer32,REG_EXPAND_SZ,,NT AUTHORITY\SYSTEM,HKEY_LOCAL_MACHINE\Software\Classes\CLSID\{7849596a-48ea-486e-8937-a2a3009f31a9}\InProcServer32\,%SystemRoot%\system32\shell32.dll
ST869VRJ,Classes\CLSID\{4C69C54F-9824-38CC-8387-A22DC67E0BAB}\InProcServer32,REG_SZ,,NT AUTHORITY\SYSTEM,HKEY_LOCAL_MACHINE\Software\Classes\CLSID\{4C69C54F-9824-38CC-8387-A22DC67E0BAB}\InProcServer32\,C:\Windows\System32\mscoree.dll
ST869VRJ,Classes\CLSID\{ecabb0c5-7f19-11d2-978e-0000f8757e2a}\InProcServer32,REG_SZ,,NT AUTHORITY\SYSTEM,HKEY_LOCAL_MACHINE\Software\Classes\CLSID\{ecabb0c5-7f19-11d2-978e-0000f8757e2a}\InProcServer32\,C:\Windows\System32\comsvcs.dll
ST869VRJ,Classes\CLSID\{A25A5CCD-80F4-4E02-AADD-7F39CC55E737}\InProcServer32,REG_EXPAND_SZ,,NT AUTHORITY\SYSTEM,HKEY_LOCAL_MACHINE\Software\Classes\CLSID\{A25A5CCD-80F4-4E02-AADD-7F39CC55E737}\InProcServer32\,%SystemRoot%\System32\NaturalLanguage6.dll
ST869VRJ,Classes\CLSID\{7071EC33-663B-4bc1-A1FA-B97F3B917C55}\InProcServer32,REG_EXPAND_SZ,,NT AUTHORITY\SYSTEM,HKEY_LOCAL_MACHINE\Software\Classes\CLSID\{7071EC33-663B-4bc1-A1FA-B97F3B917C55}\InProcServer32\,%SystemRoot%\system32\connect.dll
ST869VRJ,Classes\CLSID\{378E0446-5384-43B7-8877-E7DBDD883446}\InProcServer32,REG_EXPAND_SZ,,NT AUTHORITY\SYSTEM,HKEY_LOCAL_MACHINE\Software\Classes\CLSID\{378E0446-5384-43B7-8877-E7DBDD883446}\InProcServer32\,%SystemRoot%\System32\AppxPackaging.dll
ST869VRJ,Classes\CLSID\{20D04FE0-3AEA-1069-A2D8-08002B30309D}\InProcServer32,REG_EXPAND_SZ,,NT AUTHORITY\SYSTEM,HKEY_LOCAL_MACHINE\Software\Classes\CLSID\{20D04FE0-3AEA-1069-A2D8-08002B30309D}\InProcServer32\,%SystemRoot%\system32\shell32.dll
ST869VRJ,Classes\CLSID\{86d5eb8a-859f-4c7b-a76b-2bd819b7a850}\InProcServer32,REG_EXPAND_SZ,,NT AUTHORITY\SYSTEM,HKEY_LOCAL_MACHINE\Software\Classes\CLSID\{86d5eb8a-859f-4c7b-a76b-2bd819b7a850}\InProcServer32\,%SystemRoot%\System32\shpafact.dll
ST869VRJ,Classes\CLSID\{C6365470-F667-11d1-9067-00C04FD9189D}\InProcServer32,REG_SZ,,NT AUTHORITY\SYSTEM,HKEY_LOCAL_MACHINE\Software\Classes\CLSID\{C6365470-F667-11d1-9067-00C04FD9189D}\InProcServer32\,C:\Windows\System32\Dxtrans.dll
ST869VRJ,Classes\CLSID\{ADE6444B-C91F-4E37-92A4-5BB430A33340}\InProcServer32,REG_EXPAND_SZ,,NT AUTHORITY\SYSTEM,HKEY_LOCAL_MACHINE\Software\Classes\CLSID\{ADE6444B-C91F-4E37-92A4-5BB430A33340}\InProcServer32\,%SystemRoot%\system32\mmcndmgr.dll
ST869VRJ,Classes\CLSID\{75215200-A2FE-30F6-A34B-8F1A1830358E}\InProcServer32,REG_SZ,,NT AUTHORITY\SYSTEM,HKEY_LOCAL_MACHINE\Software\Classes\CLSID\{75215200-A2FE-30F6-A34B-8F1A1830358E}\InProcServer32\,C:\Windows\System32\mscoree.dll
ST869VRJ,Classes\CLSID\{12DA6D0B-021F-4d79-8794-64145F503CA5}\InProcServer32,REG_SZ,,NT AUTHORITY\SYSTEM,HKEY_LOCAL_MACHINE\Software\Classes\CLSID\{12DA6D0B-021F-4d79-8794-64145F503CA5}\InProcServer32\,C:\Windows\System32\eapqec.dll
ST869VRJ,Classes\CLSID\{F2E467DC-4C6D-497c-A629-796B8CBF7275}\InProcServer32,REG_SZ,,BUILTIN\Administrators,HKEY_LOCAL_MACHINE\Software\Classes\CLSID\{F2E467DC-4C6D-497c-A629-796B8CBF7275}\InProcServer32\,c:\PROGRA~1\mcafee\msc\mcregobj\17_4_1~1\mcregobj.dll
ST869VRJ,Classes\CLSID\{c27f6b1d-fe0b-45e4-9257-38799fa69bc8}\InProcServer32,REG_EXPAND_SZ,,NT AUTHORITY\SYSTEM,HKEY_LOCAL_MACHINE\Software\Classes\CLSID\{c27f6b1d-fe0b-45e4-9257-38799fa69bc8}\InProcServer32\,%SystemRoot%\System32\usbceip.dll
ST869VRJ,Classes\CLSID\{49eb6558-c09c-46dc-8668-1f848c290d0b}\InProcServer32,REG_EXPAND_SZ,,NT AUTHORITY\SYSTEM,HKEY_LOCAL_MACHINE\Software\Classes\CLSID\{49eb6558-c09c-46dc-8668-1f848c290d0b}\InProcServer32\,%SystemRoot%\system32\shell32.dll
ST869VRJ,Classes\CLSID\{323826AD-B586-45b8-8E04-8736CBE1D670}\InProcServer32,REG_SZ,,BUILTIN\Administrators,HKEY_LOCAL_MACHINE\Software\Classes\CLSID\{323826AD-B586-45b8-8E04-8736CBE1D670}\InProcServer32\,c:\PROGRA~1\mcafee\mps\mpsevh.dll
ST869VRJ,Classes\CLSID\{5C659258-E236-11D2-8899-00104B2AFB46}\InProcServer32,REG_EXPAND_SZ,,NT AUTHORITY\SYSTEM,HKEY_LOCAL_MACHINE\Software\Classes\CLSID\{5C659258-E236-11D2-8899-00104B2AFB46}\InProcServer32\,%SystemRoot%\system32\wbem\wbemcntl.dll
ST869VRJ,Classes\CLSID\{777F668E-3272-39CD-A8B5-860935A35181}\InProcServer32,REG_SZ,,NT AUTHORITY\SYSTEM,HKEY_LOCAL_MACHINE\Software\Classes\CLSID\{777F668E-3272-39CD-A8B5-860935A35181}\InProcServer32\,C:\Windows\System32\mscoree.dll
ST869VRJ,Classes\CLSID\{52BE2F87-1638-408A-9A98-74239B0B7DB5}\InProcServer32,REG_EXPAND_SZ,,NT AUTHORITY\SYSTEM,HKEY_LOCAL_MACHINE\Software\Classes\CLSID\{52BE2F87-1638-408A-9A98-74239B0B7DB5}\InProcServer32\,%SystemRoot%\System32\NaturalLanguage6.dll
ST869VRJ,Classes\CLSID\{E436EBB6-524F-11CE-9F53-0020AF0BA770}\InProcServer32,REG_SZ,,NT AUTHORITY\SYSTEM,HKEY_LOCAL_MACHINE\Software\Classes\CLSID\{E436EBB6-524F-11CE-9F53-0020AF0BA770}\InProcServer32\,C:\Windows\System32\quartz.dll
ST869VRJ,CurrentControlSet\Services\SSDPSRV\Parameters\,REG_EXPAND_SZ,ServiceDll,NT AUTHORITY\SYSTEM,HKEY_LOCAL_MACHINE\SYSTEM\CurrentControlSet\Services\SSDPSRV\Parameters\ServiceDll,%SystemRoot%\System32\ssdpsrv.dll
ST869VRJ,Classes\CLSID\{9AED384E-CE8B-11D1-8B05-00600806D9B6}\InProcServer32,REG_EXPAND_SZ,,NT AUTHORITY\SYSTEM,HKEY_LOCAL_MACHINE\Software\Classes\CLSID\{9AED384E-CE8B-11D1-8B05-00600806D9B6}\InProcServer32\,%SystemRoot%\system32\wbem\wbemdisp.dll
ST869VRJ,Classes\CLSID\{72C984BA-0666-4D3F-A0DE-96BF43838E6E}\InProcServer32,REG_SZ,,NT AUTHORITY\SYSTEM,HKEY_LOCAL_MACHINE\Software\Classes\CLSID\{72C984BA-0666-4D3F-A0DE-96BF43838E6E}\InProcServer32\,C:\Windows\System32\VaultRoaming.dll
ST869VRJ,Classes\CLSID\{6C752774-29FB-4e50-8BB1-97098425A77C}\InProcServer32,REG_EXPAND_SZ,,NT AUTHORITY\SYSTEM,HKEY_LOCAL_MACHINE\Software\Classes\CLSID\{6C752774-29FB-4e50-8BB1-97098425A77C}\InProcServer32\,%SystemRoot%\System32\DeviceMetadataRetrievalClient.dll
ST869VRJ,Classes\CLSID\{5f96067d-e1d5-4e36-b4d6-afa822fe3df3}\InProcServer32,REG_SZ,,NT AUTHORITY\SYSTEM,HKEY_LOCAL_MACHINE\Software\Classes\CLSID\{5f96067d-e1d5-4e36-b4d6-afa822fe3df3}\InProcServer32\,C:\Windows\System32\TieringEngineProxy.dll
ST869VRJ,Classes\CLSID\{F5078F3F-C551-11D3-89B9-0000F81FE221}\InProcServer32,REG_EXPAND_SZ,,NT AUTHORITY\SYSTEM,HKEY_LOCAL_MACHINE\Software\Classes\CLSID\{F5078F3F-C551-11D3-89B9-0000F81FE221}\InProcServer32\,%SystemRoot%\System32\msxml3.dll
ST869VRJ,CurrentControlSet\Services\vmicvss\Parameters\,REG_EXPAND_SZ,ServiceDll,NT AUTHORITY\SYSTEM,HKEY_LOCAL_MACHINE\SYSTEM\CurrentControlSet\Services\vmicvss\Parameters\ServiceDll,%SystemRoot%\System32\ICSvc.dll
ST869VRJ,Classes\CLSID\{266C72E6-62E8-11D1-AD89-00C04FD8FDFF}\InProcServer32,REG_EXPAND_SZ,,NT AUTHORITY\SYSTEM,HKEY_LOCAL_MACHINE\Software\Classes\CLSID\{266C72E6-62E8-11D1-AD89-00C04FD8FDFF}\InProcServer32\,%SystemRoot%\system32\wbem\wbemcons.dll
ST869VRJ,Microsoft\Windows NT\CurrentVersion\Image File Execution Options\DllNXOptions\,REG_DWORD,Cleanup.dll,NT AUTHORITY\SYSTEM,HKEY_LOCAL_MACHINE\Software\Microsoft\Windows NT\CurrentVersion\Image File Execution Options\DllNXOptions\Cleanup.dll,1
ST869VRJ,Classes\CLSID\{E49741E9-93A8-4AB1-8E96-BF4482282E9C}\InProcServer32,REG_EXPAND_SZ,,NT AUTHORITY\SYSTEM,HKEY_LOCAL_MACHINE\Software\Classes\CLSID\{E49741E9-93A8-4AB1-8E96-BF4482282E9C}\InProcServer32\,%SystemRoot%\System32\sysmon.ocx
ST869VRJ,Classes\CLSID\{926749fa-2615-4987-8845-c33e65f2b957}\InProcServer32,REG_EXPAND_SZ,,NT AUTHORITY\SYSTEM,HKEY_LOCAL_MACHINE\Software\Classes\CLSID\{926749fa-2615-4987-8845-c33e65f2b957}\InProcServer32\,%SystemRoot%\system32\UIRibbon.dll
ST869VRJ,Classes\CLSID\{B54F3743-5B07-11cf-A4B0-00AA004A55E8}\InProcServer32,REG_SZ,,NT AUTHORITY\SYSTEM,HKEY_LOCAL_MACHINE\Software\Classes\CLSID\{B54F3743-5B07-11cf-A4B0-00AA004A55E8}\InProcServer32\,C:\Windows\System32\vbscript.dll
ST869VRJ,Classes\CLSID\{A0A8C450-92FC-422a-AA04-0A19E8D65AC7}\InProcServer32,REG_EXPAND_SZ,,NT AUTHORITY\SYSTEM,HKEY_LOCAL_MACHINE\Software\Classes\CLSID\{A0A8C450-92FC-422a-AA04-0A19E8D65AC7}\InProcServer32\,%SystemRoot%\system32\shell32.dll
ST869VRJ,Classes\CLSID\{469afbdf-084f-4dc9-904f-9e824c48bc37}\InProcServer32,REG_EXPAND_SZ,,NT AUTHORITY\SYSTEM,HKEY_LOCAL_MACHINE\Software\Classes\CLSID\{469afbdf-084f-4dc9-904f-9e824c48bc37}\InProcServer32\,%SystemRoot%\system32\shell32.dll
ST869VRJ,Classes\CLSID\{ff48dba4-60ef-4201-aa87-54103eef594e}\InProcServer32,REG_SZ,,NT AUTHORITY\SYSTEM,HKEY_LOCAL_MACHINE\Software\Classes\CLSID\{ff48dba4-60ef-4201-aa87-54103eef594e}\InProcServer32\,C:\Windows\System32\uiautomationcore.dll
ST869VRJ,Classes\CLSID\{CC20C6DF-A054-3F09-A5F5-A3B5A25F4CE6}\InProcServer32,REG_SZ,,NT AUTHORITY\SYSTEM,HKEY_LOCAL_MACHINE\Software\Classes\CLSID\{CC20C6DF-A054-3F09-A5F5-A3B5A25F4CE6}\InProcServer32\,C:\Windows\System32\mscoree.dll
ST869VRJ,Classes\CLSID\{4FF2FE0E-E74A-4B71-98C4-AB7DC16707BA}\InProcServer32,REG_EXPAND_SZ,,NT AUTHORITY\SYSTEM,HKEY_LOCAL_MACHINE\Software\Classes\CLSID\{4FF2FE0E-E74A-4B71-98C4-AB7DC16707BA}\InProcServer32\,%SystemRoot%\system32\windowscodecs.dll
ST869VRJ,Classes\CLSID\{9209B7D1-6DA5-43E4-BCD1-F2BE497635E7}\InProcServer32,REG_EXPAND_SZ,,NT AUTHORITY\SYSTEM,HKEY_LOCAL_MACHINE\Software\Classes\CLSID\{9209B7D1-6DA5-43E4-BCD1-F2BE497635E7}\InProcServer32\,%SystemRoot%\system32\rdpendp.dll
ST869VRJ,Classes\CLSID\{58bf5ff7-38ff-46db-b7f3-dddee3f087cc}\InProcServer32,REG_SZ,,BUILTIN\Administrators,HKEY_LOCAL_MACHINE\Software\Classes\CLSID\{58bf5ff7-38ff-46db-b7f3-dddee3f087cc}\InProcServer32\,C:\Program Files\Common Files\McAfee\CSP\2.9.175.0\McCSPClientAPI.dll
ST869VRJ,Classes\CLSID\{A7248EC6-A8A5-3D07-890E-6107F8C247E5}\InProcServer32,REG_SZ,,NT AUTHORITY\SYSTEM,HKEY_LOCAL_MACHINE\Software\Classes\CLSID\{A7248EC6-A8A5-3D07-890E-6107F8C247E5}\InProcServer32\,C:\Windows\System32\mscoree.dll
ST869VRJ,Classes\CLSID\{F7EB5CF5-DBFB-4AC1-BA2E-E2CBE985D804}\InProcServer32,REG_EXPAND_SZ,,NT AUTHORITY\SYSTEM,HKEY_LOCAL_MACHINE\Software\Classes\CLSID\{F7EB5CF5-DBFB-4AC1-BA2E-E2CBE985D804}\InProcServer32\,%SystemRoot%\System32\twinui.dll
ST869VRJ,Classes\CLSID\{AE1E00AA-3FD5-403C-8A27-2BBDC30CD0E1}\InProcServer32,REG_EXPAND_SZ,,NT AUTHORITY\SYSTEM,HKEY_LOCAL_MACHINE\Software\Classes\CLSID\{AE1E00AA-3FD5-403C-8A27-2BBDC30CD0E1}\InProcServer32\,%SystemRoot%\system32\hnetcfg.dll
ST869VRJ,Wow6432Node\Classes\CLSID\{2C941FC5-975B-59BE-A960-9A2A262853A5}\InProcServer32,REG_SZ,,NT AUTHORITY\SYSTEM,HKEY_LOCAL_MACHINE\Software\Wow6432Node\Classes\CLSID\{2C941FC5-975B-59BE-A960-9A2A262853A5}\InProcServer32\,C:\Windows\SysWOW64\imapi2fs.dll
ST869VRJ,Classes\CLSID\{8373ce97-72b7-4fb2-b5e8-b38aa083d734}\InProcServer32,REG_EXPAND_SZ,,NT AUTHORITY\SYSTEM,HKEY_LOCAL_MACHINE\Software\Classes\CLSID\{8373ce97-72b7-4fb2-b5e8-b38aa083d734}\InProcServer32\,%SystemRoot%\system32\WinSyncProviders.dll
ST869VRJ,CurrentControlSet\Services\gencounter\,REG_EXPAND_SZ,ImagePath,NT AUTHORITY\SYSTEM,HKEY_LOCAL_MACHINE\SYSTEM\CurrentControlSet\Services\gencounter\ImagePath,\SystemRoot\System32\drivers\vmgencounter.sys
ST869VRJ,Classes\CLSID\{00021401-0000-0000-C000-000000000046}\InProcServer32,REG_SZ,,NT AUTHORITY\SYSTEM,HKEY_LOCAL_MACHINE\Software\Classes\CLSID\{00021401-0000-0000-C000-000000000046}\InProcServer32\,C:\Windows\System32\shell32.dll
ST869VRJ,Classes\CLSID\{ecabafc2-7f19-11d2-978e-0000f8757e2a}\InProcServer32,REG_SZ,,NT AUTHORITY\SYSTEM,HKEY_LOCAL_MACHINE\Software\Classes\CLSID\{ecabafc2-7f19-11d2-978e-0000f8757e2a}\InProcServer32\,C:\Windows\System32\comsvcs.dll
ST869VRJ,Wow6432Node\Classes\CLSID\{BFD468D2-D0A0-4bdc-878C-E69C2F5B435D}\InProcServer32,REG_SZ,,NT AUTHORITY\SYSTEM,HKEY_LOCAL_MACHINE\Software\Wow6432Node\Classes\CLSID\{BFD468D2-D0A0-4bdc-878C-E69C2F5B435D}\InProcServer32\,C:\Windows\SysWOW64\inetcomm.dll
ST869VRJ,Classes\CLSID\{a893aa73-054f-4dbc-9e53-f4ee5fe07fd3}\InProcServer32,REG_EXPAND_SZ,,NT AUTHORITY\SYSTEM,HKEY_LOCAL_MACHINE\Software\Classes\CLSID\{a893aa73-054f-4dbc-9e53-f4ee5fe07fd3}\InProcServer32\,%SystemRoot%\system32\shell32.dll
ST869VRJ,CurrentControlSet\Services\MMCSS\Parameters\,REG_EXPAND_SZ,ServiceDll,NT AUTHORITY\SYSTEM,HKEY_LOCAL_MACHINE\SYSTEM\CurrentControlSet\Services\MMCSS\Parameters\ServiceDll,%SystemRoot%\system32\mmcss.dll
ST869VRJ,Classes\CLSID\{629DEAAC-2F4F-4C37-95F0-16FC6EDD0C0E}\InProcServer32,REG_SZ,,BUILTIN\Administrators,HKEY_LOCAL_MACHINE\Software\Classes\CLSID\{629DEAAC-2F4F-4C37-95F0-16FC6EDD0C0E}\InProcServer32\,c:\PROGRA~1\mcafee\mqs\QCPROG~1.DLL
ST869VRJ,Classes\CLSID\{958a6fb5-dcb2-4faf-aafd-7fb054ad1a3b}\InProcServer32,REG_SZ,,NT AUTHORITY\SYSTEM,HKEY_LOCAL_MACHINE\Software\Classes\CLSID\{958a6fb5-dcb2-4faf-aafd-7fb054ad1a3b}\InProcServer32\,C:\Windows\System32\twinapi.dll
ST869VRJ,Classes\CLSID\{F618C514-DFB8-11D1-A2CF-00805FC79235}\InProcServer32,REG_SZ,,NT AUTHORITY\SYSTEM,HKEY_LOCAL_MACHINE\Software\Classes\CLSID\{F618C514-DFB8-11D1-A2CF-00805FC79235}\InProcServer32\,C:\Windows\System32\Com\comadmin.dll
ST869VRJ,Classes\CLSID\{af13dff0-e40f-4e6b-b4cd-009b81be6f6d}\InProcServer32,REG_SZ,,NT AUTHORITY\SYSTEM,HKEY_LOCAL_MACHINE\Software\Classes\CLSID\{af13dff0-e40f-4e6b-b4cd-009b81be6f6d}\InProcServer32\,C:\Windows\System32\IME\IMEJP\imjppred.dll
ST869VRJ,Classes\CLSID\{427BC7E3-F833-4584-8745-CFAB9D7A5761}\InProcServer32,REG_EXPAND_SZ,,NT AUTHORITY\SYSTEM,HKEY_LOCAL_MACHINE\Software\Classes\CLSID\{427BC7E3-F833-4584-8745-CFAB9D7A5761}\InProcServer32\,%SystemRoot%\system32\shell32.dll
ST869VRJ,Classes\CLSID\{607fd4e8-0a03-11d1-ab1d-00c04fc9b304}\InProcServer32,REG_SZ,,NT AUTHORITY\SYSTEM,HKEY_LOCAL_MACHINE\Software\Classes\CLSID\{607fd4e8-0a03-11d1-ab1d-00c04fc9b304}\InProcServer32\,C:\Windows\System32\mshtml.dll
ST869VRJ,Classes\CLSID\{3C4512DC-AEFA-4a1e-95CF-EDF896092447}\InProcServer32,REG_EXPAND_SZ,,NT AUTHORITY\SYSTEM,HKEY_LOCAL_MACHINE\Software\Classes\CLSID\{3C4512DC-AEFA-4a1e-95CF-EDF896092447}\InProcServer32\,%SystemRoot%\system32\shell32.dll
ST869VRJ,Microsoft\Windows NT\CurrentVersion\Image File Execution Options\DllNXOptions\,REG_DWORD,ASSTE.dll,NT AUTHORITY\SYSTEM,HKEY_LOCAL_MACHINE\Software\Microsoft\Windows NT\CurrentVersion\Image File Execution Options\DllNXOptions\ASSTE.dll,1
ST869VRJ,Classes\CLSID\{52F15C89-5A17-48e1-BBCD-46A3F89C7CC2}\InProcServer32,REG_EXPAND_SZ,,NT AUTHORITY\SYSTEM,HKEY_LOCAL_MACHINE\Software\Classes\CLSID\{52F15C89-5A17-48e1-BBCD-46A3F89C7CC2}\InProcServer32\,%SystemRoot%\System32\StructuredQuery.dll
ST869VRJ,Classes\CLSID\{264FFAF3-9A9C-42B7-AEDB-34896CDBC7C1}\InProcServer32,REG_EXPAND_SZ,,NT AUTHORITY\SYSTEM,HKEY_LOCAL_MACHINE\Software\Classes\CLSID\{264FFAF3-9A9C-42B7-AEDB-34896CDBC7C1}\InProcServer32\,%SystemRoot%\system32\twinui.dll
ST869VRJ,Classes\CLSID\{4599202D-460F-3FB7-8A1C-C2CC6ED6C7C8}\InProcServer32,REG_SZ,,NT AUTHORITY\SYSTEM,HKEY_LOCAL_MACHINE\Software\Classes\CLSID\{4599202D-460F-3FB7-8A1C-C2CC6ED6C7C8}\InProcServer32\,C:\Windows\System32\mscoree.dll
ST869VRJ,Classes\CLSID\{B2B6867C-4AC5-4AC3-9195-B81056278BFB}\InProcServer32,REG_SZ,,NT AUTHORITY\SYSTEM,HKEY_LOCAL_MACHINE\Software\Classes\CLSID\{B2B6867C-4AC5-4AC3-9195-B81056278BFB}\InProcServer32\,C:\Windows\System32\scwengb.dll
ST869VRJ,Classes\CLSID\{45FB4600-E6E8-4928-B25E-50476FF79425}\InProcServer32,REG_SZ,,NT AUTHORITY\SYSTEM,HKEY_LOCAL_MACHINE\Software\Classes\CLSID\{45FB4600-E6E8-4928-B25E-50476FF79425}\InProcServer32\,C:\Windows\System32\mscoree.dll
ST869VRJ,Classes\CLSID\{30562646-f7b5-4a62-8ced-6f30a70587c5}\InProcServer32,REG_SZ,,NT AUTHORITY\SYSTEM,HKEY_LOCAL_MACHINE\Software\Classes\CLSID\{30562646-f7b5-4a62-8ced-6f30a70587c5}\InProcServer32\,C:\Windows\System32\IME\SHARED\imefiles.dll
ST869VRJ,Classes\CLSID\{0CF774D1-F077-11D1-B1BC-00C04F86C324}\InProcServer32,REG_SZ,,NT AUTHORITY\SYSTEM,HKEY_LOCAL_MACHINE\Software\Classes\CLSID\{0CF774D1-F077-11D1-B1BC-00C04F86C324}\InProcServer32\,C:\Windows\System32\scrrun.dll
ST869VRJ,Classes\CLSID\{49C407EF-78B9-4C82-A40B-2FE02F8E771D}\InProcServer32,REG_EXPAND_SZ,,NT AUTHORITY\SYSTEM,HKEY_LOCAL_MACHINE\Software\Classes\CLSID\{49C407EF-78B9-4C82-A40B-2FE02F8E771D}\InProcServer32\,%SystemRoot%\system32\themeui.dll
ST869VRJ,Classes\CLSID\{9A3A64F4-8BA5-3DCF-880C-8D3EE06C5538}\InProcServer32,REG_SZ,,NT AUTHORITY\SYSTEM,HKEY_LOCAL_MACHINE\Software\Classes\CLSID\{9A3A64F4-8BA5-3DCF-880C-8D3EE06C5538}\InProcServer32\,C:\Windows\System32\mscoree.dll
ST869VRJ,Microsoft\Windows NT\CurrentVersion\Image File Execution Options\dllhost.exe\,REG_DWORD,DisableExceptionChainValidation,NT AUTHORITY\SYSTEM,HKEY_LOCAL_MACHINE\Software\Microsoft\Windows NT\CurrentVersion\Image File Execution Options\dllhost.exe\DisableExceptionChainValidation,3
ST869VRJ,Classes\CLSID\{F5078F27-C551-11D3-89B9-0000F81FE221}\InProcServer32,REG_EXPAND_SZ,,NT AUTHORITY\SYSTEM,HKEY_LOCAL_MACHINE\Software\Classes\CLSID\{F5078F27-C551-11D3-89B9-0000F81FE221}\InProcServer32\,%SystemRoot%\System32\msxml3.dll
ST869VRJ,Classes\CLSID\{7BC115CD-1EE2-3068-894D-E3D3F7632F40}\InProcServer32,REG_SZ,,NT AUTHORITY\SYSTEM,HKEY_LOCAL_MACHINE\Software\Classes\CLSID\{7BC115CD-1EE2-3068-894D-E3D3F7632F40}\InProcServer32\,C:\Windows\System32\mscoree.dll
ST869VRJ,Classes\CLSID\{F2C4CDB0-2714-42AD-A948-2ED958A322E3}\InProcServer32,REG_SZ,,NT AUTHORITY\SYSTEM,HKEY_LOCAL_MACHINE\Software\Classes\CLSID\{F2C4CDB0-2714-42AD-A948-2ED958A322E3}\InProcServer32\,C:\Windows\System32\tsworkspace.dll
ST869VRJ,Classes\CLSID\{E0FA581D-2188-11D2-A739-00C04FA377A1}\InProcServer32,REG_EXPAND_SZ,,NT AUTHORITY\SYSTEM,HKEY_LOCAL_MACHINE\Software\Classes\CLSID\{E0FA581D-2188-11D2-A739-00C04FA377A1}\InProcServer32\,%SystemRoot%\system32\activeds.dll
ST869VRJ,Classes\CLSID\{4be5c3b3-53a2-4f2f-af9d-d26a5327eb92}\InProcServer32,REG_SZ,,NT AUTHORITY\SYSTEM,HKEY_LOCAL_MACHINE\Software\Classes\CLSID\{4be5c3b3-53a2-4f2f-af9d-d26a5327eb92}\InProcServer32\,C:\Windows\System32\IME\IMEKR\APPLETS\imkrskf.dll
ST869VRJ,Wow6432Node\Classes\CLSID\{241D7C96-F8BF-4F85-B01F-E2B043341A4B}\InProcServer32,REG_SZ,,NT AUTHORITY\SYSTEM,HKEY_LOCAL_MACHINE\Software\Wow6432Node\Classes\CLSID\{241D7C96-F8BF-4F85-B01F-E2B043341A4B}\InProcServer32\,C:\Windows\SysWOW64\shdocvw.dll
ST869VRJ,Classes\CLSID\{CDA42200-BD88-11D0-BD4E-00A0C911CE86}\InProcServer32,REG_SZ,,NT AUTHORITY\SYSTEM,HKEY_LOCAL_MACHINE\Software\Classes\CLSID\{CDA42200-BD88-11D0-BD4E-00A0C911CE86}\InProcServer32\,C:\Windows\System32\quartz.dll
ST869VRJ,Classes\CLSID\{0f87369f-a4e5-4cfc-bd3e-73e6154572dd}\InProcServer32,REG_SZ,,NT AUTHORITY\SYSTEM,HKEY_LOCAL_MACHINE\Software\Classes\CLSID\{0f87369f-a4e5-4cfc-bd3e-73e6154572dd}\InProcServer32\,C:\Windows\System32\taskschd.dll
ST869VRJ,Classes\CLSID\{C41FF872-07B1-4926-819B-8C94E6B1FBB9}\InProcServer32,REG_EXPAND_SZ,,NT AUTHORITY\SYSTEM,HKEY_LOCAL_MACHINE\Software\Classes\CLSID\{C41FF872-07B1-4926-819B-8C94E6B1FBB9}\InProcServer32\,%SystemRoot%\system32\tscfgwmi.dll
ST869VRJ,Classes\CLSID\{06A03425-C9EB-11d2-8CAA-0080C739E3E0}\InProcServer32,REG_EXPAND_SZ,,NT AUTHORITY\SYSTEM,HKEY_LOCAL_MACHINE\Software\Classes\CLSID\{06A03425-C9EB-11d2-8CAA-0080C739E3E0}\InProcServer32\,%SystemRoot%\system32\mmcshext.dll
ST869VRJ,Classes\CLSID\{0A9AE910-85C0-11D0-BD42-00A0C911CE86}\InProcServer32,REG_SZ,,NT AUTHORITY\SYSTEM,HKEY_LOCAL_MACHINE\Software\Classes\CLSID\{0A9AE910-85C0-11D0-BD42-00A0C911CE86}\InProcServer32\,C:\Windows\System32\qcap.dll
ST869VRJ,Classes\CLSID\{7cd3c903-d2e9-4a4d-8af3-3025445b24bf}\InProcServer32,REG_EXPAND_SZ,,NT AUTHORITY\SYSTEM,HKEY_LOCAL_MACHINE\Software\Classes\CLSID\{7cd3c903-d2e9-4a4d-8af3-3025445b24bf}\InProcServer32\,%SystemRoot%\system32\shell32.dll
ST869VRJ,Classes\CLSID\{6BC096E2-0CE6-11D1-BAAE-00C04FC2E20D}\InProcServer32,REG_EXPAND_SZ,,NT AUTHORITY\SYSTEM,HKEY_LOCAL_MACHINE\Software\Classes\CLSID\{6BC096E2-0CE6-11D1-BAAE-00C04FC2E20D}\InProcServer32\,%SystemRoot%\system32\iasnap.dll
ST869VRJ,Classes\CLSID\{C03E8524-781E-49a1-8190-CE902D0B2CE7}\InProcServer32,REG_EXPAND_SZ,,NT AUTHORITY\SYSTEM,HKEY_LOCAL_MACHINE\Software\Classes\CLSID\{C03E8524-781E-49a1-8190-CE902D0B2CE7}\InProcServer32\,%SystemRoot%\system32\rasgcw.dll
ST869VRJ,Classes\CLSID\{CCEC11F2-00C4-4266-9932-B9E49442711E}\InProcServer32,REG_EXPAND_SZ,,NT AUTHORITY\SYSTEM,HKEY_LOCAL_MACHINE\Software\Classes\CLSID\{CCEC11F2-00C4-4266-9932-B9E49442711E}\InProcServer32\,%SystemRoot%\system32\shell32.dll
ST869VRJ,Classes\CLSID\{ecabb0c0-7f19-11d2-978e-0000f8757e2a}\InProcServer32,REG_SZ,,NT AUTHORITY\SYSTEM,HKEY_LOCAL_MACHINE\Software\Classes\CLSID\{ecabb0c0-7f19-11d2-978e-0000f8757e2a}\InProcServer32\,C:\Windows\System32\comsvcs.dll
ST869VRJ,Classes\CLSID\{69B37063-2BB6-43b5-A109-60E69A77840F}\InProcServer32,REG_SZ,,NT AUTHORITY\SYSTEM,HKEY_LOCAL_MACHINE\Software\Classes\CLSID\{69B37063-2BB6-43b5-A109-60E69A77840F}\InProcServer32\,C:\Windows\System32\WcsPlugInService.dll
ST869VRJ,Classes\CLSID\{09C20568-F30C-489B-AE9C-4930AD7F165F}\InProcServer32,REG_EXPAND_SZ,,NT AUTHORITY\SYSTEM,HKEY_LOCAL_MACHINE\Software\Classes\CLSID\{09C20568-F30C-489B-AE9C-4930AD7F165F}\InProcServer32\,%SystemRoot%\system32\QShvHost.dll
ST869VRJ,Classes\CLSID\{1C97EF1D-74ED-3D21-84A4-8631D959634A}\InProcServer32,REG_SZ,,NT AUTHORITY\SYSTEM,HKEY_LOCAL_MACHINE\Software\Classes\CLSID\{1C97EF1D-74ED-3D21-84A4-8631D959634A}\InProcServer32\,C:\Windows\System32\mscoree.dll
ST869VRJ,Classes\CLSID\{6935DB93-21E8-4ccc-BEB9-9FE3C77A297A}\InProcServer32,REG_EXPAND_SZ,,NT AUTHORITY\SYSTEM,HKEY_LOCAL_MACHINE\Software\Classes\CLSID\{6935DB93-21E8-4ccc-BEB9-9FE3C77A297A}\InProcServer32\,%SystemRoot%\system32\shell32.dll
ST869VRJ,Classes\CLSID\{34c10250-4e26-4950-924d-c2d3651ca94f}\InProcServer32,REG_SZ,,NT AUTHORITY\SYSTEM,HKEY_LOCAL_MACHINE\Software\Classes\CLSID\{34c10250-4e26-4950-924d-c2d3651ca94f}\InProcServer32\,C:\Windows\System32\Windows.Networking.Sockets.PushEnabledApplication.dll
ST869VRJ,Classes\CLSID\{AAC05D4F-D3FC-4d85-B706-55ECE9CE6DCA}\InProcServer32,REG_SZ,,BUILTIN\Administrators,HKEY_LOCAL_MACHINE\Software\Classes\CLSID\{AAC05D4F-D3FC-4d85-B706-55ECE9CE6DCA}\InProcServer32\,c:\PROGRA~1\mcafee\mpf\mpfapi.dll
ST869VRJ,Classes\CLSID\{4ED3A719-CEA8-4BD9-910D-E252F997AFC2}\InProcServer32,REG_EXPAND_SZ,,NT AUTHORITY\SYSTEM,HKEY_LOCAL_MACHINE\Software\Classes\CLSID\{4ED3A719-CEA8-4BD9-910D-E252F997AFC2}\InProcServer32\,%SystemRoot%\system32\twinui.dll
ST869VRJ,Classes\CLSID\{ecabafb3-7f19-11d2-978e-0000f8757e2a}\InProcServer32,REG_SZ,,NT AUTHORITY\SYSTEM,HKEY_LOCAL_MACHINE\Software\Classes\CLSID\{ecabafb3-7f19-11d2-978e-0000f8757e2a}\InProcServer32\,C:\Windows\System32\comsvcs.dll
ST869VRJ,Classes\CLSID\{31b11d80-9ed7-44f7-b1cd-c95992a738b9}\InProcServer32,REG_EXPAND_SZ,,NT AUTHORITY\SYSTEM,HKEY_LOCAL_MACHINE\Software\Classes\CLSID\{31b11d80-9ed7-44f7-b1cd-c95992a738b9}\InProcServer32\,%SystemRoot%\system32\shell32.dll
ST869VRJ,Classes\CLSID\{90AA3A4E-1CBA-4233-B8BB-535773D48449}\InProcServer32,REG_EXPAND_SZ,,NT AUTHORITY\SYSTEM,HKEY_LOCAL_MACHINE\Software\Classes\CLSID\{90AA3A4E-1CBA-4233-B8BB-535773D48449}\InProcServer32\,%SystemRoot%\system32\shell32.dll
ST869VRJ,Classes\CLSID\{9271B890-7BBF-48DB-ACB3-F973DC34156D}\InProcServer32,REG_EXPAND_SZ,,NT AUTHORITY\SYSTEM,HKEY_LOCAL_MACHINE\Software\Classes\CLSID\{9271B890-7BBF-48DB-ACB3-F973DC34156D}\InProcServer32\,%SystemRoot%\System32\rasdlg.dll
ST869VRJ,Wow6432Node\Classes\CLSID\{ccb1d8cb-d39f-41c9-b793-0196214bdc4e}\InProcServer32,REG_SZ,,NT AUTHORITY\SYSTEM,HKEY_LOCAL_MACHINE\Software\Wow6432Node\Classes\CLSID\{ccb1d8cb-d39f-41c9-b793-0196214bdc4e}\InProcServer32\,C:\Windows\SysWOW64\IME\shared\imecfm.dll
ST869VRJ,Classes\CLSID\{862321c3-70b2-4ee2-8231-87ec05819d98}\InProcServer32,REG_EXPAND_SZ,,NT AUTHORITY\SYSTEM,HKEY_LOCAL_MACHINE\Software\Classes\CLSID\{862321c3-70b2-4ee2-8231-87ec05819d98}\InProcServer32\,%SystemRoot%\system32\netcorehc.dll
ST869VRJ,Classes\CLSID\{44C76ECD-F7FA-411c-9929-1B77BA77F524}\InProcServer32,REG_SZ,,NT AUTHORITY\SYSTEM,HKEY_LOCAL_MACHINE\Software\Classes\CLSID\{44C76ECD-F7FA-411c-9929-1B77BA77F524}\InProcServer32\,C:\Windows\System32\ieframe.dll
ST869VRJ,Classes\CLSID\{BA126AE1-2166-11D1-B1D0-00805FC1270E}\InProcServer32,REG_EXPAND_SZ,,NT AUTHORITY\SYSTEM,HKEY_LOCAL_MACHINE\Software\Classes\CLSID\{BA126AE1-2166-11D1-B1D0-00805FC1270E}\InProcServer32\,%SystemRoot%\System32\hnetcfg.dll
ST869VRJ,Classes\CLSID\{17fb3711-de14-477f-8b81-32a9c11a6938}\InProcServer32,REG_SZ,,NT AUTHORITY\SYSTEM,HKEY_LOCAL_MACHINE\Software\Classes\CLSID\{17fb3711-de14-477f-8b81-32a9c11a6938}\InProcServer32\,C:\Windows\System32\IME\shared\imjkapi.dll
ST869VRJ,Classes\CLSID\{53510d24-57eb-4713-9afb-e6e60530b87e}\InProcServer32,REG_SZ,,NT AUTHORITY\SYSTEM,HKEY_LOCAL_MACHINE\Software\Classes\CLSID\{53510d24-57eb-4713-9afb-e6e60530b87e}\InProcServer32\,C:\Windows\System32\ieframe.dll
ST869VRJ,Classes\CLSID\{0BD7E521-4DA6-42D5-81BA-1981B6B94075}\InProcServer32,REG_SZ,,NT AUTHORITY\SYSTEM,HKEY_LOCAL_MACHINE\Software\Classes\CLSID\{0BD7E521-4DA6-42D5-81BA-1981B6B94075}\InProcServer32\,C:\Windows\System32\PNPXAssocPrx.dll
ST869VRJ,Classes\CLSID\{8E974B5A-A286-37DA-94F8-5872C500EB0E}\InProcServer32,REG_SZ,,NT AUTHORITY\SYSTEM,HKEY_LOCAL_MACHINE\Software\Classes\CLSID\{8E974B5A-A286-37DA-94F8-5872C500EB0E}\InProcServer32\,C:\Windows\System32\mscoree.dll
ST869VRJ,Classes\CLSID\{35cc8486-4fb1-11d3-a5da-00c04f88249b}\InProcServer32,REG_SZ,,NT AUTHORITY\SYSTEM,HKEY_LOCAL_MACHINE\Software\Classes\CLSID\{35cc8486-4fb1-11d3-a5da-00c04f88249b}\InProcServer32\,C:\Windows\System32\IME\IMEKR\APPLETS\imkrcac.dll
ST869VRJ,Classes\CLSID\{79EAC9F1-BAF9-11CE-8C82-00AA004BA90B}\InProcServer32,REG_SZ,,NT AUTHORITY\SYSTEM,HKEY_LOCAL_MACHINE\Software\Classes\CLSID\{79EAC9F1-BAF9-11CE-8C82-00AA004BA90B}\InProcServer32\,C:\Windows\System32\urlmon.dll
ST869VRJ,Classes\CLSID\{06290BD5-48AA-11D2-8432-006008C3FBFC}\InProcServer32,REG_SZ,,NT AUTHORITY\SYSTEM,HKEY_LOCAL_MACHINE\Software\Classes\CLSID\{06290BD5-48AA-11D2-8432-006008C3FBFC}\InProcServer32\,C:\Windows\System32\scrobj.dll
ST869VRJ,Classes\CLSID\{503E9FD4-127C-4d72-84BF-CF3EC3F80D40}\InProcServer32,REG_SZ,,NT AUTHORITY\SYSTEM,HKEY_LOCAL_MACHINE\Software\Classes\CLSID\{503E9FD4-127C-4d72-84BF-CF3EC3F80D40}\InProcServer32\,C:\Windows\System32\shell32.dll
ST869VRJ,Classes\CLSID\{EC529B00-1A1F-11D1-BAD9-00609744111A}\InProcServer32,REG_SZ,,NT AUTHORITY\SYSTEM,HKEY_LOCAL_MACHINE\Software\Classes\CLSID\{EC529B00-1A1F-11D1-BAD9-00609744111A}\InProcServer32\,C:\Windows\System32\ksproxy.ax
ST869VRJ,Classes\CLSID\{C03E8513-781E-49a1-8190-CE902D0B2CE7}\InProcServer32,REG_EXPAND_SZ,,NT AUTHORITY\SYSTEM,HKEY_LOCAL_MACHINE\Software\Classes\CLSID\{C03E8513-781E-49a1-8190-CE902D0B2CE7}\InProcServer32\,%SystemRoot%\system32\rasgcw.dll
ST869VRJ,Classes\CLSID\{95159ED8-48A3-4E84-9C75-550675F1F47F}\InProcServer32,REG_SZ,,BUILTIN\Administrators,HKEY_LOCAL_MACHINE\Software\Classes\CLSID\{95159ED8-48A3-4E84-9C75-550675F1F47F}\InProcServer32\,c:\PROGRA~1\mcafee\msc\MCCTXM~1.DLL
ST869VRJ,Classes\CLSID\{B0210780-89CD-11d0-AF08-00A0C925CD16}\InProcServer32,REG_EXPAND_SZ,,NT AUTHORITY\SYSTEM,HKEY_LOCAL_MACHINE\Software\Classes\CLSID\{B0210780-89CD-11d0-AF08-00A0C925CD16}\InProcServer32\,%SystemRoot%\System32\dsound.dll
ST869VRJ,Classes\CLSID\{EE38A9FC-437F-4D03-A593-BB92AF0D153C}\InProcServer32,REG_EXPAND_SZ,,NT AUTHORITY\SYSTEM,HKEY_LOCAL_MACHINE\Software\Classes\CLSID\{EE38A9FC-437F-4D03-A593-BB92AF0D153C}\InProcServer32\,%SystemRoot%\System32\NaturalLanguage6.dll
ST869VRJ,Classes\CLSID\{3697790B-223B-484E-9925-C4869218F17A}\InProcServer32,REG_EXPAND_SZ,,NT AUTHORITY\SYSTEM,HKEY_LOCAL_MACHINE\Software\Classes\CLSID\{3697790B-223B-484E-9925-C4869218F17A}\InProcServer32\,%SystemRoot%\system32\windowscodecs.dll
ST869VRJ,Classes\CLSID\{ecabafc9-7f19-11d2-978e-0000f8757e2a}\InProcServer32,REG_SZ,,NT AUTHORITY\SYSTEM,HKEY_LOCAL_MACHINE\Software\Classes\CLSID\{ecabafc9-7f19-11d2-978e-0000f8757e2a}\InProcServer32\,C:\Windows\System32\comsvcs.dll
ST869VRJ,Classes\CLSID\{aad40095-d757-481d-8b7b-b60fbbe67b7f}\InProcServer32,REG_EXPAND_SZ,,NT AUTHORITY\SYSTEM,HKEY_LOCAL_MACHINE\Software\Classes\CLSID\{aad40095-d757-481d-8b7b-b60fbbe67b7f}\InProcServer32\,%SystemRoot%\system32\Windows.UI.Search.dll
ST869VRJ,CurrentControlSet\Services\WinSock2\Parameters\NameSpace_Catalog5\Catalog_Entries\000000000002\,REG_SZ,LibraryPath,NT AUTHORITY\SYSTEM,HKEY_LOCAL_MACHINE\System\CurrentControlSet\Services\WinSock2\Parameters\NameSpace_Catalog5\Catalog_Entries\000000000002\LibraryPath,%SystemRoot%\system32\NLAapi.dll
ST869VRJ,Classes\CLSID\{0D0D66EB-CF74-4164-B52F-08344672DD46}\InProcServer32,REG_SZ,,NT AUTHORITY\SYSTEM,HKEY_LOCAL_MACHINE\Software\Classes\CLSID\{0D0D66EB-CF74-4164-B52F-08344672DD46}\InProcServer32\,C:\Windows\System32\fdssdp.dll
ST869VRJ,CurrentControlSet\Services\UI0Detect\,REG_EXPAND_SZ,ImagePath,NT AUTHORITY\SYSTEM,HKEY_LOCAL_MACHINE\SYSTEM\CurrentControlSet\Services\UI0Detect\ImagePath,%SystemRoot%\system32\UI0Detect.exe
ST869VRJ,Classes\CLSID\{6B2D6BA0-9F3E-4f27-920B-313CC426A39E}\InProcServer32,REG_EXPAND_SZ,,NT AUTHORITY\SYSTEM,HKEY_LOCAL_MACHINE\Software\Classes\CLSID\{6B2D6BA0-9F3E-4f27-920B-313CC426A39E}\InProcServer32\,%SystemRoot%\System32\OpcServices.dll
ST869VRJ,Microsoft\Windows NT\CurrentVersion\Image File Execution Options\mmc.exe\,REG_DWORD,DisableExceptionChainValidation,NT AUTHORITY\SYSTEM,HKEY_LOCAL_MACHINE\Software\Microsoft\Windows NT\CurrentVersion\Image File Execution Options\mmc.exe\DisableExceptionChainValidation,3
ST869VRJ,Classes\CLSID\{ECD4FC4E-521C-11D0-B792-00A0C90312E1}\InProcServer32,REG_EXPAND_SZ,,NT AUTHORITY\SYSTEM,HKEY_LOCAL_MACHINE\Software\Classes\CLSID\{ECD4FC4E-521C-11D0-B792-00A0C90312E1}\InProcServer32\,%SystemRoot%\system32\explorerframe.dll
ST869VRJ,Wow6432Node\Classes\CLSID\{6E449686-C509-11CF-AAFA-00AA00B6015C}\InProcServer32,REG_SZ,,NT AUTHORITY\SYSTEM,HKEY_LOCAL_MACHINE\Software\Wow6432Node\Classes\CLSID\{6E449686-C509-11CF-AAFA-00AA00B6015C}\InProcServer32\,C:\Windows\SysWOW64\inseng.dll
ST869VRJ,Classes\CLSID\{E5CB7A31-7512-11D2-89CE-0080C792E5D8}\InProcServer32,REG_SZ,,NT AUTHORITY\SYSTEM,HKEY_LOCAL_MACHINE\Software\Classes\CLSID\{E5CB7A31-7512-11D2-89CE-0080C792E5D8}\InProcServer32\,C:\Windows\System32\mscoree.dll
ST869VRJ,Classes\CLSID\{6F8CF952-B381-44D3-9704-0ED7C3C4E677}\InProcServer32,REG_SZ,,NT AUTHORITY\SYSTEM,HKEY_LOCAL_MACHINE\Software\Classes\CLSID\{6F8CF952-B381-44D3-9704-0ED7C3C4E677}\InProcServer32\,C:\Windows\System32\twinui.dll
ST869VRJ,Classes\CLSID\{0E5AAE11-A475-4c5b-AB00-C66DE400274E}\InProcServer32,REG_EXPAND_SZ,,NT AUTHORITY\SYSTEM,HKEY_LOCAL_MACHINE\Software\Classes\CLSID\{0E5AAE11-A475-4c5b-AB00-C66DE400274E}\InProcServer32\,%SystemRoot%\system32\shell32.dll
ST869VRJ,Classes\CLSID\{71B7BFC6-B632-45B3-9D8B-9CBDA5B52E02}\InProcServer32,REG_SZ,,BUILTIN\Administrators,HKEY_LOCAL_MACHINE\Software\Classes\CLSID\{71B7BFC6-B632-45B3-9D8B-9CBDA5B52E02}\InProcServer32\,c:\PROGRA~1\mcafee\mat\MCMATA~1.DLL
ST869VRJ,CurrentControlSet\Services\WinSock2\Parameters\Protocol_Catalog9\Catalog_Entries\000000000003\,REG_BINARY,PackedCatalogItem,NT AUTHORITY\SYSTEM,HKEY_LOCAL_MACHINE\System\CurrentControlSet\Services\WinSock2\Parameters\Protocol_Catalog9\Catalog_Entries\000000000003\PackedCatalogItem,"%SystemRoot%\system32\mswsock.dll."".h.t.t.p.:././.s.c.h.e.m.a.s...m.i.c.r.o.s.o.f.t...c.o.m./.w.i.n./.2.0.0.4./.0.8./.e.v.e.n.t.s."".&gt;..... . .&lt;.t.e.m.p.l.a.t.e. .t.i.d.=."".R.e.s.u.l.t."".&gt;..... . . . .&lt;.d.a.t.a. .i.n.T.y.p.e.=."".w.i.n.:.U.I.n.t.3.2."". .n.a.m.e................................._H..................................................................................@.%.S.y.s.t.e.m.R.o.o.t.%.\.S.y.s.t.e.m.3.2.\.m.s.w.s.o.c.k...d.l.l. .-.6.0.1.0.2..............................................................................................................................................................................................................................................................................................................................................................................................................................................."
ST869VRJ,Classes\CLSID\{7478EF65-8C46-11d1-8D99-00A0C913CAD4}\InProcServer32,REG_EXPAND_SZ,,NT AUTHORITY\SYSTEM,HKEY_LOCAL_MACHINE\Software\Classes\CLSID\{7478EF65-8C46-11d1-8D99-00A0C913CAD4}\InProcServer32\,%SystemRoot%\System32\wdc.dll
ST869VRJ,Classes\CLSID\{27c98999-2895-4829-b080-5a8b65bd3db0}\InProcServer32,REG_EXPAND_SZ,,NT AUTHORITY\SYSTEM,HKEY_LOCAL_MACHINE\Software\Classes\CLSID\{27c98999-2895-4829-b080-5a8b65bd3db0}\InProcServer32\,%SystemRoot%\System32\AUDIOENG.dll
ST869VRJ,Classes\CLSID\{116F8D13-101E-4fa5-84D4-FF8279381935}\InProcServer32,REG_EXPAND_SZ,,NT AUTHORITY\SYSTEM,HKEY_LOCAL_MACHINE\Software\Classes\CLSID\{116F8D13-101E-4fa5-84D4-FF8279381935}\InProcServer32\,%SystemRoot%\System32\StructuredQuery.dll
ST869VRJ,Classes\CLSID\{43A8F463-4222-11d2-B641-006097DF5BD4}\InProcServer32,REG_SZ,,NT AUTHORITY\SYSTEM,HKEY_LOCAL_MACHINE\Software\Classes\CLSID\{43A8F463-4222-11d2-B641-006097DF5BD4}\InProcServer32\,C:\Windows\System32\ieframe.dll
ST869VRJ,Classes\CLSID\{9D148290-B9C8-11D0-A4CC-0000F80149F6}\InProcServer32,REG_SZ,,NT AUTHORITY\SYSTEM,HKEY_LOCAL_MACHINE\Software\Classes\CLSID\{9D148290-B9C8-11D0-A4CC-0000F80149F6}\InProcServer32\,C:\Windows\System32\itss.dll
ST869VRJ,Classes\CLSID\{46CF315B-2D3A-4765-852A-6500C42D9865}\InProcServer32,REG_EXPAND_SZ,,NT AUTHORITY\SYSTEM,HKEY_LOCAL_MACHINE\Software\Classes\CLSID\{46CF315B-2D3A-4765-852A-6500C42D9865}\InProcServer32\,%SystemRoot%\system32\shell32.dll
ST869VRJ,Classes\CLSID\{50B6327F-AFD1-11d2-9CB9-0000F87A369E}\InProcServer32,REG_EXPAND_SZ,,NT AUTHORITY\SYSTEM,HKEY_LOCAL_MACHINE\Software\Classes\CLSID\{50B6327F-AFD1-11d2-9CB9-0000F87A369E}\InProcServer32\,%SystemRoot%\system32\adsldp.dll
ST869VRJ,Classes\CLSID\{47D35BB4-71CC-4810-9669-D03D9FF7CEAF}\InProcServer32,REG_EXPAND_SZ,,NT AUTHORITY\SYSTEM,HKEY_LOCAL_MACHINE\Software\Classes\CLSID\{47D35BB4-71CC-4810-9669-D03D9FF7CEAF}\InProcServer32\,%SystemRoot%\System32\DeviceDriverRetrievalClient.dll
ST869VRJ,Classes\CLSID\{4A3F2F56-454A-4CC5-9734-BB7D8141AC0A}\InProcServer32,REG_EXPAND_SZ,,NT AUTHORITY\SYSTEM,HKEY_LOCAL_MACHINE\Software\Classes\CLSID\{4A3F2F56-454A-4CC5-9734-BB7D8141AC0A}\InProcServer32\,%SystemRoot%\System32\shpafact.dll
ST869VRJ,Classes\CLSID\{3EF5086B-5478-4598-A054-786C45D75692}\InProcServer32,REG_SZ,,BUILTIN\Administrators,HKEY_LOCAL_MACHINE\Software\Classes\CLSID\{3EF5086B-5478-4598-A054-786C45D75692}\InProcServer32\,c:\PROGRA~1\mcafee\msc\MCSNIE~1.DLL
ST869VRJ,Classes\CLSID\{01fe4a1f-cc5c-44ab-a1e6-cfbd9249146d}\InProcServer32,REG_SZ,,NT AUTHORITY\SYSTEM,HKEY_LOCAL_MACHINE\Software\Classes\CLSID\{01fe4a1f-cc5c-44ab-a1e6-cfbd9249146d}\InProcServer32\,C:\Windows\System32\IME\IMEJP\imjpapi.dll
ST869VRJ,Classes\CLSID\{2DECBCB7-BAC0-316D-9131-43035C5CB480}\InProcServer32,REG_SZ,,NT AUTHORITY\SYSTEM,HKEY_LOCAL_MACHINE\Software\Classes\CLSID\{2DECBCB7-BAC0-316D-9131-43035C5CB480}\InProcServer32\,C:\Windows\System32\mscoree.dll
ST869VRJ,Classes\CLSID\{BB82C84F-2E85-42bd-B0E4-152EF5DD5F6F}\InProcServer32,REG_SZ,,NT AUTHORITY\SYSTEM,HKEY_LOCAL_MACHINE\Software\Classes\CLSID\{BB82C84F-2E85-42bd-B0E4-152EF5DD5F6F}\InProcServer32\,C:\Windows\System32\wuapi.dll
ST869VRJ,Classes\CLSID\{1f3d8aa5-9ebf-4ee4-85c2-ea40379aede8}\InProcServer32,REG_EXPAND_SZ,,NT AUTHORITY\SYSTEM,HKEY_LOCAL_MACHINE\Software\Classes\CLSID\{1f3d8aa5-9ebf-4ee4-85c2-ea40379aede8}\InProcServer32\,%SystemRoot%\System32\sdiageng.dll
ST869VRJ,Classes\CLSID\{E9218AE7-9E91-11D1-BF60-0080C7846BC0}\InProcServer32,REG_EXPAND_SZ,,NT AUTHORITY\SYSTEM,HKEY_LOCAL_MACHINE\Software\Classes\CLSID\{E9218AE7-9E91-11D1-BF60-0080C7846BC0}\InProcServer32\,%SystemRoot%\system32\iassdo.dll
ST869VRJ,Classes\CLSID\{12DD4DBB-532B-4FCE-8653-74CDB9C8FE5A}\InProcServer32,REG_EXPAND_SZ,,NT AUTHORITY\SYSTEM,HKEY_LOCAL_MACHINE\Software\Classes\CLSID\{12DD4DBB-532B-4FCE-8653-74CDB9C8FE5A}\InProcServer32\,%SystemRoot%\System32\audioeng.dll
ST869VRJ,Classes\CLSID\{58221C6A-EA27-11CF-ADCF-00AA00A80033}\InProcServer32,REG_EXPAND_SZ,,NT AUTHORITY\SYSTEM,HKEY_LOCAL_MACHINE\Software\Classes\CLSID\{58221C6A-EA27-11CF-ADCF-00AA00A80033}\InProcServer32\,%SystemRoot%\system32\filemgmt.dll
ST869VRJ,Classes\CLSID\{5D084DCB-C187-4bdc-95D1-929CC8418BF8}\InProcServer32,REG_SZ,,NT AUTHORITY\SYSTEM,HKEY_LOCAL_MACHINE\Software\Classes\CLSID\{5D084DCB-C187-4bdc-95D1-929CC8418BF8}\InProcServer32\,C:\Windows\System32\shell32.dll
ST869VRJ,Classes\CLSID\{9B924EC5-BF13-3A98-8AC0-80877995D403}\InProcServer32,REG_SZ,,NT AUTHORITY\SYSTEM,HKEY_LOCAL_MACHINE\Software\Classes\CLSID\{9B924EC5-BF13-3A98-8AC0-80877995D403}\InProcServer32\,C:\Windows\System32\mscoree.dll
ST869VRJ,Classes\CLSID\{48123BC4-99D9-11D1-A6B3-00C04FD91555}\InProcServer32,REG_EXPAND_SZ,,NT AUTHORITY\SYSTEM,HKEY_LOCAL_MACHINE\Software\Classes\CLSID\{48123BC4-99D9-11D1-A6B3-00C04FD91555}\InProcServer32\,%SystemRoot%\System32\msxml3.dll
ST869VRJ,Wow6432Node\Classes\CLSID\{C90250F3-4D7D-4991-9B69-A5C5BC1C2AE6}\InProcServer32,REG_SZ,,NT AUTHORITY\SYSTEM,HKEY_LOCAL_MACHINE\Software\Wow6432Node\Classes\CLSID\{C90250F3-4D7D-4991-9B69-A5C5BC1C2AE6}\InProcServer32\,C:\Windows\SysWOW64\actxprxy.dll
ST869VRJ,Classes\CLSID\{59CBCF95-7705-43EF-9586-A46B0D03DDE9}\InProcServer32,REG_SZ,,NT AUTHORITY\SYSTEM,HKEY_LOCAL_MACHINE\Software\Classes\CLSID\{59CBCF95-7705-43EF-9586-A46B0D03DDE9}\InProcServer32\,C:\Windows\System32\Windows.Management.Workplace.WorkplaceSettings.dll
ST869VRJ,Classes\CLSID\{A5065670-136D-4FD6-A45F-00C85B90359C}\InProcServer32,REG_EXPAND_SZ,,NT AUTHORITY\SYSTEM,HKEY_LOCAL_MACHINE\Software\Classes\CLSID\{A5065670-136D-4FD6-A45F-00C85B90359C}\InProcServer32\,%SystemRoot%\System32\DeviceSetupManagerAPI.dll
ST869VRJ,Wow6432Node\Classes\CLSID\{687529e6-4d36-4336-88ea-94b03d16aa4b}\InProcServer32,REG_SZ,,NT AUTHORITY\SYSTEM,HKEY_LOCAL_MACHINE\Software\Wow6432Node\Classes\CLSID\{687529e6-4d36-4336-88ea-94b03d16aa4b}\InProcServer32\,C:\Windows\SysWOW64\DevicePairing.dll
ST869VRJ,Classes\CLSID\{7924BBA8-1913-4B0E-8E6F-6F45CE499731}\InProcServer32,REG_EXPAND_SZ,,NT AUTHORITY\SYSTEM,HKEY_LOCAL_MACHINE\Software\Classes\CLSID\{7924BBA8-1913-4B0E-8E6F-6F45CE499731}\InProcServer32\,%SystemRoot%\System32\wbem\nlmcim.dll
ST869VRJ,Classes\CLSID\{4ea9a1b7-e521-4813-a9f8-ba6484902cb5}\InProcServer32,REG_SZ,,NT AUTHORITY\SYSTEM,HKEY_LOCAL_MACHINE\Software\Classes\CLSID\{4ea9a1b7-e521-4813-a9f8-ba6484902cb5}\InProcServer32\,C:\Windows\System32\Smbhelperclass.dll
ST869VRJ,Classes\CLSID\{B3FF88A4-96EC-4CC1-983F-72BE0EBB368B}\InProcServer32,REG_EXPAND_SZ,,NT AUTHORITY\SYSTEM,HKEY_LOCAL_MACHINE\Software\Classes\CLSID\{B3FF88A4-96EC-4CC1-983F-72BE0EBB368B}\InProcServer32\,%SystemRoot%\System32\gpsvc.dll
ST869VRJ,Classes\CLSID\{000C1094-0000-0000-C000-000000000046}\InProcServer32,REG_SZ,,NT AUTHORITY\SYSTEM,HKEY_LOCAL_MACHINE\Software\Classes\CLSID\{000C1094-0000-0000-C000-000000000046}\InProcServer32\,C:\Windows\System32\msi.dll
ST869VRJ,CurrentControlSet\Services\WinSock2\Parameters\NameSpace_Catalog5\Catalog_Entries\000000000004\,REG_SZ,LibraryPath,NT AUTHORITY\SYSTEM,HKEY_LOCAL_MACHINE\System\CurrentControlSet\Services\WinSock2\Parameters\NameSpace_Catalog5\Catalog_Entries\000000000004\LibraryPath,%SystemRoot%\System32\winrnr.dll
ST869VRJ,Classes\CLSID\{8EE97210-FD1F-4b19-91DA-67914005F020}\InProcServer32,REG_EXPAND_SZ,,NT AUTHORITY\SYSTEM,HKEY_LOCAL_MACHINE\Software\Classes\CLSID\{8EE97210-FD1F-4b19-91DA-67914005F020}\InProcServer32\,%SystemRoot%\system32\shell32.dll
ST869VRJ,Classes\CLSID\{31C967B5-2F8A-3957-9C6D-34A0731DB36C}\InProcServer32,REG_SZ,,NT AUTHORITY\SYSTEM,HKEY_LOCAL_MACHINE\Software\Classes\CLSID\{31C967B5-2F8A-3957-9C6D-34A0731DB36C}\InProcServer32\,C:\Windows\System32\mscoree.dll
ST869VRJ,Classes\CLSID\{C437AB2E-865B-321D-BA15-0C8EC4CA119B}\InProcServer32,REG_SZ,,NT AUTHORITY\SYSTEM,HKEY_LOCAL_MACHINE\Software\Classes\CLSID\{C437AB2E-865B-321D-BA15-0C8EC4CA119B}\InProcServer32\,C:\Windows\System32\mscoree.dll
ST869VRJ,Classes\CLSID\{9BF86F6E-B0E1-348B-9627-6970672EB3D3}\InProcServer32,REG_SZ,,NT AUTHORITY\SYSTEM,HKEY_LOCAL_MACHINE\Software\Classes\CLSID\{9BF86F6E-B0E1-348B-9627-6970672EB3D3}\InProcServer32\,C:\Windows\System32\mscoree.dll
ST869VRJ,Classes\CLSID\{2C5BC43E-3369-4C33-AB0C-BE9469677AF4}\InProcServer32,REG_SZ,,NT AUTHORITY\SYSTEM,HKEY_LOCAL_MACHINE\Software\Classes\CLSID\{2C5BC43E-3369-4C33-AB0C-BE9469677AF4}\InProcServer32\,C:\Windows\System32\FirewallAPI.dll
ST869VRJ,Classes\CLSID\{2D11CF10-4FE0-45B2-88DF-6FFBF92BE9AB}\InProcServer32,REG_EXPAND_SZ,,NT AUTHORITY\SYSTEM,HKEY_LOCAL_MACHINE\Software\Classes\CLSID\{2D11CF10-4FE0-45B2-88DF-6FFBF92BE9AB}\InProcServer32\,%SystemRoot%\system32\mmcndmgr.dll
ST869VRJ,Wow6432Node\Classes\CLSID\{860d36ee-748e-4b73-ae45-c33187e6f166}\InProcServer32,REG_SZ,,NT AUTHORITY\SYSTEM,HKEY_LOCAL_MACHINE\Software\Wow6432Node\Classes\CLSID\{860d36ee-748e-4b73-ae45-c33187e6f166}\InProcServer32\,C:\Windows\SysWOW64\IME\IMEJP\applets\imjpclst.dll
ST869VRJ,Classes\CLSID\{D66D6F99-CDAA-11D0-B822-00C04FC9B31F}\InProcServer32,REG_EXPAND_SZ,,NT AUTHORITY\SYSTEM,HKEY_LOCAL_MACHINE\Software\Classes\CLSID\{D66D6F99-CDAA-11D0-B822-00C04FC9B31F}\InProcServer32\,%SystemRoot%\system32\mlang.dll
ST869VRJ,Classes\CLSID\{AA49497A-AD46-46f7-A5E0-7C9E76543B99}\InProcServer32,REG_EXPAND_SZ,,NT AUTHORITY\SYSTEM,HKEY_LOCAL_MACHINE\Software\Classes\CLSID\{AA49497A-AD46-46f7-A5E0-7C9E76543B99}\InProcServer32\,%SystemRoot%\system32\twinui.dll
ST869VRJ,Classes\CLSID\{5A8A3AAA-D614-46B9-B814-18D168A4B838}\InProcServer32,REG_SZ,,NT AUTHORITY\SYSTEM,HKEY_LOCAL_MACHINE\Software\Classes\CLSID\{5A8A3AAA-D614-46B9-B814-18D168A4B838}\InProcServer32\,C:\Windows\System32\shell32.dll
ST869VRJ,Classes\CLSID\{4657278A-411B-11d2-839A-00C04FD918D0}\InProcServer32,REG_EXPAND_SZ,,NT AUTHORITY\SYSTEM,HKEY_LOCAL_MACHINE\Software\Classes\CLSID\{4657278A-411B-11d2-839A-00C04FD918D0}\InProcServer32\,%SystemRoot%\system32\shell32.dll
ST869VRJ,Classes\CLSID\{1FE45ED3-B842-4CF2-8DF6-43E3D6D10E64}\InProcServer32,REG_EXPAND_SZ,,NT AUTHORITY\SYSTEM,HKEY_LOCAL_MACHINE\Software\Classes\CLSID\{1FE45ED3-B842-4CF2-8DF6-43E3D6D10E64}\InProcServer32\,%SystemRoot%\System32\audiokse.dll
ST869VRJ,CurrentControlSet\Services\IPMIDRV\,REG_EXPAND_SZ,ImagePath,NT AUTHORITY\SYSTEM,HKEY_LOCAL_MACHINE\SYSTEM\CurrentControlSet\Services\IPMIDRV\ImagePath,\SystemRoot\System32\drivers\IPMIDrv.sys
ST869VRJ,Classes\CLSID\{48794782-6a1f-47b9-bd52-1d5f95d49c1b}\InProcServer32,REG_SZ,,NT AUTHORITY\SYSTEM,HKEY_LOCAL_MACHINE\Software\Classes\CLSID\{48794782-6a1f-47b9-bd52-1d5f95d49c1b}\InProcServer32\,C:\Windows\System32\pnpui.dll
ST869VRJ,Classes\CLSID\{6BC09692-0CE6-11D1-BAAE-00C04FC2E20D}\InProcServer32,REG_EXPAND_SZ,,NT AUTHORITY\SYSTEM,HKEY_LOCAL_MACHINE\Software\Classes\CLSID\{6BC09692-0CE6-11D1-BAAE-00C04FC2E20D}\InProcServer32\,%SystemRoot%\System32\iasrecst.dll
ST869VRJ,Classes\CLSID\{B0D17FC2-7BC4-11d1-BDFA-00C04FA31009}\InProcServer32,REG_SZ,,NT AUTHORITY\SYSTEM,HKEY_LOCAL_MACHINE\Software\Classes\CLSID\{B0D17FC2-7BC4-11d1-BDFA-00C04FA31009}\InProcServer32\,C:\Windows\System32\inetcomm.dll
ST869VRJ,Classes\CLSID\{0b6d74fe-ad29-4c92-ac06-f06bc2f238a7}\InProcServer32,REG_SZ,,NT AUTHORITY\SYSTEM,HKEY_LOCAL_MACHINE\Software\Classes\CLSID\{0b6d74fe-ad29-4c92-ac06-f06bc2f238a7}\InProcServer32\,C:\Windows\System32\msfeeds.dll
ST869VRJ,Classes\CLSID\{D9035152-6B1F-33E3-86F4-411CD21CDE0E}\InProcServer32,REG_SZ,,NT AUTHORITY\SYSTEM,HKEY_LOCAL_MACHINE\Software\Classes\CLSID\{D9035152-6B1F-33E3-86F4-411CD21CDE0E}\InProcServer32\,C:\Windows\System32\mscoree.dll
ST869VRJ,Classes\CLSID\{189255E0-6EF0-41C5-8A1E-3B391D691215}\InProcServer32,REG_EXPAND_SZ,,NT AUTHORITY\SYSTEM,HKEY_LOCAL_MACHINE\Software\Classes\CLSID\{189255E0-6EF0-41C5-8A1E-3B391D691215}\InProcServer32\,%SystemRoot%\System32\usercpl.dll
ST869VRJ,Classes\CLSID\{6BC096DE-0CE6-11D1-BAAE-00C04FC2E20D}\InProcServer32,REG_EXPAND_SZ,,NT AUTHORITY\SYSTEM,HKEY_LOCAL_MACHINE\Software\Classes\CLSID\{6BC096DE-0CE6-11D1-BAAE-00C04FC2E20D}\InProcServer32\,%SystemRoot%\system32\iassam.dll
ST869VRJ,Classes\CLSID\{d53cd902-7edc-430f-a1e0-c38c01b6fe8b}\InProcServer32,REG_SZ,,NT AUTHORITY\SYSTEM,HKEY_LOCAL_MACHINE\Software\Classes\CLSID\{d53cd902-7edc-430f-a1e0-c38c01b6fe8b}\InProcServer32\,C:\Windows\System32\IME\IMEJP\imjppred.dll
ST869VRJ,Classes\CLSID\{79eac9e7-baf9-11ce-8c82-00aa004ba90b}\InProcServer32,REG_SZ,,NT AUTHORITY\SYSTEM,HKEY_LOCAL_MACHINE\Software\Classes\CLSID\{79eac9e7-baf9-11ce-8c82-00aa004ba90b}\InProcServer32\,C:\Windows\System32\urlmon.dll
ST869VRJ,Classes\CLSID\{3a59a18b-f03c-48cb-8aa7-181d35291fd7}\InProcServer32,REG_SZ,,NT AUTHORITY\SYSTEM,HKEY_LOCAL_MACHINE\Software\Classes\CLSID\{3a59a18b-f03c-48cb-8aa7-181d35291fd7}\InProcServer32\,C:\Windows\System32\IME\IMEJP\imjptip.dll
ST869VRJ,Classes\CLSID\{84CCE1D2-97AD-4448-AF0F-A79164073A60}\InProcServer32,REG_EXPAND_SZ,,NT AUTHORITY\SYSTEM,HKEY_LOCAL_MACHINE\Software\Classes\CLSID\{84CCE1D2-97AD-4448-AF0F-A79164073A60}\InProcServer32\,%SystemRoot%\System32\themecpl.dll
ST869VRJ,Classes\CLSID\{D25D8842-8884-4A4A-B321-091314379BDD}\InProcServer32,REG_EXPAND_SZ,,NT AUTHORITY\SYSTEM,HKEY_LOCAL_MACHINE\Software\Classes\CLSID\{D25D8842-8884-4A4A-B321-091314379BDD}\InProcServer32\,%SystemRoot%\System32\UIAnimation.dll
ST869VRJ,Classes\CLSID\{1B57B2A1-E763-4676-9064-297F1B413632}\InProcServer32,REG_EXPAND_SZ,,NT AUTHORITY\SYSTEM,HKEY_LOCAL_MACHINE\Software\Classes\CLSID\{1B57B2A1-E763-4676-9064-297F1B413632}\InProcServer32\,%SystemRoot%\System32\Speech\Common\sapi.dll
ST869VRJ,Wow6432Node\Classes\CLSID\{6EA4B9B1-0121-46C9-95CF-8E5392CB8234}\InProcServer32,REG_SZ,,NT AUTHORITY\SYSTEM,HKEY_LOCAL_MACHINE\Software\Wow6432Node\Classes\CLSID\{6EA4B9B1-0121-46C9-95CF-8E5392CB8234}\InProcServer32\,C:\Windows\SysWOW64\Windows.Networking.BackgroundTransfer.dll
ST869VRJ,Classes\CLSID\{0C11C759-23B0-4731-8D48-5FE3EA62051F}\InProcServer32,REG_EXPAND_SZ,,NT AUTHORITY\SYSTEM,HKEY_LOCAL_MACHINE\Software\Classes\CLSID\{0C11C759-23B0-4731-8D48-5FE3EA62051F}\InProcServer32\,%SystemRoot%\system32\shell32.dll
ST869VRJ,Classes\CLSID\{84589833-40D7-36E2-8545-67A92B97C408}\InProcServer32,REG_SZ,,NT AUTHORITY\SYSTEM,HKEY_LOCAL_MACHINE\Software\Classes\CLSID\{84589833-40D7-36E2-8545-67A92B97C408}\InProcServer32\,C:\Windows\System32\mscoree.dll
ST869VRJ,Classes\CLSID\{E4979309-7A32-495E-8A92-7B014AAD4961}\InProcServer32,REG_SZ,,NT AUTHORITY\SYSTEM,HKEY_LOCAL_MACHINE\Software\Classes\CLSID\{E4979309-7A32-495E-8A92-7B014AAD4961}\InProcServer32\,C:\Windows\System32\quartz.dll
ST869VRJ,Classes\CLSID\{20CCEF1E-0185-41a5-A933-509C43B54F98}\InProcServer32,REG_SZ,,NT AUTHORITY\SYSTEM,HKEY_LOCAL_MACHINE\Software\Classes\CLSID\{20CCEF1E-0185-41a5-A933-509C43B54F98}\InProcServer32\,C:\Windows\System32\ieframe.dll
ST869VRJ,Classes\CLSID\{541987EE-0E02-411E-9A85-1FC6156E7F4B}\InProcServer32,REG_EXPAND_SZ,,NT AUTHORITY\SYSTEM,HKEY_LOCAL_MACHINE\Software\Classes\CLSID\{541987EE-0E02-411E-9A85-1FC6156E7F4B}\InProcServer32\,%SystemRoot%\System32\audioeng.dll
ST869VRJ,Classes\CLSID\{1BC972D6-555C-4FF7-BE2C-C584021A0A6A}\InProcServer32,REG_EXPAND_SZ,,NT AUTHORITY\SYSTEM,HKEY_LOCAL_MACHINE\Software\Classes\CLSID\{1BC972D6-555C-4FF7-BE2C-C584021A0A6A}\InProcServer32\,%SystemRoot%\System32\appmgr.dll
ST869VRJ,Wow6432Node\Classes\CLSID\{b905275e-d600-4aa4-9139-d7bd214d375b}\InProcServer32,REG_SZ,,NT AUTHORITY\SYSTEM,HKEY_LOCAL_MACHINE\Software\Wow6432Node\Classes\CLSID\{b905275e-d600-4aa4-9139-d7bd214d375b}\InProcServer32\,C:\Windows\SysWOW64\WSShared.dll
ST869VRJ,Classes\CLSID\{38018C19-B0ED-489F-A9DC-96EBF886450B}\InProcServer32,REG_SZ,,NT AUTHORITY\SYSTEM,HKEY_LOCAL_MACHINE\Software\Classes\CLSID\{38018C19-B0ED-489F-A9DC-96EBF886450B}\InProcServer32\,C:\Windows\System32\InputMethod\CHS\ChsRoaming.dll
ST869VRJ,Classes\CLSID\{3852C2E2-4A16-4b11-8E71-F8904C37EC3D}\InProcServer32,REG_EXPAND_SZ,,NT AUTHORITY\SYSTEM,HKEY_LOCAL_MACHINE\Software\Classes\CLSID\{3852C2E2-4A16-4b11-8E71-F8904C37EC3D}\InProcServer32\,%SystemRoot%\system32\shell32.dll
ST869VRJ,Classes\CLSID\{73C037E7-E5D9-4954-876A-6DA81D6E5768}\InProcServer32,REG_EXPAND_SZ,,NT AUTHORITY\SYSTEM,HKEY_LOCAL_MACHINE\Software\Classes\CLSID\{73C037E7-E5D9-4954-876A-6DA81D6E5768}\InProcServer32\,%SystemRoot%\system32\windowscodecs.dll
ST869VRJ,Classes\CLSID\{b75ac000-9bdd-11d0-852c-00c04fd8d503}\InProcServer32,REG_EXPAND_SZ,,NT AUTHORITY\SYSTEM,HKEY_LOCAL_MACHINE\Software\Classes\CLSID\{b75ac000-9bdd-11d0-852c-00c04fd8d503}\InProcServer32\,%SystemRoot%\system32\activeds.dll
ST869VRJ,Classes\CLSID\{4c892621-6757-4fe0-ad8c-a6301be7fba2}\InProcServer32,REG_EXPAND_SZ,,NT AUTHORITY\SYSTEM,HKEY_LOCAL_MACHINE\Software\Classes\CLSID\{4c892621-6757-4fe0-ad8c-a6301be7fba2}\InProcServer32\,%SystemRoot%\system32\themeui.dll
ST869VRJ,Classes\CLSID\{447CAE10-7647-45f9-9AD8-68243ED5A2DA}\InProcServer32,REG_SZ,,BUILTIN\Administrators,HKEY_LOCAL_MACHINE\Software\Classes\CLSID\{447CAE10-7647-45f9-9AD8-68243ED5A2DA}\InProcServer32\,c:\PROGRA~1\mcafee\mpf\mpfpp.dll
ST869VRJ,CurrentControlSet\Services\RDPDR\,REG_EXPAND_SZ,ImagePath,NT AUTHORITY\SYSTEM,HKEY_LOCAL_MACHINE\SYSTEM\CurrentControlSet\Services\RDPDR\ImagePath,System32\drivers\rdpdr.sys
ST869VRJ,Classes\CLSID\{A608A731-B6F2-4d08-AC1E-C22A65B64ACF}\InProcServer32,REG_EXPAND_SZ,,NT AUTHORITY\SYSTEM,HKEY_LOCAL_MACHINE\Software\Classes\CLSID\{A608A731-B6F2-4d08-AC1E-C22A65B64ACF}\InProcServer32\,%SystemRoot%\system32\explorerframe.dll
ST869VRJ,Classes\CLSID\{57651662-CE3E-11D0-8D77-00C04FC99D61}\InProcServer32,REG_EXPAND_SZ,,NT AUTHORITY\SYSTEM,HKEY_LOCAL_MACHINE\Software\Classes\CLSID\{57651662-CE3E-11D0-8D77-00C04FC99D61}\InProcServer32\,%SystemRoot%\system32\shell32.dll
ST869VRJ,Wow6432Node\Classes\CLSID\{520CCA61-51A5-11D3-9144-00104BA11C5E}\InProcServer32,REG_SZ,,NT AUTHORITY\SYSTEM,HKEY_LOCAL_MACHINE\Software\Wow6432Node\Classes\CLSID\{520CCA61-51A5-11D3-9144-00104BA11C5E}\InProcServer32\,C:\Windows\SysWOW64\imapi.dll
ST869VRJ,Classes\CLSID\{A7D04CE0-9FDE-4E03-9AB2-1DD9255BEE9C}\InProcServer32,REG_SZ,,NT AUTHORITY\SYSTEM,HKEY_LOCAL_MACHINE\Software\Classes\CLSID\{A7D04CE0-9FDE-4E03-9AB2-1DD9255BEE9C}\InProcServer32\,C:\Windows\System32\PrintDialogs.dll
ST869VRJ,Classes\CLSID\{975797FC-4E2A-11D0-B702-00C04FD8DBF7}\InProcServer32,REG_EXPAND_SZ,,NT AUTHORITY\SYSTEM,HKEY_LOCAL_MACHINE\Software\Classes\CLSID\{975797FC-4E2A-11D0-B702-00C04FD8DBF7}\InProcServer32\,%SystemRoot%\system32\els.dll
ST869VRJ,Classes\CLSID\{F0469A3D-599F-4b0f-9690-ED89A167AA37}\InProcServer32,REG_EXPAND_SZ,,NT AUTHORITY\SYSTEM,HKEY_LOCAL_MACHINE\Software\Classes\CLSID\{F0469A3D-599F-4b0f-9690-ED89A167AA37}\InProcServer32\,%SystemRoot%\system32\IME\IMESC\IMSCDICB.DLL
ST869VRJ,Classes\CLSID\{9fb45d27-dfe3-4383-b117-ab631787649a}\InProcServer32,REG_EXPAND_SZ,,NT AUTHORITY\SYSTEM,HKEY_LOCAL_MACHINE\Software\Classes\CLSID\{9fb45d27-dfe3-4383-b117-ab631787649a}\InProcServer32\,%SystemRoot%\system32\authui.dll
ST869VRJ,Wow6432Node\Classes\CLSID\{dacfcde5-4790-45ea-a357-a8388c6a587b}\InProcServer32,REG_SZ,,NT AUTHORITY\SYSTEM,HKEY_LOCAL_MACHINE\Software\Wow6432Node\Classes\CLSID\{dacfcde5-4790-45ea-a357-a8388c6a587b}\InProcServer32\,C:\Windows\SysWOW64\CallButtons.proxystub.dll
ST869VRJ,Wow6432Node\Classes\CLSID\{EF7DEED8-27D0-42DC-B135-664EEFC69F52}\InProcServer32,REG_SZ,,NT AUTHORITY\SYSTEM,HKEY_LOCAL_MACHINE\Software\Wow6432Node\Classes\CLSID\{EF7DEED8-27D0-42DC-B135-664EEFC69F52}\InProcServer32\,C:\Windows\SysWOW64\Windows.Web.Http.dll
ST869VRJ,Classes\CLSID\{E018945B-AA86-4008-9BD4-6777A1E40C11}\InProcServer32,REG_EXPAND_SZ,,NT AUTHORITY\SYSTEM,HKEY_LOCAL_MACHINE\Software\Classes\CLSID\{E018945B-AA86-4008-9BD4-6777A1E40C11}\InProcServer32\,%SystemRoot%\system32\windowscodecs.dll
ST869VRJ,Classes\CLSID\{ecabafce-7f19-11d2-978e-0000f8757e2a}\InProcServer32,REG_SZ,,NT AUTHORITY\SYSTEM,HKEY_LOCAL_MACHINE\Software\Classes\CLSID\{ecabafce-7f19-11d2-978e-0000f8757e2a}\InProcServer32\,C:\Windows\System32\comsvcs.dll
ST869VRJ,Classes\CLSID\{03837539-098B-11D8-9414-505054503030}\InProcServer32,REG_EXPAND_SZ,,NT AUTHORITY\SYSTEM,HKEY_LOCAL_MACHINE\Software\Classes\CLSID\{03837539-098B-11D8-9414-505054503030}\InProcServer32\,%SystemRoot%\System32\pla.dll
ST869VRJ,Classes\CLSID\{96749377-3391-11D2-9EE3-00C04F797396}\InProcServer32,REG_EXPAND_SZ,,NT AUTHORITY\SYSTEM,HKEY_LOCAL_MACHINE\Software\Classes\CLSID\{96749377-3391-11D2-9EE3-00C04F797396}\InProcServer32\,%SystemRoot%\System32\Speech\Common\sapi.dll
ST869VRJ,Classes\CLSID\{B2F586D4-5558-49D1-A07B-3249DBBB33C2}\InProcServer32,REG_EXPAND_SZ,,NT AUTHORITY\SYSTEM,HKEY_LOCAL_MACHINE\Software\Classes\CLSID\{B2F586D4-5558-49D1-A07B-3249DBBB33C2}\InProcServer32\,%SystemRoot%\System32\dsound.dll
ST869VRJ,Classes\CLSID\{bf75430d-51dd-483f-bc3a-4542e6c9dce4}\InProcServer32,REG_SZ,,NT AUTHORITY\SYSTEM,HKEY_LOCAL_MACHINE\Software\Classes\CLSID\{bf75430d-51dd-483f-bc3a-4542e6c9dce4}\InProcServer32\,C:\Windows\System32\twinui.dll
ST869VRJ,Classes\CLSID\{23C1F3CF-C110-4512-ACA9-7B6174ECE888}\InProcServer32,REG_EXPAND_SZ,,NT AUTHORITY\SYSTEM,HKEY_LOCAL_MACHINE\Software\Classes\CLSID\{23C1F3CF-C110-4512-ACA9-7B6174ECE888}\InProcServer32\,%SystemRoot%\System32\DeviceSetupManagerAPI.dll
ST869VRJ,Classes\CLSID\{ecabb0c4-7f19-11d2-978e-0000f8757e2a}\InProcServer32,REG_SZ,,NT AUTHORITY\SYSTEM,HKEY_LOCAL_MACHINE\Software\Classes\CLSID\{ecabb0c4-7f19-11d2-978e-0000f8757e2a}\InProcServer32\,C:\Windows\System32\comsvcs.dll
ST869VRJ,Classes\CLSID\{286F484D-375E-4458-A272-B138E2F80A6A}\InProcServer32,REG_EXPAND_SZ,,NT AUTHORITY\SYSTEM,HKEY_LOCAL_MACHINE\Software\Classes\CLSID\{286F484D-375E-4458-A272-B138E2F80A6A}\InProcServer32\,%SystemRoot%\system32\dpnet.dll
ST869VRJ,Classes\CLSID\{86781CF9-799C-4CFF-9AA5-43F4C23FF866}\InProcServer32,REG_EXPAND_SZ,,NT AUTHORITY\SYSTEM,HKEY_LOCAL_MACHINE\Software\Classes\CLSID\{86781CF9-799C-4CFF-9AA5-43F4C23FF866}\InProcServer32\,%SystemRoot%\System32\NaturalLanguage6.dll
ST869VRJ,Classes\CLSID\{C4050BC4-29E1-4c8f-BF6E-6EBAD21E0673}\InProcServer32,REG_EXPAND_SZ,,NT AUTHORITY\SYSTEM,HKEY_LOCAL_MACHINE\Software\Classes\CLSID\{C4050BC4-29E1-4c8f-BF6E-6EBAD21E0673}\InProcServer32\,%SystemRoot%\System32\hgcpl.dll
ST869VRJ,Classes\CLSID\{877A0BB7-A313-4491-87B5-2E6D0594F520}\InProcServer32,REG_EXPAND_SZ,,NT AUTHORITY\SYSTEM,HKEY_LOCAL_MACHINE\Software\Classes\CLSID\{877A0BB7-A313-4491-87B5-2E6D0594F520}\InProcServer32\,%SystemRoot%\system32\windowscodecs.dll
ST869VRJ,Classes\CLSID\{E182D996-AB8B-44AC-8B51-4D47B9C9C1DD}\InProcServer32,REG_EXPAND_SZ,,NT AUTHORITY\SYSTEM,HKEY_LOCAL_MACHINE\Software\Classes\CLSID\{E182D996-AB8B-44AC-8B51-4D47B9C9C1DD}\InProcServer32\,%SystemRoot%\System32\twinui.dll
ST869VRJ,Classes\CLSID\{687529e6-4d36-4336-88ea-94b03d16aa4b}\InProcServer32,REG_SZ,,NT AUTHORITY\SYSTEM,HKEY_LOCAL_MACHINE\Software\Classes\CLSID\{687529e6-4d36-4336-88ea-94b03d16aa4b}\InProcServer32\,C:\Windows\System32\DevicePairing.dll
ST869VRJ,Classes\CLSID\{4286FA72-A2FA-3245-8751-D4206070A191}\InProcServer32,REG_SZ,,NT AUTHORITY\SYSTEM,HKEY_LOCAL_MACHINE\Software\Classes\CLSID\{4286FA72-A2FA-3245-8751-D4206070A191}\InProcServer32\,C:\Windows\System32\mscoree.dll
ST869VRJ,Classes\CLSID\{7757BA9B-7986-4866-B53F-A31E89FCBA15}\InProcServer32,REG_EXPAND_SZ,,NT AUTHORITY\SYSTEM,HKEY_LOCAL_MACHINE\Software\Classes\CLSID\{7757BA9B-7986-4866-B53F-A31E89FCBA15}\InProcServer32\,%SystemRoot%\system32\tscfgwmi.dll
ST869VRJ,Classes\CLSID\{DD468E14-AF42-4D63-8908-EDAC4A9E67AE}\InProcServer32,REG_SZ,,NT AUTHORITY\SYSTEM,HKEY_LOCAL_MACHINE\Software\Classes\CLSID\{DD468E14-AF42-4D63-8908-EDAC4A9E67AE}\InProcServer32\,C:\Windows\System32\wlangpui.dll
ST869VRJ,Classes\CLSID\{D707877E-4D9C-11d2-8784-F6E920524153}\InProcServer32,REG_EXPAND_SZ,,NT AUTHORITY\SYSTEM,HKEY_LOCAL_MACHINE\Software\Classes\CLSID\{D707877E-4D9C-11d2-8784-F6E920524153}\InProcServer32\,%SystemRoot%\system32\netplwiz.dll
ST869VRJ,Classes\CLSID\{6BC0989D-0CE6-11D1-BAAE-00C04FC2E20D}\InProcServer32,REG_EXPAND_SZ,,NT AUTHORITY\SYSTEM,HKEY_LOCAL_MACHINE\Software\Classes\CLSID\{6BC0989D-0CE6-11D1-BAAE-00C04FC2E20D}\InProcServer32\,%SystemRoot%\system32\iassam.dll
ST869VRJ,Classes\CLSID\{8368958c-a3ec-491f-9b4d-18f3f8287ee2}\InProcServer32,REG_SZ,,NT AUTHORITY\SYSTEM,HKEY_LOCAL_MACHINE\Software\Classes\CLSID\{8368958c-a3ec-491f-9b4d-18f3f8287ee2}\InProcServer32\,C:\Windows\System32\IME\IMEJP\imjppred.dll
ST869VRJ,Classes\CLSID\{C3A0B997-DD49-4A26-960D-A930CB921B02}\InProcServer32,REG_EXPAND_SZ,,NT AUTHORITY\SYSTEM,HKEY_LOCAL_MACHINE\Software\Classes\CLSID\{C3A0B997-DD49-4A26-960D-A930CB921B02}\InProcServer32\,%SystemRoot%\System32\twinui.dll
ST869VRJ,Classes\CLSID\{eb124705-128b-40d4-8dd8-d93ed12589a4}\InProcServer32,REG_EXPAND_SZ,,NT AUTHORITY\SYSTEM,HKEY_LOCAL_MACHINE\Software\Classes\CLSID\{eb124705-128b-40d4-8dd8-d93ed12589a4}\InProcServer32\,%SystemRoot%\System32\shell32.dll
ST869VRJ,Classes\CLSID\{1b9f2bf2-27f5-4dec-a175-3cf7bb8cfd3e}\InProcServer32,REG_EXPAND_SZ,,NT AUTHORITY\SYSTEM,HKEY_LOCAL_MACHINE\Software\Classes\CLSID\{1b9f2bf2-27f5-4dec-a175-3cf7bb8cfd3e}\InProcServer32\,%SystemRoot%\system32\netcorehc.dll
ST869VRJ,Classes\CLSID\{E54E4714-22AE-40c5-BB24-F839845C7C98}\InProcServer32,REG_EXPAND_SZ,,NT AUTHORITY\SYSTEM,HKEY_LOCAL_MACHINE\Software\Classes\CLSID\{E54E4714-22AE-40c5-BB24-F839845C7C98}\InProcServer32\,%SystemRoot%\System32\usercpl.dll
ST869VRJ,Classes\CLSID\{CD000001-8B95-11D1-82DB-00C04FB1625D}\InProcServer32,REG_SZ,,NT AUTHORITY\SYSTEM,HKEY_LOCAL_MACHINE\Software\Classes\CLSID\{CD000001-8B95-11D1-82DB-00C04FB1625D}\InProcServer32\,C:\Windows\System32\cdosys.dll
ST869VRJ,Classes\CLSID\{D8BD090D-3F39-45FD-B29A-7FC62C2E59C3}\InProcServer32,REG_SZ,,NT AUTHORITY\SYSTEM,HKEY_LOCAL_MACHINE\Software\Classes\CLSID\{D8BD090D-3F39-45FD-B29A-7FC62C2E59C3}\InProcServer32\,C:\Windows\System32\vidcap.ax
ST869VRJ,Classes\CLSID\{3dd53d40-7b8b-11D0-b013-00aa0059ce02}\InProcServer32,REG_SZ,,NT AUTHORITY\SYSTEM,HKEY_LOCAL_MACHINE\Software\Classes\CLSID\{3dd53d40-7b8b-11D0-b013-00aa0059ce02}\InProcServer32\,C:\Windows\System32\urlmon.dll
ST869VRJ,Classes\CLSID\{1A60499D-2DDD-48E8-AA30-0EF7590BAFBA}\InProcServer32,REG_SZ,,NT AUTHORITY\SYSTEM,HKEY_LOCAL_MACHINE\Software\Classes\CLSID\{1A60499D-2DDD-48E8-AA30-0EF7590BAFBA}\InProcServer32\,C:\Windows\System32\InputMethod\SHARED\StaticDictDS.dll
ST869VRJ,Classes\CLSID\{88d96a08-f192-11d4-a65f-0040963251e5}\InProcServer32,REG_EXPAND_SZ,,NT AUTHORITY\SYSTEM,HKEY_LOCAL_MACHINE\Software\Classes\CLSID\{88d96a08-f192-11d4-a65f-0040963251e5}\InProcServer32\,C:\Windows\System32\msxml6.dll
ST869VRJ,Classes\CLSID\{DF659FF1-A244-4D36-9F84-75BB2D03EB2E}\InProcServer32,REG_SZ,,BUILTIN\Administrators,HKEY_LOCAL_MACHINE\Software\Classes\CLSID\{DF659FF1-A244-4D36-9F84-75BB2D03EB2E}\InProcServer32\,c:\PROGRA~1\COMMON~1\mcafee\platform\mcdspwrp.dll
ST869VRJ,Classes\CLSID\{fd8d3a5f-6066-11d1-8c13-00c04fd8d503}\InProcServer32,REG_EXPAND_SZ,,NT AUTHORITY\SYSTEM,HKEY_LOCAL_MACHINE\Software\Classes\CLSID\{fd8d3a5f-6066-11d1-8c13-00c04fd8d503}\InProcServer32\,%SystemRoot%\system32\adsmsext.dll
ST869VRJ,Classes\CLSID\{C03E8591-781E-49A1-8190-CE902D0B2CE7}\InProcServer32,REG_EXPAND_SZ,,NT AUTHORITY\SYSTEM,HKEY_LOCAL_MACHINE\Software\Classes\CLSID\{C03E8591-781E-49A1-8190-CE902D0B2CE7}\InProcServer32\,%SystemRoot%\system32\xwizards.dll
ST869VRJ,Classes\CLSID\{C22020C6-EEAB-455E-BEC2-A2CC8FDFF976}\InProcServer32,REG_EXPAND_SZ,,NT AUTHORITY\SYSTEM,HKEY_LOCAL_MACHINE\Software\Classes\CLSID\{C22020C6-EEAB-455E-BEC2-A2CC8FDFF976}\InProcServer32\,%SystemRoot%\System32\oobe\msoobeplugins.dll
ST869VRJ,Classes\CLSID\{6D5313C0-8C62-11D1-B2CD-006097DF8C11}\InProcServer32,REG_EXPAND_SZ,,NT AUTHORITY\SYSTEM,HKEY_LOCAL_MACHINE\Software\Classes\CLSID\{6D5313C0-8C62-11D1-B2CD-006097DF8C11}\InProcServer32\,%SystemRoot%\system32\shell32.dll
ST869VRJ,Classes\CLSID\{3050f667-98b5-11cf-bb82-00aa00bdce0b}\InProcServer32,REG_SZ,,NT AUTHORITY\SYSTEM,HKEY_LOCAL_MACHINE\Software\Classes\CLSID\{3050f667-98b5-11cf-bb82-00aa00bdce0b}\InProcServer32\,C:\Windows\System32\mshtml.dll
ST869VRJ,Classes\CLSID\{fb60e872-c2d9-4ce1-a29c-e3145c095be5}\InProcServer32,REG_EXPAND_SZ,,NT AUTHORITY\SYSTEM,HKEY_LOCAL_MACHINE\Software\Classes\CLSID\{fb60e872-c2d9-4ce1-a29c-e3145c095be5}\InProcServer32\,%SystemRoot%\System32\twinui.appcore.dll
ST869VRJ,Classes\CLSID\{BA4EAC04-AFCE-441A-A4F0-C4A97545425A}\InProcServer32,REG_EXPAND_SZ,,NT AUTHORITY\SYSTEM,HKEY_LOCAL_MACHINE\Software\Classes\CLSID\{BA4EAC04-AFCE-441A-A4F0-C4A97545425A}\InProcServer32\,%SystemRoot%\system32\tscfgwmi.dll
ST869VRJ,Classes\CLSID\{1A0391BF-9564-4294-B0A4-06C298929EF9}\InProcServer32,REG_EXPAND_SZ,,NT AUTHORITY\SYSTEM,HKEY_LOCAL_MACHINE\Software\Classes\CLSID\{1A0391BF-9564-4294-B0A4-06C298929EF9}\InProcServer32\,%SystemRoot%\system32\ntshrui.dll
ST869VRJ,Classes\CLSID\{08229782-89C8-4028-BB74-75BB58EF1488}\InProcServer32,REG_SZ,,NT AUTHORITY\SYSTEM,HKEY_LOCAL_MACHINE\Software\Classes\CLSID\{08229782-89C8-4028-BB74-75BB58EF1488}\InProcServer32\,C:\Windows\System32\ipsmsnap.dll
ST869VRJ,Classes\CLSID\{A91DEAA6-9773-42B7-86A4-5AD24CFF440A}\InProcServer32,REG_EXPAND_SZ,,NT AUTHORITY\SYSTEM,HKEY_LOCAL_MACHINE\Software\Classes\CLSID\{A91DEAA6-9773-42B7-86A4-5AD24CFF440A}\InProcServer32\,%SystemRoot%\System32\witnesswmiv2provider.dll
ST869VRJ,Classes\CLSID\{12db95c0-aaa9-48e4-b571-a1273d139369}\InProcServer32,REG_EXPAND_SZ,,NT AUTHORITY\SYSTEM,HKEY_LOCAL_MACHINE\Software\Classes\CLSID\{12db95c0-aaa9-48e4-b571-a1273d139369}\InProcServer32\,%SystemRoot%\system32\shell32.dll
ST869VRJ,Classes\CLSID\{89B3DCD8-9450-49DA-BFA4-7F9A6ED3B9A5}\InProcServer32,REG_SZ,,BUILTIN\Administrators,HKEY_LOCAL_MACHINE\Software\Classes\CLSID\{89B3DCD8-9450-49DA-BFA4-7F9A6ED3B9A5}\InProcServer32\,c:\PROGRA~1\COMMON~1\mcafee\platform\msm\mcsmtstr.dll
ST869VRJ,Classes\CLSID\{2A038320-5727-4FDC-B703-1EC222C6911F}\InProcServer32,REG_SZ,,NT AUTHORITY\SYSTEM,HKEY_LOCAL_MACHINE\Software\Classes\CLSID\{2A038320-5727-4FDC-B703-1EC222C6911F}\InProcServer32\,C:\Windows\System32\Windows.Devices.HumanInterfaceDevice.dll
ST869VRJ,Classes\CLSID\{837A6733-1675-3BC9-BBF8-13889F84DAF4}\InProcServer32,REG_SZ,,NT AUTHORITY\SYSTEM,HKEY_LOCAL_MACHINE\Software\Classes\CLSID\{837A6733-1675-3BC9-BBF8-13889F84DAF4}\InProcServer32\,C:\Windows\System32\mscoree.dll
ST869VRJ,Classes\CLSID\{235DF164-7970-4B68-8453-2CACFFDD23C9}\InProcServer32,REG_SZ,,NT AUTHORITY\SYSTEM,HKEY_LOCAL_MACHINE\Software\Classes\CLSID\{235DF164-7970-4B68-8453-2CACFFDD23C9}\InProcServer32\,C:\Windows\System32\InputMethod\SHARED\IHDS.dll
ST869VRJ,Classes\CLSID\{1D49F57D-47D2-4AEE-A69B-593EC558773F}\InProcServer32,REG_EXPAND_SZ,,NT AUTHORITY\SYSTEM,HKEY_LOCAL_MACHINE\Software\Classes\CLSID\{1D49F57D-47D2-4AEE-A69B-593EC558773F}\InProcServer32\,%SystemRoot%\System32\NaturalLanguage6.dll
ST869VRJ,Classes\CLSID\{394C052E-B830-11D0-9A86-00C04FD8DBF7}\InProcServer32,REG_EXPAND_SZ,,NT AUTHORITY\SYSTEM,HKEY_LOCAL_MACHINE\Software\Classes\CLSID\{394C052E-B830-11D0-9A86-00C04FD8DBF7}\InProcServer32\,%SystemRoot%\system32\els.dll
ST869VRJ,Wow6432Node\Classes\CLSID\{1334e551-b2db-429b-a94a-7d6a226ffcbf}\InProcServer32,REG_SZ,,NT AUTHORITY\SYSTEM,HKEY_LOCAL_MACHINE\Software\Wow6432Node\Classes\CLSID\{1334e551-b2db-429b-a94a-7d6a226ffcbf}\InProcServer32\,C:\Windows\SysWOW64\catsrvut.dll
ST869VRJ,Classes\CLSID\{B87BEB7B-8D29-423F-AE4D-6582C10175AC}\InProcServer32,REG_SZ,,NT AUTHORITY\SYSTEM,HKEY_LOCAL_MACHINE\Software\Classes\CLSID\{B87BEB7B-8D29-423F-AE4D-6582C10175AC}\InProcServer32\,C:\Windows\System32\quartz.dll
ST869VRJ,Classes\CLSID\{7a54bbed-bb9b-425a-8bd7-1a5410923dcf}\InProcServer32,REG_EXPAND_SZ,,NT AUTHORITY\SYSTEM,HKEY_LOCAL_MACHINE\Software\Classes\CLSID\{7a54bbed-bb9b-425a-8bd7-1a5410923dcf}\InProcServer32\,%SystemRoot%\system32\SearchFolder.dll
ST869VRJ,Classes\CLSID\{4662DAA9-D393-11D0-9A56-00C04FB68BF7}\InProcServer32,REG_SZ,,NT AUTHORITY\SYSTEM,HKEY_LOCAL_MACHINE\Software\Classes\CLSID\{4662DAA9-D393-11D0-9A56-00C04FB68BF7}\InProcServer32\,C:\Windows\System32\itircl.dll
ST869VRJ,Classes\CLSID\{56a91da5-5051-49f5-8d23-1f050a63e966}\InProcServer32,REG_EXPAND_SZ,,NT AUTHORITY\SYSTEM,HKEY_LOCAL_MACHINE\Software\Classes\CLSID\{56a91da5-5051-49f5-8d23-1f050a63e966}\InProcServer32\,%SystemRoot%\system32\shell32.dll
ST869VRJ,Classes\CLSID\{33fd0563-d81a-4393-83cc-0195b1da2f91}\InProcServer32,REG_EXPAND_SZ,,NT AUTHORITY\SYSTEM,HKEY_LOCAL_MACHINE\Software\Classes\CLSID\{33fd0563-d81a-4393-83cc-0195b1da2f91}\InProcServer32\,%SystemRoot%\system32\upnp.dll
ST869VRJ,Classes\CLSID\{E436EBB1-524F-11CE-9F53-0020AF0BA770}\InProcServer32,REG_SZ,,NT AUTHORITY\SYSTEM,HKEY_LOCAL_MACHINE\Software\Classes\CLSID\{E436EBB1-524F-11CE-9F53-0020AF0BA770}\InProcServer32\,C:\Windows\System32\quartz.dll
ST869VRJ,Wow6432Node\Classes\CLSID\{11D5C91F-0A98-11D1-BB10-00C04FC9A3A3}\InProcServer32,REG_SZ,,NT AUTHORITY\SYSTEM,HKEY_LOCAL_MACHINE\Software\Wow6432Node\Classes\CLSID\{11D5C91F-0A98-11D1-BB10-00C04FC9A3A3}\InProcServer32\,C:\Windows\SysWOW64\mycomput.dll
ST869VRJ,Classes\CLSID\{5828227c-20cf-4408-b73f-73ab70b8849f}\InProcServer32,REG_EXPAND_SZ,,NT SERVICE\TrustedInstaller,HKEY_LOCAL_MACHINE\Software\Classes\CLSID\{5828227c-20cf-4408-b73f-73ab70b8849f}\InProcServer32\,%windir%\system32\rdpcorets.dll
ST869VRJ,Classes\CLSID\{0AFCCBA6-BF90-4A4E-8482-0AC960981F5B}\InProcServer32,REG_EXPAND_SZ,,NT AUTHORITY\SYSTEM,HKEY_LOCAL_MACHINE\Software\Classes\CLSID\{0AFCCBA6-BF90-4A4E-8482-0AC960981F5B}\InProcServer32\,%SystemRoot%\system32\shell32.dll
ST869VRJ,Classes\CLSID\{a00e1768-4a9b-4d97-afc6-99d329f605f2}\InProcServer32,REG_SZ,,NT AUTHORITY\SYSTEM,HKEY_LOCAL_MACHINE\Software\Classes\CLSID\{a00e1768-4a9b-4d97-afc6-99d329f605f2}\InProcServer32\,C:\Windows\System32\comsnap.dll
ST869VRJ,Classes\CLSID\{C4BF21DA-F1E5-4C7F-A611-2698645B19EF}\InProcServer32,REG_EXPAND_SZ,,NT AUTHORITY\SYSTEM,HKEY_LOCAL_MACHINE\Software\Classes\CLSID\{C4BF21DA-F1E5-4C7F-A611-2698645B19EF}\InProcServer32\,%SystemRoot%\System32\NaturalLanguage6.dll
ST869VRJ,Classes\CLSID\{6896B49D-7AFB-34DC-934E-5ADD38EEEE39}\InProcServer32,REG_SZ,,NT AUTHORITY\SYSTEM,HKEY_LOCAL_MACHINE\Software\Classes\CLSID\{6896B49D-7AFB-34DC-934E-5ADD38EEEE39}\InProcServer32\,C:\Windows\System32\mscoree.dll
ST869VRJ,CurrentControlSet\Services\xennet\,REG_EXPAND_SZ,ImagePath,NT AUTHORITY\SYSTEM,HKEY_LOCAL_MACHINE\SYSTEM\CurrentControlSet\Services\xennet\ImagePath,\SystemRoot\system32\DRIVERS\xennet.sys
ST869VRJ,Classes\CLSID\{06EEE834-461C-42c2-8DCF-1502B527B1F9}\InProcServer32,REG_SZ,,NT AUTHORITY\SYSTEM,HKEY_LOCAL_MACHINE\Software\Classes\CLSID\{06EEE834-461C-42c2-8DCF-1502B527B1F9}\InProcServer32\,C:\Windows\System32\ieframe.dll
ST869VRJ,Classes\CLSID\{03837528-098B-11D8-9414-505054503030}\InProcServer32,REG_EXPAND_SZ,,NT AUTHORITY\SYSTEM,HKEY_LOCAL_MACHINE\Software\Classes\CLSID\{03837528-098B-11D8-9414-505054503030}\InProcServer32\,%SystemRoot%\System32\pla.dll
ST869VRJ,Classes\CLSID\{BA126F01-2166-11D1-B1D0-00805FC1270E}\InProcServer32,REG_EXPAND_SZ,,NT AUTHORITY\SYSTEM,HKEY_LOCAL_MACHINE\Software\Classes\CLSID\{BA126F01-2166-11D1-B1D0-00805FC1270E}\InProcServer32\,%SystemRoot%\system32\netshell.dll
ST869VRJ,Classes\CLSID\{4a7ded0a-ad25-11d0-98a8-0800361b1103}\InProcServer32,REG_EXPAND_SZ,,NT AUTHORITY\SYSTEM,HKEY_LOCAL_MACHINE\Software\Classes\CLSID\{4a7ded0a-ad25-11d0-98a8-0800361b1103}\InProcServer32\,%SystemRoot%\system32\mydocs.dll
ST869VRJ,Classes\CLSID\{EAB22AC3-30C1-11CF-A7EB-0000C05BAE0B}\InProcServer32,REG_SZ,,NT AUTHORITY\SYSTEM,HKEY_LOCAL_MACHINE\Software\Classes\CLSID\{EAB22AC3-30C1-11CF-A7EB-0000C05BAE0B}\InProcServer32\,C:\Windows\System32\ieframe.dll
ST869VRJ,Classes\CLSID\{39B68485-6773-3C46-82E9-56D8F0B4570C}\InProcServer32,REG_SZ,,NT AUTHORITY\SYSTEM,HKEY_LOCAL_MACHINE\Software\Classes\CLSID\{39B68485-6773-3C46-82E9-56D8F0B4570C}\InProcServer32\,C:\Windows\System32\mscoree.dll
ST869VRJ,Wow6432Node\Classes\CLSID\{98af66e4-aa41-4226-b80f-0b1a8f34eeb4}\InProcServer32,REG_SZ,,NT AUTHORITY\SYSTEM,HKEY_LOCAL_MACHINE\Software\Wow6432Node\Classes\CLSID\{98af66e4-aa41-4226-b80f-0b1a8f34eeb4}\InProcServer32\,C:\Windows\SysWOW64\dfshim.dll
ST869VRJ,Classes\CLSID\{ACD883FE-C0E6-4293-AD35-B3ACBD3EF3B3}\InProcServer32,REG_SZ,,NT AUTHORITY\SYSTEM,HKEY_LOCAL_MACHINE\Software\Classes\CLSID\{ACD883FE-C0E6-4293-AD35-B3ACBD3EF3B3}\InProcServer32\,C:\Windows\System32\wups2.dll
ST869VRJ,CurrentControlSet\Services\EFS\Parameters\,REG_EXPAND_SZ,ServiceDll,NT AUTHORITY\SYSTEM,HKEY_LOCAL_MACHINE\SYSTEM\CurrentControlSet\Services\EFS\Parameters\ServiceDll,%SystemRoot%\system32\efssvc.dll
ST869VRJ,Classes\CLSID\{7071ECA8-663B-4bc1-A1FA-B97F3B917C55}\InProcServer32,REG_EXPAND_SZ,,NT AUTHORITY\SYSTEM,HKEY_LOCAL_MACHINE\Software\Classes\CLSID\{7071ECA8-663B-4bc1-A1FA-B97F3B917C55}\InProcServer32\,%SystemRoot%\system32\connect.dll
ST869VRJ,CurrentControlSet\Services\usbprint\,REG_EXPAND_SZ,ImagePath,NT AUTHORITY\SYSTEM,HKEY_LOCAL_MACHINE\SYSTEM\CurrentControlSet\Services\usbprint\ImagePath,\SystemRoot\System32\drivers\usbprint.sys
ST869VRJ,Classes\CLSID\{C6E13343-30AC-11D0-A18C-00A0C9118956}\InProcServer32,REG_SZ,,NT AUTHORITY\SYSTEM,HKEY_LOCAL_MACHINE\Software\Classes\CLSID\{C6E13343-30AC-11D0-A18C-00A0C9118956}\InProcServer32\,C:\Windows\System32\kswdmcap.ax
ST869VRJ,CurrentControlSet\Services\NdisImPlatform\,REG_EXPAND_SZ,ImagePath,NT AUTHORITY\SYSTEM,HKEY_LOCAL_MACHINE\SYSTEM\CurrentControlSet\Services\NdisImPlatform\ImagePath,\SystemRoot\system32\DRIVERS\NdisImPlatform.sys
ST869VRJ,Classes\CLSID\{58221C66-EA27-11CF-ADCF-00AA00A80033}\InProcServer32,REG_EXPAND_SZ,,NT AUTHORITY\SYSTEM,HKEY_LOCAL_MACHINE\Software\Classes\CLSID\{58221C66-EA27-11CF-ADCF-00AA00A80033}\InProcServer32\,%SystemRoot%\system32\filemgmt.dll
ST869VRJ,Classes\CLSID\{7B3BE4B3-1ACA-40A1-B056-E01874B94975}\InProcServer32,REG_SZ,,BUILTIN\Administrators,HKEY_LOCAL_MACHINE\Software\Classes\CLSID\{7B3BE4B3-1ACA-40A1-B056-E01874B94975}\InProcServer32\,c:\PROGRA~1\mcafee\msc\mcmscshm.dll
ST869VRJ,Classes\CLSID\{715D9C59-4442-11D2-9605-00C04F8EE628}\InProcServer32,REG_EXPAND_SZ,,NT AUTHORITY\SYSTEM,HKEY_LOCAL_MACHINE\Software\Classes\CLSID\{715D9C59-4442-11D2-9605-00C04F8EE628}\InProcServer32\,%SystemRoot%\System32\Speech\Common\sapi.dll
ST869VRJ,Classes\CLSID\{71C99AB9-508A-4671-8B67-302E098FBFA8}\InProcServer32,REG_SZ,,NT AUTHORITY\SYSTEM,HKEY_LOCAL_MACHINE\Software\Classes\CLSID\{71C99AB9-508A-4671-8B67-302E098FBFA8}\InProcServer32\,C:\Windows\System32\twinui.dll
ST869VRJ,Classes\CLSID\{2155fee3-2419-4373-b102-6843707eb41f}\InProcServer32,REG_SZ,,NT AUTHORITY\SYSTEM,HKEY_LOCAL_MACHINE\Software\Classes\CLSID\{2155fee3-2419-4373-b102-6843707eb41f}\InProcServer32\,C:\Windows\System32\thumbcache.dll
ST869VRJ,Classes\CLSID\{7db875bd-1b88-4c5f-9e4c-ed23eaff24e1}\InProcServer32,REG_EXPAND_SZ,,NT AUTHORITY\SYSTEM,HKEY_LOCAL_MACHINE\Software\Classes\CLSID\{7db875bd-1b88-4c5f-9e4c-ed23eaff24e1}\InProcServer32\,%SystemRoot%\system32\twinui.dll
ST869VRJ,Classes\CLSID\{ecabb0bf-7f19-11d2-978e-0000f8757e2a}\InProcServer32,REG_SZ,,NT AUTHORITY\SYSTEM,HKEY_LOCAL_MACHINE\Software\Classes\CLSID\{ecabb0bf-7f19-11d2-978e-0000f8757e2a}\InProcServer32\,C:\Windows\System32\comsvcs.dll
ST869VRJ,Classes\CLSID\{7be9d83c-a729-4d97-b5a7-1b7313c39e0a}\InProcServer32,REG_EXPAND_SZ,,NT AUTHORITY\SYSTEM,HKEY_LOCAL_MACHINE\Software\Classes\CLSID\{7be9d83c-a729-4d97-b5a7-1b7313c39e0a}\InProcServer32\,%SystemRoot%\system32\shell32.dll
ST869VRJ,Classes\CLSID\{14010e02-bbbd-41f0-88e3-eda371216584}\InProcServer32,REG_EXPAND_SZ,,NT AUTHORITY\SYSTEM,HKEY_LOCAL_MACHINE\Software\Classes\CLSID\{14010e02-bbbd-41f0-88e3-eda371216584}\InProcServer32\,%SystemRoot%\system32\SearchFolder.dll
ST869VRJ,Classes\CLSID\{3F281000-E95A-11d2-886B-00C04F869F04}\InProcServer32,REG_SZ,,NT AUTHORITY\SYSTEM,HKEY_LOCAL_MACHINE\Software\Classes\CLSID\{3F281000-E95A-11d2-886B-00C04F869F04}\InProcServer32\,C:\Windows\System32\mscoree.dll
ST869VRJ,Wow6432Node\Classes\CLSID\{DEA8AFA0-CC85-11D0-9CE2-0080C7221EBD}\InProcServer32,REG_SZ,,NT AUTHORITY\SYSTEM,HKEY_LOCAL_MACHINE\Software\Wow6432Node\Classes\CLSID\{DEA8AFA0-CC85-11D0-9CE2-0080C7221EBD}\InProcServer32\,C:\Windows\SysWOW64\ipsecsnp.dll
ST869VRJ,Classes\CLSID\{76A64158-CB41-11D1-8B02-00600806D9B6}\InProcServer32,REG_EXPAND_SZ,,NT AUTHORITY\SYSTEM,HKEY_LOCAL_MACHINE\Software\Classes\CLSID\{76A64158-CB41-11D1-8B02-00600806D9B6}\InProcServer32\,%SystemRoot%\system32\wbem\wbemdisp.dll
ST869VRJ,Classes\CLSID\{C438913D-25B3-48cf-9310-9422CBCB19AB}\InProcServer32,REG_SZ,,BUILTIN\Administrators,HKEY_LOCAL_MACHINE\Software\Classes\CLSID\{C438913D-25B3-48cf-9310-9422CBCB19AB}\InProcServer32\,C:\Program Files\McAfee\MSK\mskpxplg.dll
ST869VRJ,Classes\CLSID\{43136EB5-D36C-11CF-ADBC-00AA00A80033}\InProcServer32,REG_EXPAND_SZ,,NT AUTHORITY\SYSTEM,HKEY_LOCAL_MACHINE\Software\Classes\CLSID\{43136EB5-D36C-11CF-ADBC-00AA00A80033}\InProcServer32\,%SystemRoot%\system32\mmcndmgr.dll
ST869VRJ,Classes\CLSID\{d2e86c4f-ea06-4a89-bf00-b49706db46e6}\InProcServer32,REG_SZ,,NT AUTHORITY\SYSTEM,HKEY_LOCAL_MACHINE\Software\Classes\CLSID\{d2e86c4f-ea06-4a89-bf00-b49706db46e6}\InProcServer32\,C:\Windows\System32\DDORes.dll
ST869VRJ,Wow6432Node\Classes\CLSID\{21CBFEC0-E728-420C-B4A4-A58AD2089ABA}\InProcServer32,REG_SZ,,BUILTIN\Administrators,HKEY_LOCAL_MACHINE\Software\Wow6432Node\Classes\CLSID\{21CBFEC0-E728-420C-B4A4-A58AD2089ABA}\InProcServer32\,C:\Program Files\McAfee\WebAdvisor\win32\WSSDep.dll
ST869VRJ,Classes\CLSID\{EF7DEED8-27D0-42DC-B135-664EEFC69F52}\InProcServer32,REG_SZ,,NT AUTHORITY\SYSTEM,HKEY_LOCAL_MACHINE\Software\Classes\CLSID\{EF7DEED8-27D0-42DC-B135-664EEFC69F52}\InProcServer32\,C:\Windows\System32\Windows.Web.Http.dll
ST869VRJ,Classes\CLSID\{6A2E0670-28E4-11D0-A18C-00A0C9118956}\InProcServer32,REG_SZ,,NT AUTHORITY\SYSTEM,HKEY_LOCAL_MACHINE\Software\Classes\CLSID\{6A2E0670-28E4-11D0-A18C-00A0C9118956}\InProcServer32\,C:\Windows\System32\kswdmcap.ax
ST869VRJ,Classes\CLSID\{71F96464-78F3-11D0-A18C-00A0C9118956}\InProcServer32,REG_SZ,,NT AUTHORITY\SYSTEM,HKEY_LOCAL_MACHINE\Software\Classes\CLSID\{71F96464-78F3-11D0-A18C-00A0C9118956}\InProcServer32\,C:\Windows\System32\kswdmcap.ax
ST869VRJ,Classes\CLSID\{BBEDBE75-6E9C-40CB-8D3C-681E9F03807E}\InProcServer32,REG_SZ,,BUILTIN\Administrators,HKEY_LOCAL_MACHINE\Software\Classes\CLSID\{BBEDBE75-6E9C-40CB-8D3C-681E9F03807E}\InProcServer32\,C:\Program Files\Common Files\McAfee\MHN\HomeNetSvc.dll
ST869VRJ,Classes\CLSID\{A36E4EAF-EA3F-30A6-906D-374BBF7903B1}\InProcServer32,REG_SZ,,NT AUTHORITY\SYSTEM,HKEY_LOCAL_MACHINE\Software\Classes\CLSID\{A36E4EAF-EA3F-30A6-906D-374BBF7903B1}\InProcServer32\,C:\Windows\System32\mscoree.dll
ST869VRJ,Classes\CLSID\{16AA5514-10D0-47F4-8EFD-FF066D924F2B}\InProcServer32,REG_SZ,,NT AUTHORITY\SYSTEM,HKEY_LOCAL_MACHINE\Software\Classes\CLSID\{16AA5514-10D0-47F4-8EFD-FF066D924F2B}\InProcServer32\,C:\Windows\System32\twinui.dll
ST869VRJ,Classes\CLSID\{2DB5E62B-0D67-495F-8F9D-C2F0188647AC}\InProcServer32,REG_EXPAND_SZ,,NT AUTHORITY\SYSTEM,HKEY_LOCAL_MACHINE\Software\Classes\CLSID\{2DB5E62B-0D67-495F-8F9D-C2F0188647AC}\InProcServer32\,%SystemRoot%\system32\windowscodecs.dll
ST869VRJ,CurrentControlSet\Services\s3cap\,REG_EXPAND_SZ,ImagePath,NT AUTHORITY\SYSTEM,HKEY_LOCAL_MACHINE\SYSTEM\CurrentControlSet\Services\s3cap\ImagePath,\SystemRoot\System32\drivers\vms3cap.sys
ST869VRJ,Classes\CLSID\{06290BD9-48AA-11D2-8432-006008C3FBFC}\InProcServer32,REG_SZ,,NT AUTHORITY\SYSTEM,HKEY_LOCAL_MACHINE\Software\Classes\CLSID\{06290BD9-48AA-11D2-8432-006008C3FBFC}\InProcServer32\,C:\Windows\System32\scrobj.dll
ST869VRJ,Classes\CLSID\{84D248DA-52CD-442c-B6AE-28F143DB1E33}\InProcServer32,REG_SZ,,BUILTIN\Administrators,HKEY_LOCAL_MACHINE\Software\Classes\CLSID\{84D248DA-52CD-442c-B6AE-28F143DB1E33}\InProcServer32\,C:\Program Files\McAfee\MfeAV\mcqtax.dll
ST869VRJ,Classes\CLSID\{C76B435D-86C2-30FD-9329-E2603246095C}\InProcServer32,REG_SZ,,NT AUTHORITY\SYSTEM,HKEY_LOCAL_MACHINE\Software\Classes\CLSID\{C76B435D-86C2-30FD-9329-E2603246095C}\InProcServer32\,C:\Windows\System32\mscoree.dll
ST869VRJ,Classes\CLSID\{3050f4f5-98B5-11CF-BB82-00AA00BDCE0B}\InProcServer32,REG_SZ,,NT AUTHORITY\SYSTEM,HKEY_LOCAL_MACHINE\Software\Classes\CLSID\{3050f4f5-98B5-11CF-BB82-00AA00BDCE0B}\InProcServer32\,C:\Windows\System32\mshtmled.dll
ST869VRJ,Classes\CLSID\{e657ebe3-9854-4ee6-8d2a-2d885fc6e1db}\InProcServer32,REG_EXPAND_SZ,,NT AUTHORITY\SYSTEM,HKEY_LOCAL_MACHINE\Software\Classes\CLSID\{e657ebe3-9854-4ee6-8d2a-2d885fc6e1db}\InProcServer32\,%SystemRoot%\system32\shdocvw.dll
ST869VRJ,Classes\CLSID\{C03E8534-781E-49a1-8190-CE902D0B2CE7}\InProcServer32,REG_EXPAND_SZ,,NT AUTHORITY\SYSTEM,HKEY_LOCAL_MACHINE\Software\Classes\CLSID\{C03E8534-781E-49a1-8190-CE902D0B2CE7}\InProcServer32\,%SystemRoot%\system32\rasgcw.dll
ST869VRJ,Classes\CLSID\{92F2118A-E813-4A4D-9DE2-F96A9DC02C53}\InProcServer32,REG_EXPAND_SZ,,NT AUTHORITY\SYSTEM,HKEY_LOCAL_MACHINE\Software\Classes\CLSID\{92F2118A-E813-4A4D-9DE2-F96A9DC02C53}\InProcServer32\,%SystemRoot%\System32\NaturalLanguage6.dll
ST869VRJ,Classes\CLSID\{C89FC3EF-A0DC-4feb-BFBC-F13A9C334D4F}\InProcServer32,REG_EXPAND_SZ,,NT AUTHORITY\SYSTEM,HKEY_LOCAL_MACHINE\Software\Classes\CLSID\{C89FC3EF-A0DC-4feb-BFBC-F13A9C334D4F}\InProcServer32\,%SystemRoot%\system32\authui.dll
ST869VRJ,Classes\CLSID\{678BABBE-FE1A-40A6-BB51-DFBF5F902E02}\InProcServer32,REG_SZ,,BUILTIN\Administrators,HKEY_LOCAL_MACHINE\Software\Classes\CLSID\{678BABBE-FE1A-40A6-BB51-DFBF5F902E02}\InProcServer32\,c:\PROGRA~1\mcafee\msc\rprtshm.dll
ST869VRJ,Classes\CLSID\{3fb11ad5-928d-4534-b217-2ffbfdbb6395}\InProcServer32,REG_SZ,,NT AUTHORITY\SYSTEM,HKEY_LOCAL_MACHINE\Software\Classes\CLSID\{3fb11ad5-928d-4534-b217-2ffbfdbb6395}\InProcServer32\,C:\Windows\System32\IME\shared\mscand20.dll
ST869VRJ,Classes\CLSID\{03E7DAD7-17A6-4F91-A879-F276B6FD62F8}\InProcServer32,REG_EXPAND_SZ,,NT AUTHORITY\SYSTEM,HKEY_LOCAL_MACHINE\Software\Classes\CLSID\{03E7DAD7-17A6-4F91-A879-F276B6FD62F8}\InProcServer32\,%SystemRoot%\System32\delegatorprovider.dll
ST869VRJ,Classes\CLSID\{370BF38C-0451-42e8-9B03-0CAFA95081B6}\InProcServer32,REG_SZ,,NT AUTHORITY\SYSTEM,HKEY_LOCAL_MACHINE\Software\Classes\CLSID\{370BF38C-0451-42e8-9B03-0CAFA95081B6}\InProcServer32\,C:\Windows\System32\shell32.dll
ST869VRJ,Classes\CLSID\{F975AF2C-9A51-4AF0-91EA-06038698CE38}\InProcServer32,REG_EXPAND_SZ,,NT AUTHORITY\SYSTEM,HKEY_LOCAL_MACHINE\Software\Classes\CLSID\{F975AF2C-9A51-4AF0-91EA-06038698CE38}\InProcServer32\,%SystemRoot%\system32\dpnet.dll
ST869VRJ,Classes\CLSID\{9cfc2df3-6ba3-46ef-a836-e519e81f0ec4}\InProcServer32,REG_EXPAND_SZ,,NT AUTHORITY\SYSTEM,HKEY_LOCAL_MACHINE\Software\Classes\CLSID\{9cfc2df3-6ba3-46ef-a836-e519e81f0ec4}\InProcServer32\,%SystemRoot%\system32\propsys.dll
ST869VRJ,Classes\CLSID\{a2a9545d-a0c2-42b4-9708-a0b2badd77c8}\InProcServer32,REG_EXPAND_SZ,,NT AUTHORITY\SYSTEM,HKEY_LOCAL_MACHINE\Software\Classes\CLSID\{a2a9545d-a0c2-42b4-9708-a0b2badd77c8}\InProcServer32\,%SystemRoot%\system32\shell32.dll
ST869VRJ,Classes\CLSID\{5635493f-7d77-4372-a839-8ad89f5b3726}\InProcServer32,REG_EXPAND_SZ,,NT AUTHORITY\SYSTEM,HKEY_LOCAL_MACHINE\Software\Classes\CLSID\{5635493f-7d77-4372-a839-8ad89f5b3726}\InProcServer32\,%SystemRoot%\system32\twinui.dll
ST869VRJ,Classes\CLSID\{D9E859EA-9C2B-4916-9B39-BCF2BBD50B63}\InProcServer32,REG_EXPAND_SZ,,NT AUTHORITY\SYSTEM,HKEY_LOCAL_MACHINE\Software\Classes\CLSID\{D9E859EA-9C2B-4916-9B39-BCF2BBD50B63}\InProcServer32\,%SystemRoot%\System32\MSWB7.dll
ST869VRJ,Classes\CLSID\{FD853CEB-7F86-11d0-8252-00C04FD85AB4}\InProcServer32,REG_SZ,,NT AUTHORITY\SYSTEM,HKEY_LOCAL_MACHINE\Software\Classes\CLSID\{FD853CEB-7F86-11d0-8252-00C04FD85AB4}\InProcServer32\,C:\Windows\System32\inetcomm.dll
ST869VRJ,CurrentControlSet\Services\netprofm\Parameters\,REG_EXPAND_SZ,ServiceDll,NT AUTHORITY\SYSTEM,HKEY_LOCAL_MACHINE\SYSTEM\CurrentControlSet\Services\netprofm\Parameters\ServiceDll,%SystemRoot%\System32\netprofmsvc.dll
ST869VRJ,Classes\CLSID\{41E300E0-78B6-11ce-849B-444553540000}\InProcServer32,REG_EXPAND_SZ,,NT AUTHORITY\SYSTEM,HKEY_LOCAL_MACHINE\Software\Classes\CLSID\{41E300E0-78B6-11ce-849B-444553540000}\InProcServer32\,%SystemRoot%\system32\themeui.dll
ST869VRJ,Classes\CLSID\{802E19CB-06A0-445D-8297-7DFEEA406DDD}\InProcServer32,REG_EXPAND_SZ,,NT AUTHORITY\SYSTEM,HKEY_LOCAL_MACHINE\Software\Classes\CLSID\{802E19CB-06A0-445D-8297-7DFEEA406DDD}\InProcServer32\,%SystemRoot%\System32\UserLanguagesCpl.dll
ST869VRJ,Classes\CLSID\{F5078F34-C551-11D3-89B9-0000F81FE221}\InProcServer32,REG_EXPAND_SZ,,NT AUTHORITY\SYSTEM,HKEY_LOCAL_MACHINE\Software\Classes\CLSID\{F5078F34-C551-11D3-89B9-0000F81FE221}\InProcServer32\,%SystemRoot%\System32\msxml3.dll
ST869VRJ,Classes\CLSID\{095D3BE1-A874-46A5-B989-AE43E3427E3C}\InProcServer32,REG_EXPAND_SZ,,NT AUTHORITY\SYSTEM,HKEY_LOCAL_MACHINE\Software\Classes\CLSID\{095D3BE1-A874-46A5-B989-AE43E3427E3C}\InProcServer32\,%SystemRoot%\System32\NaturalLanguage6.dll
ST869VRJ,Classes\CLSID\{73CFD649-CD48-4fd8-A272-2070EA56526B}\InProcServer32,REG_SZ,,NT AUTHORITY\SYSTEM,HKEY_LOCAL_MACHINE\Software\Classes\CLSID\{73CFD649-CD48-4fd8-A272-2070EA56526B}\InProcServer32\,C:\Windows\System32\ieframe.dll
ST869VRJ,Classes\CLSID\{AF02484C-A0A9-4669-9051-058AB12B9195}\InProcServer32,REG_EXPAND_SZ,,NT AUTHORITY\SYSTEM,HKEY_LOCAL_MACHINE\Software\Classes\CLSID\{AF02484C-A0A9-4669-9051-058AB12B9195}\InProcServer32\,%SystemRoot%\System32\comdlg32.dll
ST869VRJ,CurrentControlSet\Services\tsusbhub\,REG_EXPAND_SZ,ImagePath,NT AUTHORITY\SYSTEM,HKEY_LOCAL_MACHINE\SYSTEM\CurrentControlSet\Services\tsusbhub\ImagePath,\SystemRoot\System32\drivers\tsusbhub.sys
ST869VRJ,Microsoft\Windows NT\CurrentVersion\Image File Execution Options\cscript.exe\,REG_DWORD,DisableExceptionChainValidation,NT AUTHORITY\SYSTEM,HKEY_LOCAL_MACHINE\Software\Microsoft\Windows NT\CurrentVersion\Image File Execution Options\cscript.exe\DisableExceptionChainValidation,3
ST869VRJ,CurrentControlSet\Services\MSSQL$SQLEXPRESS\,REG_EXPAND_SZ,ImagePath,BUILTIN\Administrators,HKEY_LOCAL_MACHINE\SYSTEM\CurrentControlSet\Services\MSSQL$SQLEXPRESS\ImagePath,"""C:\Program Files\Microsoft SQL Server\MSSQL14.SQLEXPRESS\MSSQL\Binn\sqlservr.exe"" -sSQLEXPRESS"
ST869VRJ,Classes\CLSID\{64693913-1c21-4f30-a98f-4e52906d3b56}\InProcServer32,REG_EXPAND_SZ,,NT AUTHORITY\SYSTEM,HKEY_LOCAL_MACHINE\Software\Classes\CLSID\{64693913-1c21-4f30-a98f-4e52906d3b56}\InProcServer32\,%SystemRoot%\system32\twinui.dll
ST869VRJ,Classes\CLSID\{3ED11E13-AB3A-49A1-B29E-B33853F6CB4A}\InProcServer32,REG_SZ,,BUILTIN\Administrators,HKEY_LOCAL_MACHINE\Software\Classes\CLSID\{3ED11E13-AB3A-49A1-B29E-B33853F6CB4A}\InProcServer32\,c:\PROGRA~1\mcafee\msc\mcupdshm.dll
ST869VRJ,Classes\CLSID\{1ee7337f-85ac-45e2-a23c-37c753209769}\InProcServer32,REG_EXPAND_SZ,,NT AUTHORITY\SYSTEM,HKEY_LOCAL_MACHINE\Software\Classes\CLSID\{1ee7337f-85ac-45e2-a23c-37c753209769}\InProcServer32\,%SystemRoot%\system32\SmartcardCredentialProvider.dll
ST869VRJ,Classes\CLSID\{777BA8D2-2498-4875-933A-3067DE883070}\InProcServer32,REG_EXPAND_SZ,,NT AUTHORITY\SYSTEM,HKEY_LOCAL_MACHINE\Software\Classes\CLSID\{777BA8D2-2498-4875-933A-3067DE883070}\InProcServer32\,%SystemRoot%\system32\xwizards.dll
ST869VRJ,Classes\CLSID\{088714E2-5783-44A2-8552-C9D7E7513339}\InProcServer32,REG_SZ,,NT AUTHORITY\SYSTEM,HKEY_LOCAL_MACHINE\Software\Classes\CLSID\{088714E2-5783-44A2-8552-C9D7E7513339}\InProcServer32\,C:\Windows\System32\twinui.dll
ST869VRJ,Classes\CLSID\{4E515531-7A71-3CDD-8078-0A01C85C8F9D}\InProcServer32,REG_SZ,,NT AUTHORITY\SYSTEM,HKEY_LOCAL_MACHINE\Software\Classes\CLSID\{4E515531-7A71-3CDD-8078-0A01C85C8F9D}\InProcServer32\,C:\Windows\System32\mscoree.dll
ST869VRJ,Wow6432Node\Classes\CLSID\{2D20F990-DA11-4B00-A082-C548EDC78428}\InProcServer32,REG_SZ,,NT AUTHORITY\SYSTEM,HKEY_LOCAL_MACHINE\Software\Wow6432Node\Classes\CLSID\{2D20F990-DA11-4B00-A082-C548EDC78428}\InProcServer32\,C:\Windows\SysWOW64\Windows.Devices.Usb.dll
ST869VRJ,Classes\CLSID\{b0c43320-2315-44a2-b70a-0943a140a8ee}\InProcServer32,REG_EXPAND_SZ,,NT AUTHORITY\SYSTEM,HKEY_LOCAL_MACHINE\Software\Classes\CLSID\{b0c43320-2315-44a2-b70a-0943a140a8ee}\InProcServer32\,%SystemRoot%\System32\XpsServices.dll
ST869VRJ,Classes\CLSID\{D753D854-4427-4F8B-AB9A-CC13167C4BC0}\InProcServer32,REG_EXPAND_SZ,,NT AUTHORITY\SYSTEM,HKEY_LOCAL_MACHINE\Software\Classes\CLSID\{D753D854-4427-4F8B-AB9A-CC13167C4BC0}\InProcServer32\,%SystemRoot%\System32\SearchFolder.dll
ST869VRJ,Classes\CLSID\{31b231f6-546d-4f9b-ac95-0f963d72559c}\InProcServer32,REG_EXPAND_SZ,,NT AUTHORITY\SYSTEM,HKEY_LOCAL_MACHINE\Software\Classes\CLSID\{31b231f6-546d-4f9b-ac95-0f963d72559c}\InProcServer32\,%SystemRoot%\system32\shell32.dll
ST869VRJ,Classes\CLSID\{BA126AE0-2166-11D1-B1D0-00805FC1270E}\InProcServer32,REG_EXPAND_SZ,,NT AUTHORITY\SYSTEM,HKEY_LOCAL_MACHINE\Software\Classes\CLSID\{BA126AE0-2166-11D1-B1D0-00805FC1270E}\InProcServer32\,%SystemRoot%\System32\hnetcfg.dll
ST869VRJ,Classes\CLSID\{328B0346-7EAF-4BBE-A479-7CB88A095F5B}\InProcServer32,REG_EXPAND_SZ,,NT AUTHORITY\SYSTEM,HKEY_LOCAL_MACHINE\Software\Classes\CLSID\{328B0346-7EAF-4BBE-A479-7CB88A095F5B}\InProcServer32\,%SystemRoot%\system32\shell32.dll
ST869VRJ,Classes\CLSID\{CB6E2B90-25FA-4F08-B46C-696F5A2B6CA5}\InProcServer32,REG_EXPAND_SZ,,NT AUTHORITY\SYSTEM,HKEY_LOCAL_MACHINE\Software\Classes\CLSID\{CB6E2B90-25FA-4F08-B46C-696F5A2B6CA5}\InProcServer32\,%SystemRoot%\System32\sppwmi.dll
ST869VRJ,Classes\CLSID\{AE62C05D-0A02-30E7-9B51-E9D4DD157207}\InProcServer32,REG_SZ,,NT AUTHORITY\SYSTEM,HKEY_LOCAL_MACHINE\Software\Classes\CLSID\{AE62C05D-0A02-30E7-9B51-E9D4DD157207}\InProcServer32\,C:\Windows\System32\mscoree.dll
ST869VRJ,Classes\CLSID\{0eb06e8d-d00a-11da-a46c-0040f4b33241}\InProcServer32,REG_EXPAND_SZ,,NT AUTHORITY\SYSTEM,HKEY_LOCAL_MACHINE\Software\Classes\CLSID\{0eb06e8d-d00a-11da-a46c-0040f4b33241}\InProcServer32\,%SystemRoot%\system32\TSErrRedir.dll
ST869VRJ,Classes\CLSID\{B9162A23-45F9-47CC-80F5-FE0FE9B9E1A2}\InProcServer32,REG_EXPAND_SZ,,NT AUTHORITY\SYSTEM,HKEY_LOCAL_MACHINE\Software\Classes\CLSID\{B9162A23-45F9-47CC-80F5-FE0FE9B9E1A2}\InProcServer32\,%SystemRoot%\System32\bidispl.dll
ST869VRJ,Wow6432Node\Classes\CLSID\{D1456EF1-172B-49C0-8CB7-FAC3C01AB446}\InProcServer32,REG_SZ,,NT AUTHORITY\SYSTEM,HKEY_LOCAL_MACHINE\Software\Wow6432Node\Classes\CLSID\{D1456EF1-172B-49C0-8CB7-FAC3C01AB446}\InProcServer32\,C:\Windows\SysWOW64\easwrt.dll
ST869VRJ,Classes\CLSID\{7b4a83b6-f704-4b77-8e3d-c6087e3a21d2}\InProcServer32,REG_EXPAND_SZ,,NT AUTHORITY\SYSTEM,HKEY_LOCAL_MACHINE\Software\Classes\CLSID\{7b4a83b6-f704-4b77-8e3d-c6087e3a21d2}\InProcServer32\,%SystemRoot%\system32\ntshrui.dll
ST869VRJ,Classes\CLSID\{C330DE32-29C7-4cf2-9807-74BCB5486A37}\InProcServer32,REG_EXPAND_SZ,,NT AUTHORITY\SYSTEM,HKEY_LOCAL_MACHINE\Software\Classes\CLSID\{C330DE32-29C7-4cf2-9807-74BCB5486A37}\InProcServer32\,%SystemRoot%\system32\qcliprov.dll
ST869VRJ,Wow6432Node\Classes\CLSID\{7FF0997A-1999-4286-A73C-622B8814E7EB}\InProcServer32,REG_SZ,,NT AUTHORITY\SYSTEM,HKEY_LOCAL_MACHINE\Software\Wow6432Node\Classes\CLSID\{7FF0997A-1999-4286-A73C-622B8814E7EB}\InProcServer32\,C:\Windows\SysWOW64\encapi.dll
ST869VRJ,Classes\CLSID\{9ac9fbe1-e0a2-4ad6-b4ee-e212013ea917}\InProcServer32,REG_EXPAND_SZ,,NT AUTHORITY\SYSTEM,HKEY_LOCAL_MACHINE\Software\Classes\CLSID\{9ac9fbe1-e0a2-4ad6-b4ee-e212013ea917}\InProcServer32\,%SystemRoot%\system32\shell32.dll
ST869VRJ,Classes\CLSID\{BF0AC53F-D51C-419F-92E3-2298E125F004}\InProcServer32,REG_EXPAND_SZ,,NT AUTHORITY\SYSTEM,HKEY_LOCAL_MACHINE\Software\Classes\CLSID\{BF0AC53F-D51C-419F-92E3-2298E125F004}\InProcServer32\,%SystemRoot%\system32\shell32.dll
ST869VRJ,Classes\CLSID\{0C39A5CF-1A7A-40C8-BA74-8900E6DF5FCD}\InProcServer32,REG_EXPAND_SZ,,NT AUTHORITY\SYSTEM,HKEY_LOCAL_MACHINE\Software\Classes\CLSID\{0C39A5CF-1A7A-40C8-BA74-8900E6DF5FCD}\InProcServer32\,%SystemRoot%\system32\shell32.dll
ST869VRJ,Classes\CLSID\{99E69691-3266-4EA2-97FF-DFC40CF90DDC}\InProcServer32,REG_SZ,,BUILTIN\Administrators,HKEY_LOCAL_MACHINE\Software\Classes\CLSID\{99E69691-3266-4EA2-97FF-DFC40CF90DDC}\InProcServer32\,c:\PROGRA~1\mcafee\mps\mpsmisp.dll
ST869VRJ,Classes\CLSID\{A03CD5F0-3045-11CF-8C44-00AA006B6814}\InProcServer32,REG_SZ,,NT AUTHORITY\SYSTEM,HKEY_LOCAL_MACHINE\Software\Classes\CLSID\{A03CD5F0-3045-11CF-8C44-00AA006B6814}\InProcServer32\,C:\Windows\System32\kswdmcap.ax
ST869VRJ,Classes\CLSID\{A6207B2E-7CDD-426A-951E-5E1CBC5AFEAD}\InProcServer32,REG_SZ,,NT AUTHORITY\SYSTEM,HKEY_LOCAL_MACHINE\Software\Classes\CLSID\{A6207B2E-7CDD-426A-951E-5E1CBC5AFEAD}\InProcServer32\,C:\Windows\System32\FirewallAPI.dll
ST869VRJ,Classes\CLSID\{23448CEA-DD83-4DC9-AD1C-0E2A70454A3B}\InProcServer32,REG_EXPAND_SZ,,NT AUTHORITY\SYSTEM,HKEY_LOCAL_MACHINE\Software\Classes\CLSID\{23448CEA-DD83-4DC9-AD1C-0E2A70454A3B}\InProcServer32\,%SystemRoot%\system32\twinapi.dll
ST869VRJ,Classes\CLSID\{4662DAAA-D393-11D0-9A56-00C04FB68BF7}\InProcServer32,REG_SZ,,NT AUTHORITY\SYSTEM,HKEY_LOCAL_MACHINE\Software\Classes\CLSID\{4662DAAA-D393-11D0-9A56-00C04FB68BF7}\InProcServer32\,C:\Windows\System32\itircl.dll
ST869VRJ,Wow6432Node\Classes\CLSID\{da7e4657-8fa8-4b76-9a14-9bf380fa3738}\InProcServer32,REG_SZ,,NT AUTHORITY\SYSTEM,HKEY_LOCAL_MACHINE\Software\Wow6432Node\Classes\CLSID\{da7e4657-8fa8-4b76-9a14-9bf380fa3738}\InProcServer32\,C:\Windows\SysWOW64\IME\SHARED\imesearchdll.dll
ST869VRJ,Classes\CLSID\{98AFF3F0-5524-11D0-8812-00A0C903B83C}\InProcServer32,REG_SZ,,NT AUTHORITY\SYSTEM,HKEY_LOCAL_MACHINE\Software\Classes\CLSID\{98AFF3F0-5524-11D0-8812-00A0C903B83C}\InProcServer32\,C:\Windows\System32\certcli.dll
ST869VRJ,Classes\CLSID\{e126b7dd-1c3b-4821-b861-a6da9ce6f096}\InProcServer32,REG_SZ,,NT AUTHORITY\SYSTEM,HKEY_LOCAL_MACHINE\Software\Classes\CLSID\{e126b7dd-1c3b-4821-b861-a6da9ce6f096}\InProcServer32\,C:\Windows\System32\IME\IMEJP\imjpapi.dll
ST869VRJ,Classes\CLSID\{078759d3-423b-48ad-ab6a-5638c2884dbe}\InProcServer32,REG_EXPAND_SZ,,NT AUTHORITY\SYSTEM,HKEY_LOCAL_MACHINE\Software\Classes\CLSID\{078759d3-423b-48ad-ab6a-5638c2884dbe}\InProcServer32\,%SystemRoot%\system32\shell32.dll
ST869VRJ,Classes\CLSID\{6038EF75-ABFC-4e59-AB6F-12D397F6568D}\InProcServer32,REG_SZ,,NT AUTHORITY\SYSTEM,HKEY_LOCAL_MACHINE\Software\Classes\CLSID\{6038EF75-ABFC-4e59-AB6F-12D397F6568D}\InProcServer32\,C:\Windows\System32\ieframe.dll
ST869VRJ,Classes\CLSID\{95CE8412-7027-11D1-B879-006008059382}\InProcServer32,REG_EXPAND_SZ,,NT AUTHORITY\SYSTEM,HKEY_LOCAL_MACHINE\Software\Classes\CLSID\{95CE8412-7027-11D1-B879-006008059382}\InProcServer32\,%SystemRoot%\system32\shell32.dll
ST869VRJ,Wow6432Node\Microsoft\Internet Explorer\Extensions\{48A61126-9A19-4C50-A214-FF08CB94995C}\,REG_SZ,HotIcon,BUILTIN\Administrators,HKEY_LOCAL_MACHINE\Software\Wow6432Node\Microsoft\Internet Explorer\Extensions\{48A61126-9A19-4C50-A214-FF08CB94995C}\HotIcon,C:\Program Files\McAfee\WebAdvisor\WebAdvisor.ico
ST869VRJ,Classes\CLSID\{3C6B7AB4-14F6-49FA-93B2-536A7374C83A}\InProcServer32,REG_SZ,,BUILTIN\Administrators,HKEY_LOCAL_MACHINE\Software\Classes\CLSID\{3C6B7AB4-14F6-49FA-93B2-536A7374C83A}\InProcServer32\,c:\PROGRA~1\mcafee\msc\MCCONT~1.DLL
ST869VRJ,Wow6432Node\Classes\CLSID\{74807f67-0058-440d-8600-65541a7fbbea}\InProcServer32,REG_SZ,,NT AUTHORITY\SYSTEM,HKEY_LOCAL_MACHINE\Software\Wow6432Node\Classes\CLSID\{74807f67-0058-440d-8600-65541a7fbbea}\InProcServer32\,C:\Windows\SysWOW64\rshx32.dll
ST869VRJ,Classes\CLSID\{D385FDAD-D394-4812-9CEC-C6575C0B2B38}\InProcServer32,REG_EXPAND_SZ,,NT AUTHORITY\SYSTEM,HKEY_LOCAL_MACHINE\Software\Classes\CLSID\{D385FDAD-D394-4812-9CEC-C6575C0B2B38}\InProcServer32\,%SystemRoot%\System32\NaturalLanguage6.dll
ST869VRJ,Classes\CLSID\{E001E795-5A24-4E12-8B9C-6B80F190767D}\InProcServer32,REG_SZ,,BUILTIN\Administrators,HKEY_LOCAL_MACHINE\Software\Classes\CLSID\{E001E795-5A24-4E12-8B9C-6B80F190767D}\InProcServer32\,c:\PROGRA~1\mcafee\msc\mcupdui.dll
ST869VRJ,Classes\CLSID\{405C2D81-315B-3CB0-8442-EF5A38D4C3B8}\InProcServer32,REG_SZ,,NT AUTHORITY\SYSTEM,HKEY_LOCAL_MACHINE\Software\Classes\CLSID\{405C2D81-315B-3CB0-8442-EF5A38D4C3B8}\InProcServer32\,C:\Windows\System32\mscoree.dll
ST869VRJ,Classes\CLSID\{2f2dc38b-34d2-462c-add4-f74cc15510a1}\InProcServer32,REG_EXPAND_SZ,,NT AUTHORITY\SYSTEM,HKEY_LOCAL_MACHINE\Software\Classes\CLSID\{2f2dc38b-34d2-462c-add4-f74cc15510a1}\InProcServer32\,%SystemRoot%\system32\explorerframe.dll
ST869VRJ,Wow6432Node\Classes\CLSID\{C64501F6-E6E6-451f-A150-25D0839BC510}\InProcServer32,REG_SZ,,NT AUTHORITY\SYSTEM,HKEY_LOCAL_MACHINE\Software\Wow6432Node\Classes\CLSID\{C64501F6-E6E6-451f-A150-25D0839BC510}\InProcServer32\,C:\Windows\SysWOW64\speech\engines\tts\MSTTSEngine.dll
ST869VRJ,Classes\CLSID\{0997898B-0713-11d2-A4AA-00C04F8EEB3E}\InProcServer32,REG_EXPAND_SZ,,NT AUTHORITY\SYSTEM,HKEY_LOCAL_MACHINE\Software\Classes\CLSID\{0997898B-0713-11d2-A4AA-00C04F8EEB3E}\InProcServer32\,%SystemRoot%\System32\shell32.dll
ST869VRJ,Classes\CLSID\{F935DC22-1CF0-11D0-ADB9-00C04FD58A0B}\InProcServer32,REG_SZ,,NT AUTHORITY\SYSTEM,HKEY_LOCAL_MACHINE\Software\Classes\CLSID\{F935DC22-1CF0-11D0-ADB9-00C04FD58A0B}\InProcServer32\,C:\Windows\System32\wshom.ocx
ST869VRJ,Classes\CLSID\{CD000011-8B95-11D1-82DB-00C04FB1625D}\InProcServer32,REG_SZ,,NT AUTHORITY\SYSTEM,HKEY_LOCAL_MACHINE\Software\Classes\CLSID\{CD000011-8B95-11D1-82DB-00C04FB1625D}\InProcServer32\,C:\Windows\System32\cdosys.dll
ST869VRJ,Classes\CLSID\{ecabafae-7f19-11d2-978e-0000f8757e2a}\InProcServer32,REG_SZ,,NT AUTHORITY\SYSTEM,HKEY_LOCAL_MACHINE\Software\Classes\CLSID\{ecabafae-7f19-11d2-978e-0000f8757e2a}\InProcServer32\,C:\Windows\System32\comsvcs.dll
ST869VRJ,Classes\CLSID\{31879719-E751-4DF8-981D-68DFF67704ED}\InProcServer32,REG_EXPAND_SZ,,NT AUTHORITY\SYSTEM,HKEY_LOCAL_MACHINE\Software\Classes\CLSID\{31879719-E751-4DF8-981D-68DFF67704ED}\InProcServer32\,%SystemRoot%\system32\windowscodecs.dll
ST869VRJ,Classes\CLSID\{6E65CBC5-926D-11D0-8E27-00C04FC99DCF}\InProcServer32,REG_SZ,,NT AUTHORITY\SYSTEM,HKEY_LOCAL_MACHINE\Software\Classes\CLSID\{6E65CBC5-926D-11D0-8E27-00C04FC99DCF}\InProcServer32\,C:\Windows\System32\rascfg.dll
ST869VRJ,CurrentControlSet\Services\ModuleCoreService\,REG_EXPAND_SZ,ImagePath,BUILTIN\Administrators,HKEY_LOCAL_MACHINE\SYSTEM\CurrentControlSet\Services\ModuleCoreService\ImagePath,"""C:\Program Files\Common Files\McAfee\ModuleCore\ModuleCoreService.exe"""
ST869VRJ,Classes\CLSID\{ecabafb0-7f19-11d2-978e-0000f8757e2a}\InProcServer32,REG_SZ,,NT AUTHORITY\SYSTEM,HKEY_LOCAL_MACHINE\Software\Classes\CLSID\{ecabafb0-7f19-11d2-978e-0000f8757e2a}\InProcServer32\,C:\Windows\System32\comsvcs.dll
ST869VRJ,Classes\CLSID\{9185F743-1143-4C28-86B5-BFF14F20E5C8}\InProcServer32,REG_EXPAND_SZ,,NT AUTHORITY\SYSTEM,HKEY_LOCAL_MACHINE\Software\Classes\CLSID\{9185F743-1143-4C28-86B5-BFF14F20E5C8}\InProcServer32\,%SystemRoot%\System32\Speech\Common\sapi.dll
ST869VRJ,Classes\CLSID\{ecabafca-7f19-11d2-978e-0000f8757e2a}\InProcServer32,REG_SZ,,NT AUTHORITY\SYSTEM,HKEY_LOCAL_MACHINE\Software\Classes\CLSID\{ecabafca-7f19-11d2-978e-0000f8757e2a}\InProcServer32\,C:\Windows\System32\comsvcs.dll
ST869VRJ,CurrentControlSet\Services\CertPropSvc\Parameters\,REG_EXPAND_SZ,ServiceDll,NT AUTHORITY\SYSTEM,HKEY_LOCAL_MACHINE\SYSTEM\CurrentControlSet\Services\CertPropSvc\Parameters\ServiceDll,%SystemRoot%\System32\certprop.dll
ST869VRJ,Classes\CLSID\{71F96467-78F3-11D0-A18C-00A0C9118956}\InProcServer32,REG_SZ,,NT AUTHORITY\SYSTEM,HKEY_LOCAL_MACHINE\Software\Classes\CLSID\{71F96467-78F3-11D0-A18C-00A0C9118956}\InProcServer32\,C:\Windows\System32\kswdmcap.ax
ST869VRJ,Classes\CLSID\{3E1ED8D2-9E95-456C-A2C0-699755E70464}\InProcServer32,REG_SZ,,BUILTIN\Administrators,HKEY_LOCAL_MACHINE\Software\Classes\CLSID\{3E1ED8D2-9E95-456C-A2C0-699755E70464}\InProcServer32\,c:\PROGRA~1\mcafee\msc\WSSNGM~1\NGMUIE~1.DLL
ST869VRJ,Classes\CLSID\{2933BF90-7B36-11D2-B20E-00C04F983E60}\InProcServer32,REG_EXPAND_SZ,,NT AUTHORITY\SYSTEM,HKEY_LOCAL_MACHINE\Software\Classes\CLSID\{2933BF90-7B36-11D2-B20E-00C04F983E60}\InProcServer32\,%SystemRoot%\System32\msxml3.dll
ST869VRJ,Classes\CLSID\{B37BF7D7-B78E-4465-98DE-71732453B03D}\InProcServer32,REG_EXPAND_SZ,,NT AUTHORITY\SYSTEM,HKEY_LOCAL_MACHINE\Software\Classes\CLSID\{B37BF7D7-B78E-4465-98DE-71732453B03D}\InProcServer32\,%SystemRoot%\system32\shell32.dll
ST869VRJ,Classes\CLSID\{0A29FF9E-7F9C-4437-8B11-F424491E3931}\InProcServer32,REG_SZ,,NT AUTHORITY\SYSTEM,HKEY_LOCAL_MACHINE\Software\Classes\CLSID\{0A29FF9E-7F9C-4437-8B11-F424491E3931}\InProcServer32\,C:\Windows\System32\mscoree.dll
ST869VRJ,Classes\CLSID\{777B6BBD-2FF2-11D3-88FE-00C04F8EF9B5}\InProcServer32,REG_EXPAND_SZ,,NT AUTHORITY\SYSTEM,HKEY_LOCAL_MACHINE\Software\Classes\CLSID\{777B6BBD-2FF2-11D3-88FE-00C04F8EF9B5}\InProcServer32\,%SystemRoot%\System32\Speech\Common\sapi.dll
ST869VRJ,Classes\CLSID\{2D01F7CA-044B-4684-BD2E-E835F04F3D5D}\InProcServer32,REG_EXPAND_SZ,,NT AUTHORITY\SYSTEM,HKEY_LOCAL_MACHINE\Software\Classes\CLSID\{2D01F7CA-044B-4684-BD2E-E835F04F3D5D}\InProcServer32\,%SystemRoot%\System32\oobe\msoobedui.dll
ST869VRJ,Classes\CLSID\{7B2801E6-0BC6-4c92-B742-6BE9B01AE874}\InProcServer32,REG_SZ,,NT AUTHORITY\SYSTEM,HKEY_LOCAL_MACHINE\Software\Classes\CLSID\{7B2801E6-0BC6-4c92-B742-6BE9B01AE874}\InProcServer32\,C:\Windows\System32\mscoree.dll
ST869VRJ,Classes\CLSID\{217FC9C0-3AEA-1069-A2DB-08002B30309D}\InProcServer32,REG_EXPAND_SZ,,NT AUTHORITY\SYSTEM,HKEY_LOCAL_MACHINE\Software\Classes\CLSID\{217FC9C0-3AEA-1069-A2DB-08002B30309D}\InProcServer32\,%SystemRoot%\system32\shell32.dll
ST869VRJ,Classes\CLSID\{ecabafd3-7f19-11d2-978e-0000f8757e2a}\InProcServer32,REG_SZ,,NT AUTHORITY\SYSTEM,HKEY_LOCAL_MACHINE\Software\Classes\CLSID\{ecabafd3-7f19-11d2-978e-0000f8757e2a}\InProcServer32\,C:\Windows\System32\comsvcs.dll
ST869VRJ,Classes\CLSID\{A102468F-8109-478E-8D94-E8AA958AC9EA}\InProcServer32,REG_SZ,,NT AUTHORITY\SYSTEM,HKEY_LOCAL_MACHINE\Software\Classes\CLSID\{A102468F-8109-478E-8D94-E8AA958AC9EA}\InProcServer32\,C:\Windows\System32\ScwFirewallExt.dll
ST869VRJ,Classes\CLSID\{DC651A43-0720-4a2b-9971-BD2EF1329A3D}\InProcServer32,REG_SZ,,NT AUTHORITY\SYSTEM,HKEY_LOCAL_MACHINE\Software\Classes\CLSID\{DC651A43-0720-4a2b-9971-BD2EF1329A3D}\InProcServer32\,C:\Windows\System32\ieframe.dll
ST869VRJ,Classes\CLSID\{9EBE7B1C-29B4-457A-A4FF-2883604805E0}\InProcServer32,REG_SZ,,BUILTIN\Administrators,HKEY_LOCAL_MACHINE\Software\Classes\CLSID\{9EBE7B1C-29B4-457A-A4FF-2883604805E0}\InProcServer32\,c:\PROGRA~1\COMMON~1\mcafee\VSCORE~2\vscver.dll
ST869VRJ,Classes\CLSID\{e0142b6f-a79d-451a-91a9-37e83ab696ec}\InProcServer32,REG_EXPAND_SZ,,NT AUTHORITY\SYSTEM,HKEY_LOCAL_MACHINE\Software\Classes\CLSID\{e0142b6f-a79d-451a-91a9-37e83ab696ec}\InProcServer32\,%SystemRoot%\system32\authui.dll
ST869VRJ,Classes\CLSID\{F9A7AB61-C0BC-490e-A7FE-BFF26B327A3F}\InProcServer32,REG_EXPAND_SZ,,NT AUTHORITY\SYSTEM,HKEY_LOCAL_MACHINE\Software\Classes\CLSID\{F9A7AB61-C0BC-490e-A7FE-BFF26B327A3F}\InProcServer32\,%SystemRoot%\system32\shell32.dll
ST869VRJ,Classes\CLSID\{520CCA61-51A5-11D3-9144-00104BA11C5E}\InProcServer32,REG_SZ,,NT AUTHORITY\SYSTEM,HKEY_LOCAL_MACHINE\Software\Classes\CLSID\{520CCA61-51A5-11D3-9144-00104BA11C5E}\InProcServer32\,C:\Windows\System32\imapi.dll
ST869VRJ,Classes\CLSID\{f8b8412b-dea3-4130-b36c-5e8be73106ac}\InProcServer32,REG_SZ,,NT AUTHORITY\SYSTEM,HKEY_LOCAL_MACHINE\Software\Classes\CLSID\{f8b8412b-dea3-4130-b36c-5e8be73106ac}\InProcServer32\,C:\Windows\System32\inetcomm.dll
ST869VRJ,CurrentControlSet\Services\VMUSBArbService\,REG_EXPAND_SZ,ImagePath,BUILTIN\Administrators,HKEY_LOCAL_MACHINE\SYSTEM\CurrentControlSet\Services\VMUSBArbService\ImagePath,"""C:\Program Files (x86)\Common Files\VMware\USB\vmware-usbarbitrator64.exe"""
ST869VRJ,Classes\CLSID\{5F104B61-7998-4049-A7BB-C99EFB6B4A4E}\InProcServer32,REG_EXPAND_SZ,,NT AUTHORITY\SYSTEM,HKEY_LOCAL_MACHINE\Software\Classes\CLSID\{5F104B61-7998-4049-A7BB-C99EFB6B4A4E}\InProcServer32\,%SystemRoot%\System32\NaturalLanguage6.dll
ST869VRJ,CurrentControlSet\Services\sacsvr\Parameters\,REG_EXPAND_SZ,ServiceDll,NT AUTHORITY\SYSTEM,HKEY_LOCAL_MACHINE\SYSTEM\CurrentControlSet\Services\sacsvr\Parameters\ServiceDll,%SystemRoot%\system32\sacsvr.dll
ST869VRJ,Classes\CLSID\{0C109C45-5721-4a09-B102-38A207668661}\InProcServer32,REG_SZ,,NT AUTHORITY\SYSTEM,HKEY_LOCAL_MACHINE\Software\Classes\CLSID\{0C109C45-5721-4a09-B102-38A207668661}\InProcServer32\,C:\Windows\System32\InputMethod\SHARED\MTFUtils.dll
ST869VRJ,Classes\CLSID\{48527bb3-e8de-450b-8910-8c4099cb8624}\InProcServer32,REG_EXPAND_SZ,,NT AUTHORITY\SYSTEM,HKEY_LOCAL_MACHINE\Software\Classes\CLSID\{48527bb3-e8de-450b-8910-8c4099cb8624}\InProcServer32\,%SystemRoot%\system32\shell32.dll
ST869VRJ,Classes\CLSID\{A8C680EB-3D32-11D2-9EE7-00C04F797396}\InProcServer32,REG_EXPAND_SZ,,NT AUTHORITY\SYSTEM,HKEY_LOCAL_MACHINE\Software\Classes\CLSID\{A8C680EB-3D32-11D2-9EE7-00C04F797396}\InProcServer32\,%SystemRoot%\System32\Speech\Common\sapi.dll
ST869VRJ,Classes\CLSID\{6BC096C8-0CE6-11D1-BAAE-00C04FC2E20D}\InProcServer32,REG_EXPAND_SZ,,NT AUTHORITY\SYSTEM,HKEY_LOCAL_MACHINE\Software\Classes\CLSID\{6BC096C8-0CE6-11D1-BAAE-00C04FC2E20D}\InProcServer32\,%SystemRoot%\system32\iasads.dll
ST869VRJ,Classes\CLSID\{2DD80115-AD1E-41F6-A219-A4F4B583D1F9}\InProcServer32,REG_SZ,,NT AUTHORITY\SYSTEM,HKEY_LOCAL_MACHINE\Software\Classes\CLSID\{2DD80115-AD1E-41F6-A219-A4F4B583D1F9}\InProcServer32\,C:\Windows\System32\WcsPlugInService.dll
ST869VRJ,Classes\CLSID\{6A5B0C7C-5CCB-4F10-A043-B8DE007E1952}\InProcServer32,REG_EXPAND_SZ,,NT AUTHORITY\SYSTEM,HKEY_LOCAL_MACHINE\Software\Classes\CLSID\{6A5B0C7C-5CCB-4F10-A043-B8DE007E1952}\InProcServer32\,%SystemRoot%\system32\MsRdpWebAccess.dll
ST869VRJ,Classes\CLSID\{1407023f-dfb0-4b9b-b1f0-40ea250e51cb}\InProcServer32,REG_SZ,,NT AUTHORITY\SYSTEM,HKEY_LOCAL_MACHINE\Software\Classes\CLSID\{1407023f-dfb0-4b9b-b1f0-40ea250e51cb}\InProcServer32\,C:\Windows\System32\wups.dll
ST869VRJ,Wow6432Node\Classes\CLSID\{13639463-00DB-4646-803D-528026140D88}\InProcServer32,REG_SZ,,NT AUTHORITY\SYSTEM,HKEY_LOCAL_MACHINE\Software\Wow6432Node\Classes\CLSID\{13639463-00DB-4646-803D-528026140D88}\InProcServer32\,C:\Windows\SysWOW64\wuapi.dll
ST869VRJ,Classes\CLSID\{F20DA720-C02F-11CE-927B-0800095AE340}\InProcServer32,REG_EXPAND_SZ,,NT AUTHORITY\SYSTEM,HKEY_LOCAL_MACHINE\Software\Classes\CLSID\{F20DA720-C02F-11CE-927B-0800095AE340}\InProcServer32\,%SystemRoot%\system32\packager.dll
ST869VRJ,Wow6432Node\Classes\CLSID\{06290BD0-48AA-11D2-8432-006008C3FBFC}\InProcServer32,REG_SZ,,NT AUTHORITY\SYSTEM,HKEY_LOCAL_MACHINE\Software\Wow6432Node\Classes\CLSID\{06290BD0-48AA-11D2-8432-006008C3FBFC}\InProcServer32\,C:\Windows\SysWOW64\scrobj.dll
ST869VRJ,Classes\CLSID\{CA805B13-468C-3A22-BF9A-818E97EFA6B7}\InProcServer32,REG_SZ,,NT AUTHORITY\SYSTEM,HKEY_LOCAL_MACHINE\Software\Classes\CLSID\{CA805B13-468C-3A22-BF9A-818E97EFA6B7}\InProcServer32\,C:\Windows\System32\mscoree.dll
ST869VRJ,Microsoft\Internet Explorer\Extensions\{48A61126-9A19-4C50-A214-FF08CB94995C}\,REG_SZ,Icon,BUILTIN\Administrators,HKEY_LOCAL_MACHINE\SOFTWARE\Microsoft\Internet Explorer\Extensions\{48A61126-9A19-4C50-A214-FF08CB94995C}\Icon,C:\Program Files\McAfee\WebAdvisor\WebAdvisor.ico
ST869VRJ,Classes\CLSID\{EDB9987A-FFF5-4bd2-8B05-2865F3EC621D}\InProcServer32,REG_EXPAND_SZ,,NT AUTHORITY\SYSTEM,HKEY_LOCAL_MACHINE\Software\Classes\CLSID\{EDB9987A-FFF5-4bd2-8B05-2865F3EC621D}\InProcServer32\,%SystemRoot%\system32\authui.dll
ST869VRJ,Classes\CLSID\{DDC0EED2-ADBE-40b6-A217-EDE16A79A0DE}\InProcServer32,REG_EXPAND_SZ,,NT AUTHORITY\SYSTEM,HKEY_LOCAL_MACHINE\Software\Classes\CLSID\{DDC0EED2-ADBE-40b6-A217-EDE16A79A0DE}\InProcServer32\,%SystemRoot%\system32\authui.dll
ST869VRJ,Classes\CLSID\{56FDF344-FD6D-11d0-958A-006097C9A090}\InProcServer32,REG_EXPAND_SZ,,NT AUTHORITY\SYSTEM,HKEY_LOCAL_MACHINE\Software\Classes\CLSID\{56FDF344-FD6D-11d0-958A-006097C9A090}\InProcServer32\,%SystemRoot%\system32\explorerframe.dll
ST869VRJ,Classes\CLSID\{CB8C13E4-62B5-4C96-A48B-6BA6ACE39C76}\InProcServer32,REG_EXPAND_SZ,,NT AUTHORITY\SYSTEM,HKEY_LOCAL_MACHINE\Software\Classes\CLSID\{CB8C13E4-62B5-4C96-A48B-6BA6ACE39C76}\InProcServer32\,%SystemRoot%\system32\windowscodecs.dll
ST869VRJ,CurrentControlSet\Services\SQLAgent$SQLEXPRESS\,REG_EXPAND_SZ,ImagePath,BUILTIN\Administrators,HKEY_LOCAL_MACHINE\SYSTEM\CurrentControlSet\Services\SQLAgent$SQLEXPRESS\ImagePath,"""C:\Program Files\Microsoft SQL Server\MSSQL14.SQLEXPRESS\MSSQL\Binn\SQLAGENT.EXE"" -i SQLEXPRESS"
ST869VRJ,Classes\CLSID\{34E72398-AB74-43DA-8355-7F60D1BE3F73}\InProcServer32,REG_SZ,,NT AUTHORITY\SYSTEM,HKEY_LOCAL_MACHINE\Software\Classes\CLSID\{34E72398-AB74-43DA-8355-7F60D1BE3F73}\InProcServer32\,C:\Windows\System32\Windows.Networking.Connectivity.dll
ST869VRJ,Classes\CLSID\{6E449686-C509-11CF-AAFA-00AA00B6015C}\InProcServer32,REG_SZ,,NT AUTHORITY\SYSTEM,HKEY_LOCAL_MACHINE\Software\Classes\CLSID\{6E449686-C509-11CF-AAFA-00AA00B6015C}\InProcServer32\,C:\Windows\System32\inseng.dll
ST869VRJ,Classes\CLSID\{ecabafc7-7f19-11d2-978e-0000f8757e2a}\InProcServer32,REG_SZ,,NT AUTHORITY\SYSTEM,HKEY_LOCAL_MACHINE\Software\Classes\CLSID\{ecabafc7-7f19-11d2-978e-0000f8757e2a}\InProcServer32\,C:\Windows\System32\comsvcs.dll
ST869VRJ,Classes\CLSID\{9F66347C-60C4-4C4D-AB58-D2358685F607}\InProcServer32,REG_EXPAND_SZ,,NT AUTHORITY\SYSTEM,HKEY_LOCAL_MACHINE\Software\Classes\CLSID\{9F66347C-60C4-4C4D-AB58-D2358685F607}\InProcServer32\,%SystemRoot%\system32\windowscodecs.dll
ST869VRJ,Classes\CLSID\{E436EBB8-524F-11CE-9F53-0020AF0BA770}\InProcServer32,REG_SZ,,NT AUTHORITY\SYSTEM,HKEY_LOCAL_MACHINE\Software\Classes\CLSID\{E436EBB8-524F-11CE-9F53-0020AF0BA770}\InProcServer32\,C:\Windows\System32\quartz.dll
ST869VRJ,Classes\CLSID\{379E501F-B231-11D1-ADC1-00805FC752D8}\InProcServer32,REG_EXPAND_SZ,,NT AUTHORITY\SYSTEM,HKEY_LOCAL_MACHINE\Software\Classes\CLSID\{379E501F-B231-11D1-ADC1-00805FC752D8}\InProcServer32\,%SystemRoot%\System32\msxml3.dll
ST869VRJ,Wow6432Node\Classes\CLSID\{cde7427e-9d90-4788-8415-765c156c9bc2}\InProcServer32,REG_SZ,,NT AUTHORITY\SYSTEM,HKEY_LOCAL_MACHINE\Software\Wow6432Node\Classes\CLSID\{cde7427e-9d90-4788-8415-765c156c9bc2}\InProcServer32\,C:\Windows\SysWOW64\AuthBroker.dll
ST869VRJ,Classes\CLSID\{942A8E4F-A261-11D1-A760-00C04FB9603F}\InProcServer32,REG_EXPAND_SZ,,NT AUTHORITY\SYSTEM,HKEY_LOCAL_MACHINE\Software\Classes\CLSID\{942A8E4F-A261-11D1-A760-00C04FB9603F}\InProcServer32\,%SystemRoot%\System32\appmgr.dll
ST869VRJ,Classes\CLSID\{4FFFD315-B178-46E5-A386-A45C7AFF4154}\InProcServer32,REG_SZ,,NT AUTHORITY\SYSTEM,HKEY_LOCAL_MACHINE\Software\Classes\CLSID\{4FFFD315-B178-46E5-A386-A45C7AFF4154}\InProcServer32\,C:\Windows\System32\mscoree.dll
ST869VRJ,Classes\CLSID\{4EB31670-9FC6-11CF-AF6E-00AA00B67A42}\InProcServer32,REG_SZ,,NT AUTHORITY\SYSTEM,HKEY_LOCAL_MACHINE\Software\Classes\CLSID\{4EB31670-9FC6-11CF-AF6E-00AA00B67A42}\InProcServer32\,C:\Windows\System32\qdv.dll
ST869VRJ,Microsoft\Windows NT\CurrentVersion\Image File Execution Options\PresentationHost.exe\,REG_QWORD,MitigationOptions,NT AUTHORITY\SYSTEM,HKEY_LOCAL_MACHINE\Software\Microsoft\Windows NT\CurrentVersion\Image File Execution Options\PresentationHost.exe\MitigationOptions,1118481
ST869VRJ,Classes\CLSID\{77CA5A72-1D99-4E2A-8D16-D2D7D00E9A9B}\InProcServer32,REG_SZ,,NT AUTHORITY\SYSTEM,HKEY_LOCAL_MACHINE\Software\Classes\CLSID\{77CA5A72-1D99-4E2A-8D16-D2D7D00E9A9B}\InProcServer32\,C:\Windows\System32\DevicePairing.dll
ST869VRJ,Classes\CLSID\{21CBFEC0-E728-420C-B4A4-A58AD2089ABA}\InProcServer32,REG_SZ,,BUILTIN\Administrators,HKEY_LOCAL_MACHINE\Software\Classes\CLSID\{21CBFEC0-E728-420C-B4A4-A58AD2089ABA}\InProcServer32\,C:\Program Files\McAfee\WebAdvisor\x64\WSSDep.dll
ST869VRJ,Classes\CLSID\{d43f6fd5-904a-407f-97bc-5f8be75f532d}\InProcServer32,REG_EXPAND_SZ,,NT AUTHORITY\SYSTEM,HKEY_LOCAL_MACHINE\Software\Classes\CLSID\{d43f6fd5-904a-407f-97bc-5f8be75f532d}\InProcServer32\,%SystemRoot%\system32\shell32.dll
ST869VRJ,Classes\CLSID\{7E37D5E7-263D-45CF-842B-96A95C63E46C}\InProcServer32,REG_SZ,,NT AUTHORITY\SYSTEM,HKEY_LOCAL_MACHINE\Software\Classes\CLSID\{7E37D5E7-263D-45CF-842B-96A95C63E46C}\InProcServer32\,C:\Windows\System32\GPEdit.dll
ST869VRJ,Classes\CLSID\{25983561-9D65-49CE-B335-40630D901227}\InProcServer32,REG_SZ,,NT AUTHORITY\SYSTEM,HKEY_LOCAL_MACHINE\Software\Classes\CLSID\{25983561-9D65-49CE-B335-40630D901227}\InProcServer32\,C:\Windows\System32\imapi2.dll
ST869VRJ,Classes\CLSID\{BFAD62EE-9D54-4b2a-BF3B-76F90697BD2A}\InProcServer32,REG_SZ,,NT AUTHORITY\SYSTEM,HKEY_LOCAL_MACHINE\Software\Classes\CLSID\{BFAD62EE-9D54-4b2a-BF3B-76F90697BD2A}\InProcServer32\,C:\Windows\System32\ieframe.dll
ST869VRJ,CurrentControlSet\Services\RpcSs\Parameters\,REG_EXPAND_SZ,ServiceDll,NT AUTHORITY\SYSTEM,HKEY_LOCAL_MACHINE\SYSTEM\CurrentControlSet\Services\RpcSs\Parameters\ServiceDll,%SystemRoot%\system32\rpcss.dll
ST869VRJ,Classes\CLSID\{AC48FFE0-F8C4-11d1-A030-00C04FB6809F}\InProcServer32,REG_SZ,,NT AUTHORITY\SYSTEM,HKEY_LOCAL_MACHINE\Software\Classes\CLSID\{AC48FFE0-F8C4-11d1-A030-00C04FB6809F}\InProcServer32\,C:\Windows\System32\tapi3.dll
ST869VRJ,Classes\CLSID\{3050F3BC-98B5-11CF-BB82-00AA00BDCE0B}\InProcServer32,REG_SZ,,NT AUTHORITY\SYSTEM,HKEY_LOCAL_MACHINE\Software\Classes\CLSID\{3050F3BC-98B5-11CF-BB82-00AA00BDCE0B}\InProcServer32\,C:\Windows\System32\mshtml.dll
ST869VRJ,Classes\CLSID\{B210D694-C8DF-490d-9576-9E20CDBC20BD}\InProcServer32,REG_SZ,,NT AUTHORITY\SYSTEM,HKEY_LOCAL_MACHINE\Software\Classes\CLSID\{B210D694-C8DF-490d-9576-9E20CDBC20BD}\InProcServer32\,C:\Windows\System32\mscms.dll
ST869VRJ,Classes\CLSID\{ecabafac-7f19-11d2-978e-0000f8757e2a}\InProcServer32,REG_SZ,,NT AUTHORITY\SYSTEM,HKEY_LOCAL_MACHINE\Software\Classes\CLSID\{ecabafac-7f19-11d2-978e-0000f8757e2a}\InProcServer32\,C:\Windows\System32\comsvcs.dll
ST869VRJ,Classes\CLSID\{DDE33513-774E-4BCD-AE79-02F4ADFE62FC}\InProcServer32,REG_EXPAND_SZ,,NT AUTHORITY\SYSTEM,HKEY_LOCAL_MACHINE\Software\Classes\CLSID\{DDE33513-774E-4BCD-AE79-02F4ADFE62FC}\InProcServer32\,%SystemRoot%\system32\windowscodecs.dll
ST869VRJ,Classes\CLSID\{D02B1F73-3407-48ae-BA88-E8213C6761F1}\InProcServer32,REG_EXPAND_SZ,,NT AUTHORITY\SYSTEM,HKEY_LOCAL_MACHINE\Software\Classes\CLSID\{D02B1F73-3407-48ae-BA88-E8213C6761F1}\InProcServer32\,%SystemRoot%\System32\AdmTmpl.dll
ST869VRJ,Classes\CLSID\{7071ECB6-663B-4BC1-A1FA-B97F3B917C55}\InProcServer32,REG_EXPAND_SZ,,NT AUTHORITY\SYSTEM,HKEY_LOCAL_MACHINE\Software\Classes\CLSID\{7071ECB6-663B-4BC1-A1FA-B97F3B917C55}\InProcServer32\,%SystemRoot%\system32\xwizards.dll
ST869VRJ,Classes\CLSID\{AFBA6B42-5692-48EA-8141-DC517DCF0EF1}\InProcServer32,REG_EXPAND_SZ,,NT AUTHORITY\SYSTEM,HKEY_LOCAL_MACHINE\Software\Classes\CLSID\{AFBA6B42-5692-48EA-8141-DC517DCF0EF1}\InProcServer32\,%SystemRoot%\System32\msxml3.dll
ST869VRJ,Classes\CLSID\{FD7F2B29-24D0-4B5C-B177-592C39F9CA10}\InProcServer32,REG_EXPAND_SZ,,NT AUTHORITY\SYSTEM,HKEY_LOCAL_MACHINE\Software\Classes\CLSID\{FD7F2B29-24D0-4B5C-B177-592C39F9CA10}\InProcServer32\,%SystemRoot%\System32\audioses.dll
ST869VRJ,Classes\CLSID\{0b2feecb-1577-4fa6-9a29-bd9022ebcf90}\InProcServer32,REG_SZ,,NT AUTHORITY\SYSTEM,HKEY_LOCAL_MACHINE\Software\Classes\CLSID\{0b2feecb-1577-4fa6-9a29-bd9022ebcf90}\InProcServer32\,C:\Windows\System32\RasDiag.dll
ST869VRJ,Classes\CLSID\{B490264C-8D8F-40FD-B1BE-CD69AD779EC1}\InProcServer32,REG_EXPAND_SZ,,NT AUTHORITY\SYSTEM,HKEY_LOCAL_MACHINE\Software\Classes\CLSID\{B490264C-8D8F-40FD-B1BE-CD69AD779EC1}\InProcServer32\,%SystemRoot%\system32\tscfgwmi.dll
ST869VRJ,Classes\CLSID\{05C25B6F-5FC4-4E03-A330-F0F205FB2E9D}\InProcServer32,REG_SZ,,BUILTIN\Administrators,HKEY_LOCAL_MACHINE\Software\Classes\CLSID\{05C25B6F-5FC4-4E03-A330-F0F205FB2E9D}\InProcServer32\,c:\PROGRA~1\COMMON~1\mcafee\platform\mcdspwrp.dll
ST869VRJ,Classes\CLSID\{90C69BBB-7F1D-4833-AF4E-87A7E5C4288B}\InProcServer32,REG_SZ,,NT AUTHORITY\SYSTEM,HKEY_LOCAL_MACHINE\Software\Classes\CLSID\{90C69BBB-7F1D-4833-AF4E-87A7E5C4288B}\InProcServer32\,C:\Windows\System32\InputMethod\Shared\JpnKorRoaming.DLL
ST869VRJ,Classes\CLSID\{FCB209E8-F668-4124-AC6B-2816E722728E}\InProcServer32,REG_EXPAND_SZ,,NT AUTHORITY\SYSTEM,HKEY_LOCAL_MACHINE\Software\Classes\CLSID\{FCB209E8-F668-4124-AC6B-2816E722728E}\InProcServer32\,%SystemRoot%\System32\MSWB7.dll
ST869VRJ,Classes\CLSID\{455ACF57-5345-11D2-99CF-00C04F797BC9}\InProcServer32,REG_SZ,,NT AUTHORITY\SYSTEM,HKEY_LOCAL_MACHINE\Software\Classes\CLSID\{455ACF57-5345-11D2-99CF-00C04F797BC9}\InProcServer32\,C:\Windows\System32\comsvcs.dll
ST869VRJ,Classes\CLSID\{D20EA4E1-3957-11d2-A40B-0C5020524153}\InProcServer32,REG_EXPAND_SZ,,NT AUTHORITY\SYSTEM,HKEY_LOCAL_MACHINE\Software\Classes\CLSID\{D20EA4E1-3957-11d2-A40B-0C5020524153}\InProcServer32\,%SystemRoot%\System32\shdocvw.dll
ST869VRJ,Classes\CLSID\{7007ACD5-3202-11D1-AAD2-00805FC1270E}\InProcServer32,REG_EXPAND_SZ,,NT AUTHORITY\SYSTEM,HKEY_LOCAL_MACHINE\Software\Classes\CLSID\{7007ACD5-3202-11D1-AAD2-00805FC1270E}\InProcServer32\,%SystemRoot%\System32\netshell.dll
ST869VRJ,Classes\CLSID\{06587E71-F043-403A-BF49-CB591BA6E103}\InProcServer32,REG_EXPAND_SZ,,NT AUTHORITY\SYSTEM,HKEY_LOCAL_MACHINE\Software\Classes\CLSID\{06587E71-F043-403A-BF49-CB591BA6E103}\InProcServer32\,%SystemRoot%\System32\AUDIOENG.DLL
ST869VRJ,Classes\CLSID\{429AF92C-A51F-11d2-861E-00C04FA35C89}\InProcServer32,REG_SZ,,NT AUTHORITY\SYSTEM,HKEY_LOCAL_MACHINE\Software\Classes\CLSID\{429AF92C-A51F-11d2-861E-00C04FA35C89}\InProcServer32\,C:\Windows\System32\mshtml.dll
ST869VRJ,Classes\CLSID\{7FD3958D-0A14-3001-8074-0D15EAD7F05C}\InProcServer32,REG_SZ,,NT AUTHORITY\SYSTEM,HKEY_LOCAL_MACHINE\Software\Classes\CLSID\{7FD3958D-0A14-3001-8074-0D15EAD7F05C}\InProcServer32\,C:\Windows\System32\mscoree.dll
ST869VRJ,Microsoft\Windows NT\CurrentVersion\Image File Execution Options\searchprotocolhost.exe\,REG_DWORD,DisableExceptionChainValidation,NT AUTHORITY\SYSTEM,HKEY_LOCAL_MACHINE\Software\Microsoft\Windows NT\CurrentVersion\Image File Execution Options\searchprotocolhost.exe\DisableExceptionChainValidation,3
ST869VRJ,Classes\CLSID\{083863F1-70DE-11D0-BD40-00A0C911CE86}\InProcServer32,REG_SZ,,NT AUTHORITY\SYSTEM,HKEY_LOCAL_MACHINE\Software\Classes\CLSID\{083863F1-70DE-11D0-BD40-00A0C911CE86}\InProcServer32\,C:\Windows\System32\devenum.dll
ST869VRJ,Classes\CLSID\{54D8502C-527D-43F7-A506-A9DA075E229C}\InProcServer32,REG_SZ,,NT AUTHORITY\SYSTEM,HKEY_LOCAL_MACHINE\Software\Classes\CLSID\{54D8502C-527D-43F7-A506-A9DA075E229C}\InProcServer32\,C:\Windows\System32\mscoree.dll
ST869VRJ,Classes\CLSID\{66CE75D4-0334-3CA6-BCA8-CE9AF28A4396}\InProcServer32,REG_SZ,,NT AUTHORITY\SYSTEM,HKEY_LOCAL_MACHINE\Software\Classes\CLSID\{66CE75D4-0334-3CA6-BCA8-CE9AF28A4396}\InProcServer32\,C:\Windows\System32\mscoree.dll
ST869VRJ,Wow6432Node\Classes\CLSID\{02C35120-4924-46EB-BC2B-5FB0DB060948}\InProcServer32,REG_SZ,,NT AUTHORITY\SYSTEM,HKEY_LOCAL_MACHINE\Software\Wow6432Node\Classes\CLSID\{02C35120-4924-46EB-BC2B-5FB0DB060948}\InProcServer32\,C:\Windows\SysWOW64\IME\SHARED\imedicapiccps.dll
ST869VRJ,Classes\CLSID\{65A04334-9DD4-4FA2-94DB-A62922B8BA24}\InProcServer32,REG_EXPAND_SZ,,NT AUTHORITY\SYSTEM,HKEY_LOCAL_MACHINE\Software\Classes\CLSID\{65A04334-9DD4-4FA2-94DB-A62922B8BA24}\InProcServer32\,%SystemRoot%\System32\twinui.appcore.dll
ST869VRJ,Classes\CLSID\{8A4D840D-AB27-4c8f-AB9C-765CA85C73B7}\InProcServer32,REG_SZ,,NT AUTHORITY\SYSTEM,HKEY_LOCAL_MACHINE\Software\Classes\CLSID\{8A4D840D-AB27-4c8f-AB9C-765CA85C73B7}\InProcServer32\,C:\Windows\System32\shell32.dll
ST869VRJ,Classes\CLSID\{13AA3650-BB6F-11D0-AFB9-00AA00B67A42}\InProcServer32,REG_SZ,,NT AUTHORITY\SYSTEM,HKEY_LOCAL_MACHINE\Software\Classes\CLSID\{13AA3650-BB6F-11D0-AFB9-00AA00B67A42}\InProcServer32\,C:\Windows\System32\qdv.dll
ST869VRJ,Classes\CLSID\{987D8DFA-3E2C-4929-9C51-61AC8E00CBC3}\InProcServer32,REG_EXPAND_SZ,,NT AUTHORITY\SYSTEM,HKEY_LOCAL_MACHINE\Software\Classes\CLSID\{987D8DFA-3E2C-4929-9C51-61AC8E00CBC3}\InProcServer32\,%SystemRoot%\System32\shacct.dll
ST869VRJ,Classes\CLSID\{276C88CA-7533-4A86-B676-66B36080D484}\InProcServer32,REG_EXPAND_SZ,,NT AUTHORITY\SYSTEM,HKEY_LOCAL_MACHINE\Software\Classes\CLSID\{276C88CA-7533-4A86-B676-66B36080D484}\InProcServer32\,%SystemRoot%\system32\windowscodecs.dll
ST869VRJ,Classes\CLSID\{B81CB5ED-E654-399F-9698-C83C50665786}\InProcServer32,REG_SZ,,NT AUTHORITY\SYSTEM,HKEY_LOCAL_MACHINE\Software\Classes\CLSID\{B81CB5ED-E654-399F-9698-C83C50665786}\InProcServer32\,C:\Windows\System32\mscoree.dll
ST869VRJ,Software\Microsoft\Windows\CurrentVersion\Run\,REG_SZ,OneDriveSetup,NT AUTHORITY\SYSTEM,HKEY_USERS\C__Users_Default_ntuser.dat\Software\Microsoft\Windows\CurrentVersion\Run\OneDriveSetup,C:\Windows\SysWOW64\OneDriveSetup.exe /thfirstsetup
ST869VRJ,Classes\CLSID\{4662DAA8-D393-11D0-9A56-00C04FB68BF7}\InProcServer32,REG_SZ,,NT AUTHORITY\SYSTEM,HKEY_LOCAL_MACHINE\Software\Classes\CLSID\{4662DAA8-D393-11D0-9A56-00C04FB68BF7}\InProcServer32\,C:\Windows\System32\itircl.dll
ST869VRJ,Classes\CLSID\{60CCDA22-6301-439F-897B-08806DA744F2}\InProcServer32,REG_SZ,,BUILTIN\Administrators,HKEY_LOCAL_MACHINE\Software\Classes\CLSID\{60CCDA22-6301-439F-897B-08806DA744F2}\InProcServer32\,c:\PROGRA~1\mcafee\mpf\mpfsvcps.dll
ST869VRJ,Classes\CLSID\{CE264EED-3CD3-4BC5-9774-D3A18BE9B0F2}\InProcServer32,REG_SZ,,NT AUTHORITY\SYSTEM,HKEY_LOCAL_MACHINE\Software\Classes\CLSID\{CE264EED-3CD3-4BC5-9774-D3A18BE9B0F2}\InProcServer32\,C:\Windows\System32\MrmCoreR.dll
ST869VRJ,Classes\CLSID\{E1150CE9-5BD4-4044-8FE9-98CF40137A41}\InProcServer32,REG_EXPAND_SZ,,NT AUTHORITY\SYSTEM,HKEY_LOCAL_MACHINE\Software\Classes\CLSID\{E1150CE9-5BD4-4044-8FE9-98CF40137A41}\InProcServer32\,%SystemRoot%\System32\audioeng.dll
ST869VRJ,Classes\CLSID\{c047c5a9-c407-4a1e-ad7f-11d0861344b7}\InProcServer32,REG_EXPAND_SZ,,NT AUTHORITY\SYSTEM,HKEY_LOCAL_MACHINE\Software\Classes\CLSID\{c047c5a9-c407-4a1e-ad7f-11d0861344b7}\InProcServer32\,%SystemRoot%\System32\L2SecHC.dll
ST869VRJ,Classes\CLSID\{6BC098A8-0CE6-11D1-BAAE-00C04FC2E20D}\InProcServer32,REG_EXPAND_SZ,,NT AUTHORITY\SYSTEM,HKEY_LOCAL_MACHINE\Software\Classes\CLSID\{6BC098A8-0CE6-11D1-BAAE-00C04FC2E20D}\InProcServer32\,%SystemRoot%\system32\iasnap.dll
ST869VRJ,Wow6432Node\Classes\CLSID\{35b1d3bb-2d4e-4a7c-9af0-f2f677af7c30}\InProcServer32,REG_SZ,,NT AUTHORITY\SYSTEM,HKEY_LOCAL_MACHINE\Software\Wow6432Node\Classes\CLSID\{35b1d3bb-2d4e-4a7c-9af0-f2f677af7c30}\InProcServer32\,C:\Windows\SysWOW64\fdWNet.dll
ST869VRJ,Classes\CLSID\{07B65360-C445-11CE-AFDE-00AA006C14F4}\InProcServer32,REG_SZ,,NT AUTHORITY\SYSTEM,HKEY_LOCAL_MACHINE\Software\Classes\CLSID\{07B65360-C445-11CE-AFDE-00AA006C14F4}\InProcServer32\,C:\Windows\System32\quartz.dll
ST869VRJ,Classes\CLSID\{B708457E-DB61-4C55-A92F-0D4B5E9B1224}\InProcServer32,REG_EXPAND_SZ,,NT AUTHORITY\SYSTEM,HKEY_LOCAL_MACHINE\Software\Classes\CLSID\{B708457E-DB61-4C55-A92F-0D4B5E9B1224}\InProcServer32\,%SystemRoot%\system32\mmcndmgr.dll
ST869VRJ,Classes\CLSID\{022B358F-06B8-4E0D-ADD9-655A8F1E9EDD}\InProcServer32,REG_EXPAND_SZ,,NT AUTHORITY\SYSTEM,HKEY_LOCAL_MACHINE\Software\Classes\CLSID\{022B358F-06B8-4E0D-ADD9-655A8F1E9EDD}\InProcServer32\,%SystemRoot%\System32\NaturalLanguage6.dll
ST869VRJ,Classes\CLSID\{8C1425C9-A7D3-35CD-8248-928CA52AD49B}\InProcServer32,REG_SZ,,NT AUTHORITY\SYSTEM,HKEY_LOCAL_MACHINE\Software\Classes\CLSID\{8C1425C9-A7D3-35CD-8248-928CA52AD49B}\InProcServer32\,C:\Windows\System32\mscoree.dll
ST869VRJ,Classes\CLSID\{7469AE5E-1CA1-4181-970C-BDFD8EAA2C4F}\InProcServer32,REG_EXPAND_SZ,,NT AUTHORITY\SYSTEM,HKEY_LOCAL_MACHINE\Software\Classes\CLSID\{7469AE5E-1CA1-4181-970C-BDFD8EAA2C4F}\InProcServer32\,%SystemRoot%\system32\iassam.dll
ST869VRJ,Microsoft\Windows NT\CurrentVersion\Image File Execution Options\iexplore.exe\,REG_QWORD,MitigationOptions,NT AUTHORITY\SYSTEM,HKEY_LOCAL_MACHINE\Software\Microsoft\Windows NT\CurrentVersion\Image File Execution Options\iexplore.exe\MitigationOptions,256
ST869VRJ,Wow6432Node\Classes\CLSID\{331E8B29-D4C3-4278-B005-671BB919C320}\InProcServer32,REG_SZ,,NT AUTHORITY\SYSTEM,HKEY_LOCAL_MACHINE\Software\Wow6432Node\Classes\CLSID\{331E8B29-D4C3-4278-B005-671BB919C320}\InProcServer32\,C:\Windows\SysWOW64\DefaultPrinterProvider.dll
ST869VRJ,Classes\CLSID\{a9ae6c91-1d1b-11d2-b21a-00c04fa357fa}\InProcServer32,REG_EXPAND_SZ,,NT AUTHORITY\SYSTEM,HKEY_LOCAL_MACHINE\Software\Classes\CLSID\{a9ae6c91-1d1b-11d2-b21a-00c04fa357fa}\InProcServer32\,%SystemRoot%\system32\msident.dll
ST869VRJ,Wow6432Node\Classes\CLSID\{0E890F83-5F79-11D1-9043-00C04FD9189D}\InProcServer32,REG_SZ,,NT AUTHORITY\SYSTEM,HKEY_LOCAL_MACHINE\Software\Wow6432Node\Classes\CLSID\{0E890F83-5F79-11D1-9043-00C04FD9189D}\InProcServer32\,C:\Windows\SysWOW64\Dxtrans.dll
ST869VRJ,Classes\CLSID\{C03E8572-781E-49a1-8190-CE902D0B2CE7}\InProcServer32,REG_EXPAND_SZ,,NT AUTHORITY\SYSTEM,HKEY_LOCAL_MACHINE\Software\Classes\CLSID\{C03E8572-781E-49a1-8190-CE902D0B2CE7}\InProcServer32\,%SystemRoot%\system32\rasgcw.dll
ST869VRJ,Classes\CLSID\{32B533BB-EDAE-11d0-BD5A-00AA00B92AF1}\InProcServer32,REG_SZ,,NT AUTHORITY\SYSTEM,HKEY_LOCAL_MACHINE\Software\Classes\CLSID\{32B533BB-EDAE-11d0-BD5A-00AA00B92AF1}\InProcServer32\,C:\Windows\System32\urlmon.dll
ST869VRJ,Classes\CLSID\{F5DDF629-FAC9-4AA5-9BFF-EDA5FF8026AB}\InProcServer32,REG_SZ,,BUILTIN\Administrators,HKEY_LOCAL_MACHINE\Software\Classes\CLSID\{F5DDF629-FAC9-4AA5-9BFF-EDA5FF8026AB}\InProcServer32\,c:\PROGRA~1\mcafee\msc\tsktcshm.dll
ST869VRJ,Classes\CLSID\{5088B39A-29B4-4d9d-8245-4EE289222F66}\InProcServer32,REG_EXPAND_SZ,,NT AUTHORITY\SYSTEM,HKEY_LOCAL_MACHINE\Software\Classes\CLSID\{5088B39A-29B4-4d9d-8245-4EE289222F66}\InProcServer32\,%SystemRoot%\System32\StructuredQuery.dll
ST869VRJ,Classes\CLSID\{8e85d0ce-deaf-4ea1-9410-fd1a2105ceb5}\InProcServer32,REG_EXPAND_SZ,,NT AUTHORITY\SYSTEM,HKEY_LOCAL_MACHINE\Software\Classes\CLSID\{8e85d0ce-deaf-4ea1-9410-fd1a2105ceb5}\InProcServer32\,%SystemRoot%\system32\shell32.dll
ST869VRJ,Classes\CLSID\{24540EBC-316E-35D2-80DB-8A535CAF6A35}\InProcServer32,REG_SZ,,NT AUTHORITY\SYSTEM,HKEY_LOCAL_MACHINE\Software\Classes\CLSID\{24540EBC-316E-35D2-80DB-8A535CAF6A35}\InProcServer32\,C:\Windows\System32\mscoree.dll
ST869VRJ,Classes\CLSID\{75207391-23F2-4396-85F0-8FDB879ED0ED}\InProcServer32,REG_EXPAND_SZ,,NT AUTHORITY\SYSTEM,HKEY_LOCAL_MACHINE\Software\Classes\CLSID\{75207391-23F2-4396-85F0-8FDB879ED0ED}\InProcServer32\,%SystemRoot%\servicing\CbsApi.dll
ST869VRJ,Classes\CLSID\{30AC0B94-3BDB-3199-8A5D-ECA0C5458381}\InProcServer32,REG_SZ,,NT AUTHORITY\SYSTEM,HKEY_LOCAL_MACHINE\Software\Classes\CLSID\{30AC0B94-3BDB-3199-8A5D-ECA0C5458381}\InProcServer32\,C:\Windows\System32\mscoree.dll
ST869VRJ,CurrentControlSet\Services\Wanarpv6\,REG_EXPAND_SZ,ImagePath,NT AUTHORITY\SYSTEM,HKEY_LOCAL_MACHINE\SYSTEM\CurrentControlSet\Services\Wanarpv6\ImagePath,\SystemRoot\system32\DRIVERS\wanarp.sys
ST869VRJ,Classes\CLSID\{D8AC8159-ABAA-4016-BF74-DE98C5917269}\InProcServer32,REG_SZ,,NT AUTHORITY\SYSTEM,HKEY_LOCAL_MACHINE\Software\Classes\CLSID\{D8AC8159-ABAA-4016-BF74-DE98C5917269}\InProcServer32\,C:\Windows\System32\InputMethod\SHARED\IHDS.dll
ST869VRJ,Classes\CLSID\{7F12E753-FC71-43D7-A51D-92F35977ABB5}\InProcServer32,REG_EXPAND_SZ,,NT AUTHORITY\SYSTEM,HKEY_LOCAL_MACHINE\Software\Classes\CLSID\{7F12E753-FC71-43D7-A51D-92F35977ABB5}\InProcServer32\,%SystemRoot%\system32\windowscodecsext.dll
ST869VRJ,Classes\CLSID\{FCF7A6F2-3300-4386-9A4F-0DD4E3226507}\InProcServer32,REG_SZ,,NT AUTHORITY\SYSTEM,HKEY_LOCAL_MACHINE\Software\Classes\CLSID\{FCF7A6F2-3300-4386-9A4F-0DD4E3226507}\InProcServer32\,C:\Windows\System32\wbem\WmiPerfInst.dll
ST869VRJ,Classes\CLSID\{EFA53AE9-2604-4a34-9E67-674842B4CB35}\InProcServer32,REG_EXPAND_SZ,,NT AUTHORITY\SYSTEM,HKEY_LOCAL_MACHINE\Software\Classes\CLSID\{EFA53AE9-2604-4a34-9E67-674842B4CB35}\InProcServer32\,%SystemRoot%\system32\authui.dll
ST869VRJ,Classes\CLSID\{03012959-F4F6-44D7-9D09-DAA087A9DB57}\InProcServer32,REG_EXPAND_SZ,,NT AUTHORITY\SYSTEM,HKEY_LOCAL_MACHINE\Software\Classes\CLSID\{03012959-F4F6-44D7-9D09-DAA087A9DB57}\InProcServer32\,%SystemRoot%\system32\windowscodecs.dll
ST869VRJ,Classes\CLSID\{F5078F37-C551-11D3-89B9-0000F81FE221}\InProcServer32,REG_EXPAND_SZ,,NT AUTHORITY\SYSTEM,HKEY_LOCAL_MACHINE\Software\Classes\CLSID\{F5078F37-C551-11D3-89B9-0000F81FE221}\InProcServer32\,%SystemRoot%\System32\msxml3.dll
ST869VRJ,Classes\CLSID\{88d96a0c-f192-11d4-a65f-0040963251e5}\InProcServer32,REG_EXPAND_SZ,,NT AUTHORITY\SYSTEM,HKEY_LOCAL_MACHINE\Software\Classes\CLSID\{88d96a0c-f192-11d4-a65f-0040963251e5}\InProcServer32\,C:\Windows\System32\msxml6.dll
ST869VRJ,Classes\CLSID\{435899C9-44AB-11D1-AF00-080036234103}\InProcServer32,REG_EXPAND_SZ,,NT AUTHORITY\SYSTEM,HKEY_LOCAL_MACHINE\Software\Classes\CLSID\{435899C9-44AB-11D1-AF00-080036234103}\InProcServer32\,%SystemRoot%\system32\oleprn.dll
ST869VRJ,Wow6432Node\Classes\CLSID\{3F4DACA4-160D-11D2-A8E9-00104B365C9F}\InProcServer32,REG_SZ,,NT AUTHORITY\SYSTEM,HKEY_LOCAL_MACHINE\Software\Wow6432Node\Classes\CLSID\{3F4DACA4-160D-11D2-A8E9-00104B365C9F}\InProcServer32\,C:\Windows\SysWOW64\vbscript.dll
ST869VRJ,CurrentControlSet\Services\vmictimesync\Parameters\,REG_EXPAND_SZ,ServiceDll,NT AUTHORITY\SYSTEM,HKEY_LOCAL_MACHINE\SYSTEM\CurrentControlSet\Services\vmictimesync\Parameters\ServiceDll,%SystemRoot%\System32\ICSvc.dll
