hostname,fullpath,filepath,drive,filename,fileextension,username
WB900OJG,c:\Windows\System32\iassvcs.dll,Windows\System32,c,iassvcs.dll,dll,NT AUTHORITY\SYSTEM
WB900OJG,c:\Windows\System32\iertutil.dll,Windows\System32,c,iertutil.dll,dll,NT AUTHORITY\SYSTEM
WB900OJG,c:\Windows\System32\wsepno.dll,Windows\System32,c,wsepno.dll,dll,NT AUTHORITY\SYSTEM
WB900OJG,c:\Windows\SysWOW64\gcdef.dll,Windows\SysWOW64,c,gcdef.dll,dll,NT AUTHORITY\SYSTEM
WB900OJG,C:\Windows\SysWOW64\userinit.exe,Windows\SysWOW64,C,userinit.exe,exe,NT AUTHORITY\SYSTEM
WB900OJG,c:\Windows\microsoft.net\framework\v4.0.30319\mscorsvw.exe,Windows\microsoft.net\framework\v4.0.30319,c,mscorsvw.exe,exe,NT AUTHORITY\SYSTEM
WB900OJG,c:\Windows\System32\uiautomationcore.dll,Windows\System32,c,uiautomationcore.dll,dll,NT AUTHORITY\SYSTEM
WB900OJG,c:\Windows\System32\wmalfxgfxdsp.dll,Windows\System32,c,wmalfxgfxdsp.dll,dll,NT AUTHORITY\SYSTEM
WB900OJG,c:\Windows\System32\prntvpt.dll,Windows\System32,c,prntvpt.dll,dll,NT AUTHORITY\SYSTEM
WB900OJG,c:\Windows\System32\dllhost.exe,Windows\System32,c,dllhost.exe,exe,NT AUTHORITY\SYSTEM
WB900OJG,c:\Windows\System32\mscoree.dll,Windows\System32,c,mscoree.dll,dll,NT AUTHORITY\SYSTEM
WB900OJG,c:\Windows\System32\netman.dll,Windows\System32,c,netman.dll,dll,NT AUTHORITY\SYSTEM
WB900OJG,c:\Windows\System32\ntlanman.dll,Windows\System32,c,ntlanman.dll,dll,NT AUTHORITY\SYSTEM
WB900OJG,c:\Windows\System32\drivers\sisraid2.sys,Windows\System32\drivers,c,sisraid2.sys,sys,NT AUTHORITY\SYSTEM
WB900OJG,c:\Windows\System32\drivers\tdpipe.sys,Windows\System32\drivers,c,tdpipe.sys,sys,NT AUTHORITY\SYSTEM
WB900OJG,c:\Windows\System32\drivers\http.sys,Windows\System32\drivers,c,http.sys,sys,NT AUTHORITY\SYSTEM
WB900OJG,c:\Windows\SysWOW64\imaadp32.acm,Windows\SysWOW64,c,imaadp32.acm,acm,NT AUTHORITY\SYSTEM
WB900OJG,c:\Windows\System32\wzcdlg.dll,Windows\System32,c,wzcdlg.dll,dll,NT AUTHORITY\SYSTEM
WB900OJG,c:\Program Files (x86)\Common Files\McAfee\Platform\coreps.dll,Program Files (x86)\Common Files\McAfee\Platform,c,coreps.dll,dll,BUILTIN\Administrators
WB900OJG,c:\Windows\System32\onedrivesettingsyncprovider.dll,Windows\System32,c,onedrivesettingsyncprovider.dll,dll,NT SERVICE\TrustedInstaller
WB900OJG,c:\Windows\System32\vssapi.dll,Windows\System32,c,vssapi.dll,dll,NT AUTHORITY\SYSTEM
WB900OJG,c:\Windows\System32\wbem\wbemcntl.dll,Windows\System32\wbem,c,wbemcntl.dll,dll,NT AUTHORITY\SYSTEM
WB900OJG,C:\Program Files (x86)\Common Files\SpeechEngines\Microsoft\TTS20\MSTTSEngine.dll,Program Files (x86)\Common Files\SpeechEngines\Microsoft\TTS20,C,MSTTSEngine.dll,dll,NT AUTHORITY\SYSTEM
WB900OJG,c:\Windows\System32\devicepairing.dll,Windows\System32,c,devicepairing.dll,dll,NT AUTHORITY\SYSTEM
WB900OJG,c:\Windows\SysWOW64\mstime.dll,Windows\SysWOW64,c,mstime.dll,dll,NT AUTHORITY\SYSTEM
WB900OJG,c:\Windows\System32\synchostps.dll,Windows\System32,c,synchostps.dll,dll,NT AUTHORITY\SYSTEM
WB900OJG,c:\Windows\System32\AudioSes.dll,Windows\System32,c,AudioSes.dll,dll,NT AUTHORITY\SYSTEM
WB900OJG,c:\Windows\System32\rdpcorets.dll,Windows\System32,c,rdpcorets.dll,dll,NT AUTHORITY\SYSTEM
WB900OJG,c:\Windows\System32\sdengin2.dll,Windows\System32,c,sdengin2.dll,dll,NT AUTHORITY\SYSTEM
WB900OJG,c:\Windows\System32\aelupsvc.dll,Windows\System32,c,aelupsvc.dll,dll,NT AUTHORITY\SYSTEM
WB900OJG,c:\Windows\System32\printfilterpipelineprxy.dll,Windows\System32,c,printfilterpipelineprxy.dll,dll,NT AUTHORITY\SYSTEM
WB900OJG,c:\Windows\System32\midimap.dll,Windows\System32,c,midimap.dll,dll,NT AUTHORITY\SYSTEM
WB900OJG,c:\Windows\System32\eqossnap.dll,Windows\System32,c,eqossnap.dll,dll,NT AUTHORITY\SYSTEM
WB900OJG,c:\Windows\System32\drivers\crcdisk.sys,Windows\System32\drivers,c,crcdisk.sys,sys,NT AUTHORITY\SYSTEM
WB900OJG,c:\Windows\SysWOW64\dot3gpui.dll,Windows\SysWOW64,c,dot3gpui.dll,dll,NT AUTHORITY\SYSTEM
WB900OJG,c:\Windows\System32\upnp.dll,Windows\System32,c,upnp.dll,dll,NT AUTHORITY\SYSTEM
WB900OJG,c:\Windows\System32\NetProjW.dll,Windows\System32,c,NetProjW.dll,dll,NT AUTHORITY\SYSTEM
WB900OJG,c:\Windows\System32\jscript.dll,Windows\System32,c,jscript.dll,dll,NT AUTHORITY\SYSTEM
WB900OJG,c:\Windows\System32\RASMM.dll,Windows\System32,c,RASMM.dll,dll,NT AUTHORITY\SYSTEM
WB900OJG,c:\Windows\System32\msctf.dll,Windows\System32,c,msctf.dll,dll,NT AUTHORITY\SYSTEM
WB900OJG,c:\Windows\System32\drivers\MTConfig.sys,Windows\System32\drivers,c,MTConfig.sys,sys,NT AUTHORITY\SYSTEM
WB900OJG,c:\Users\$user\AppData\Local\microsoft\OneDrive\OneDrive.exe,Users\$user\AppData\Local\microsoft\OneDrive,c,OneDrive.exe,exe,$domain\$user
WB900OJG,c:\Windows\System32\WMSPDMOD.DLL,Windows\System32,c,WMSPDMOD.DLL,DLL,NT AUTHORITY\SYSTEM
WB900OJG,c:\Windows\System32\drivers\mskssrv.sys,Windows\System32\drivers,c,mskssrv.sys,sys,NT AUTHORITY\SYSTEM
WB900OJG,c:\Windows\System32\wbem\win32_encryptablevolume.dll,Windows\System32\wbem,c,win32_encryptablevolume.dll,dll,NT AUTHORITY\SYSTEM
WB900OJG,c:\Windows\System32\naturallanguage6.dll,Windows\System32,c,naturallanguage6.dll,dll,NT AUTHORITY\SYSTEM
WB900OJG,c:\Program Files\Common Files\McAfee\Platform\alertmgr.dll,Program Files\Common Files\McAfee\Platform,c,alertmgr.dll,dll,BUILTIN\Administrators
WB900OJG,c:\Windows\System32\drivers\megasas.sys,Windows\System32\drivers,c,megasas.sys,sys,NT AUTHORITY\SYSTEM
WB900OJG,c:\Windows\System32\defragproxy.dll,Windows\System32,c,defragproxy.dll,dll,NT AUTHORITY\SYSTEM
WB900OJG,c:\Windows\System32\mydocs.dll,Windows\System32,c,mydocs.dll,dll,NT AUTHORITY\SYSTEM
WB900OJG,c:\Windows\System32\Faultrep.dll,Windows\System32,c,Faultrep.dll,dll,NT AUTHORITY\SYSTEM
WB900OJG,c:\Program Files\McAfee\MSK\MskSet.dll,Program Files\McAfee\MSK,c,MskSet.dll,dll,BUILTIN\Administrators
WB900OJG,c:\Windows\SysWOW64\mfds.dll,Windows\SysWOW64,c,mfds.dll,dll,NT AUTHORITY\SYSTEM
WB900OJG,C:\Windows\System32\Wldap32.dll,Windows\System32,C,Wldap32.dll,dll,NT AUTHORITY\SYSTEM
WB900OJG,c:\Windows\System32\sensrsvc.dll,Windows\System32,c,sensrsvc.dll,dll,NT AUTHORITY\SYSTEM
WB900OJG,c:\Windows\System32\ndproxystub.dll,Windows\System32,c,ndproxystub.dll,dll,NT AUTHORITY\SYSTEM
WB900OJG,c:\Windows\System32\drivers\msdsm.sys,Windows\System32\drivers,c,msdsm.sys,sys,NT AUTHORITY\SYSTEM
WB900OJG,c:\Windows\System32\msoeacct.dll,Windows\System32,c,msoeacct.dll,dll,NT AUTHORITY\SYSTEM
WB900OJG,c:\Windows\System32\drivers\lsi_sas2.sys,Windows\System32\drivers,c,lsi_sas2.sys,sys,NT AUTHORITY\SYSTEM
WB900OJG,c:\Windows\SysWOW64\imapi2fs.dll,Windows\SysWOW64,c,imapi2fs.dll,dll,NT AUTHORITY\SYSTEM
WB900OJG,c:\Windows\System32\dskquota.dll,Windows\System32,c,dskquota.dll,dll,NT AUTHORITY\SYSTEM
WB900OJG,C:\Windows\system32\rdpclip.EXE,Windows\system32,C,rdpclip.EXE,EXE,NT AUTHORITY\SYSTEM
WB900OJG,c:\Windows\System32\wbem\wmiprov.dll,Windows\System32\wbem,c,wmiprov.dll,dll,NT AUTHORITY\SYSTEM
WB900OJG,c:\Windows\System32\drivers\vga.sys,Windows\System32\drivers,c,vga.sys,sys,NT AUTHORITY\SYSTEM
WB900OJG,c:\Windows\System32\wucltux.dll,Windows\System32,c,wucltux.dll,dll,NT AUTHORITY\SYSTEM
WB900OJG,c:\Windows\System32\wbem\WmiDcPrv.dll,Windows\System32\wbem,c,WmiDcPrv.dll,dll,NT AUTHORITY\SYSTEM
WB900OJG,c:\Windows\System32\firewallcontrolpanel.dll,Windows\System32,c,firewallcontrolpanel.dll,dll,NT AUTHORITY\SYSTEM
WB900OJG,c:\Windows\SysWOW64\mshta.exe,Windows\SysWOW64,c,mshta.exe,exe,NT AUTHORITY\SYSTEM
WB900OJG,c:\Windows\System32\puiapi.dll,Windows\System32,c,puiapi.dll,dll,NT AUTHORITY\SYSTEM
WB900OJG,c:\Windows\System32\WPDSp.dll,Windows\System32,c,WPDSp.dll,dll,NT AUTHORITY\SYSTEM
WB900OJG,c:\Windows\System32\resampledmo.dll,Windows\System32,c,resampledmo.dll,dll,NT AUTHORITY\SYSTEM
WB900OJG,c:\Windows\System32\drivers\amdxata.sys,Windows\System32\drivers,c,amdxata.sys,sys,NT AUTHORITY\SYSTEM
WB900OJG,c:\Program Files\McAfee\MPS\mpsmspap.dll,Program Files\McAfee\MPS,c,mpsmspap.dll,dll,BUILTIN\Administrators
WB900OJG,c:\Program Files\Common Files\McAfee\Platform\MSM\McSmtStr.dll,Program Files\Common Files\McAfee\Platform\MSM,c,McSmtStr.dll,dll,BUILTIN\Administrators
WB900OJG,c:\Windows\System32\WMSPDMOE.DLL,Windows\System32,c,WMSPDMOE.DLL,DLL,NT AUTHORITY\SYSTEM
WB900OJG,c:\Windows\System32\msmpeg2enc.dll,Windows\System32,c,msmpeg2enc.dll,dll,NT AUTHORITY\SYSTEM
WB900OJG,c:\Windows\ehome\cbva.dll,Windows\ehome,c,cbva.dll,dll,NT AUTHORITY\SYSTEM
WB900OJG,C:\Windows\System32\shlwapi.dll,Windows\System32,C,shlwapi.dll,dll,NT AUTHORITY\SYSTEM
WB900OJG,c:\Windows\System32\rtffilt.dll,Windows\System32,c,rtffilt.dll,dll,NT AUTHORITY\SYSTEM
WB900OJG,c:\Windows\System32\drivers\wacompen.sys,Windows\System32\drivers,c,wacompen.sys,sys,NT AUTHORITY\SYSTEM
WB900OJG,c:\Windows\SysWOW64\oleacc.dll,Windows\SysWOW64,c,oleacc.dll,dll,NT AUTHORITY\SYSTEM
WB900OJG,c:\Windows\System32\wbem\fastprox.dll,Windows\System32\wbem,c,fastprox.dll,dll,NT AUTHORITY\SYSTEM
WB900OJG,c:\Windows\System32\drivers\netbios.sys,Windows\System32\drivers,c,netbios.sys,sys,NT AUTHORITY\SYSTEM
WB900OJG,c:\Windows\System32\drivers\nvstor.sys,Windows\System32\drivers,c,nvstor.sys,sys,NT AUTHORITY\SYSTEM
WB900OJG,c:\Program Files\McAfee\VUL\McWinUpd.dll,Program Files\McAfee\VUL,c,McWinUpd.dll,dll,BUILTIN\Administrators
WB900OJG,c:\Windows\System32\wbem\wmiperfinst.dll,Windows\System32\wbem,c,wmiperfinst.dll,dll,NT AUTHORITY\SYSTEM
WB900OJG,c:\Windows\System32\firewallapi.dll,Windows\System32,c,firewallapi.dll,dll,NT AUTHORITY\SYSTEM
WB900OJG,c:\Windows\System32\Speech\Engines\SR\srloc.dll,Windows\System32\Speech\Engines\SR,c,srloc.dll,dll,NT AUTHORITY\SYSTEM
WB900OJG,c:\Windows\SysWOW64\ddoiproxy.dll,Windows\SysWOW64,c,ddoiproxy.dll,dll,NT AUTHORITY\SYSTEM
WB900OJG,C:\Program Files (x86)\Common Files\SpeechEngines\Microsoft\TTS20\MSTTSDecWrp.dll,Program Files (x86)\Common Files\SpeechEngines\Microsoft\TTS20,C,MSTTSDecWrp.dll,dll,NT AUTHORITY\SYSTEM
WB900OJG,c:\Windows\System32\Syncreg.dll,Windows\System32,c,Syncreg.dll,dll,NT AUTHORITY\SYSTEM
WB900OJG,c:\Windows\System32\MPSSVC.dll,Windows\System32,c,MPSSVC.dll,dll,NT AUTHORITY\SYSTEM
WB900OJG,c:\Windows\SysWOW64\ieaksie.dll,Windows\SysWOW64,c,ieaksie.dll,dll,NT AUTHORITY\SYSTEM
WB900OJG,c:\Windows\System32\IME\IMESC5\ImSCCore.dll,Windows\System32\IME\IMESC5,c,ImSCCore.dll,dll,NT AUTHORITY\SYSTEM
WB900OJG,c:\Windows\System32\Locator.exe,Windows\System32,c,Locator.exe,exe,NT AUTHORITY\SYSTEM
WB900OJG,c:\Windows\System32\drivers\raspptp.sys,Windows\System32\drivers,c,raspptp.sys,sys,NT AUTHORITY\SYSTEM
WB900OJG,c:\Windows\System32\azroles.dll,Windows\System32,c,azroles.dll,dll,NT AUTHORITY\SYSTEM
WB900OJG,c:\Windows\System32\mshtml.dll,Windows\System32,c,mshtml.dll,dll,NT AUTHORITY\SYSTEM
WB900OJG,c:\Windows\SysWOW64\presentationhostproxy.dll,Windows\SysWOW64,c,presentationhostproxy.dll,dll,NT AUTHORITY\SYSTEM
WB900OJG,c:\Windows\SysWOW64\ieapfltr.dll,Windows\SysWOW64,c,ieapfltr.dll,dll,NT AUTHORITY\SYSTEM
WB900OJG,c:\Windows\SysWOW64\wksprtPS.dll,Windows\SysWOW64,c,wksprtPS.dll,dll,NT AUTHORITY\SYSTEM
WB900OJG,c:\Windows\SysWOW64\bitsprx5.dll,Windows\SysWOW64,c,bitsprx5.dll,dll,NT AUTHORITY\SYSTEM
WB900OJG,c:\Windows\SysWOW64\termmgr.dll,Windows\SysWOW64,c,termmgr.dll,dll,NT AUTHORITY\SYSTEM
WB900OJG,c:\Windows\ehome\mcxdatapath.dll,Windows\ehome,c,mcxdatapath.dll,dll,NT AUTHORITY\SYSTEM
WB900OJG,c:\Windows\System32\wbem\vsswmi.dll,Windows\System32\wbem,c,vsswmi.dll,dll,NT AUTHORITY\SYSTEM
WB900OJG,c:\Windows\SysWOW64\wmpmde.dll,Windows\SysWOW64,c,wmpmde.dll,dll,NT AUTHORITY\SYSTEM
WB900OJG,c:\Windows\SysWOW64\fdBth.dll,Windows\SysWOW64,c,fdBth.dll,dll,NT AUTHORITY\SYSTEM
WB900OJG,c:\Windows\System32\drivers\usbuhci.sys,Windows\System32\drivers,c,usbuhci.sys,sys,NT AUTHORITY\SYSTEM
WB900OJG,c:\Windows\System32\hgprint.dll,Windows\System32,c,hgprint.dll,dll,NT AUTHORITY\SYSTEM
WB900OJG,c:\Windows\System32\wsdscanproxy.dll,Windows\System32,c,wsdscanproxy.dll,dll,NT AUTHORITY\SYSTEM
WB900OJG,c:\Program Files\McAfee\MSC\McPrsShm.dll,Program Files\McAfee\MSC,c,McPrsShm.dll,dll,BUILTIN\Administrators
WB900OJG,c:\Windows\System32\sppcomapi.dll,Windows\System32,c,sppcomapi.dll,dll,NT AUTHORITY\SYSTEM
WB900OJG,C:\Program Files\Common Files\Microsoft Shared\ink\InkDiv.dll,Program Files\Common Files\Microsoft Shared\ink,C,InkDiv.dll,dll,NT AUTHORITY\SYSTEM
WB900OJG,c:\Windows\System32\drivers\vsmraid.sys,Windows\System32\drivers,c,vsmraid.sys,sys,NT AUTHORITY\SYSTEM
WB900OJG,c:\Windows\System32\mshtmled.dll,Windows\System32,c,mshtmled.dll,dll,NT AUTHORITY\SYSTEM
WB900OJG,c:\Windows\System32\sntsearch.dll,Windows\System32,c,sntsearch.dll,dll,NT AUTHORITY\SYSTEM
WB900OJG,C:\Program Files\Common Files\Microsoft Shared\ink\tpcps.dll,Program Files\Common Files\Microsoft Shared\ink,C,tpcps.dll,dll,NT AUTHORITY\SYSTEM
WB900OJG,c:\Windows\SysWOW64\portabledeviceconnectapi.dll,Windows\SysWOW64,c,portabledeviceconnectapi.dll,dll,NT AUTHORITY\SYSTEM
WB900OJG,c:\Windows\System32\drivers\netbt.sys,Windows\System32\drivers,c,netbt.sys,sys,NT AUTHORITY\SYSTEM
WB900OJG,c:\Windows\System32\wcncsvc.dll,Windows\System32,c,wcncsvc.dll,dll,NT AUTHORITY\SYSTEM
WB900OJG,c:\Windows\System32\wbem\wbemsvc.dll,Windows\System32\wbem,c,wbemsvc.dll,dll,NT AUTHORITY\SYSTEM
WB900OJG,c:\Windows\System32\hhctrl.ocx,Windows\System32,c,hhctrl.ocx,ocx,NT AUTHORITY\SYSTEM
WB900OJG,c:\Windows\ehome\ehchtime.dll,Windows\ehome,c,ehchtime.dll,dll,NT AUTHORITY\SYSTEM
WB900OJG,c:\program files\McAfee\webadvisor\win32\wssdep.dll,program files\McAfee\webadvisor\win32,c,wssdep.dll,dll,BUILTIN\Administrators
WB900OJG,c:\Windows\System32\quartz.dll,Windows\System32,c,quartz.dll,dll,NT AUTHORITY\SYSTEM
WB900OJG,c:\Windows\System32\msi.dll,Windows\System32,c,msi.dll,dll,NT AUTHORITY\SYSTEM
WB900OJG,c:\Windows\System32\drivers\ipnat.sys,Windows\System32\drivers,c,ipnat.sys,sys,NT AUTHORITY\SYSTEM
WB900OJG,c:\Windows\SysWOW64\portabledevicetypes.dll,Windows\SysWOW64,c,portabledevicetypes.dll,dll,NT AUTHORITY\SYSTEM
WB900OJG,c:\Windows\System32\VBICodec.ax,Windows\System32,c,VBICodec.ax,ax,NT AUTHORITY\SYSTEM
WB900OJG,c:\Program Files\McAfee\MSC\McDBMgr.dll,Program Files\McAfee\MSC,c,McDBMgr.dll,dll,BUILTIN\Administrators
WB900OJG,C:\Program Files\Common Files\SpeechEngines\Microsoft\TTS20\MSTTSCommon.dll,Program Files\Common Files\SpeechEngines\Microsoft\TTS20,C,MSTTSCommon.dll,dll,NT AUTHORITY\SYSTEM
WB900OJG,c:\Windows\System32\wmpdxm.dll,Windows\System32,c,wmpdxm.dll,dll,NT AUTHORITY\SYSTEM
WB900OJG,c:\Windows\System32\ucmhc.dll,Windows\System32,c,ucmhc.dll,dll,NT AUTHORITY\SYSTEM
WB900OJG,c:\Windows\System32\drivers\rassstp.sys,Windows\System32\drivers,c,rassstp.sys,sys,NT AUTHORITY\SYSTEM
WB900OJG,c:\Windows\SysWOW64\iTVData.dll,Windows\SysWOW64,c,iTVData.dll,dll,NT AUTHORITY\SYSTEM
WB900OJG,c:\Windows\System32\dinput8.dll,Windows\System32,c,dinput8.dll,dll,NT AUTHORITY\SYSTEM
WB900OJG,c:\Windows\System32\msdtctm.dll,Windows\System32,c,msdtctm.dll,dll,NT AUTHORITY\SYSTEM
WB900OJG,c:\Windows\System32\drivers\sisraid4.sys,Windows\System32\drivers,c,sisraid4.sys,sys,NT AUTHORITY\SYSTEM
WB900OJG,c:\Windows\System32\wbem\wmipdskq.dll,Windows\System32\wbem,c,wmipdskq.dll,dll,NT AUTHORITY\SYSTEM
WB900OJG,C:\Windows\System32\sechost.dll,Windows\System32,C,sechost.dll,dll,NT AUTHORITY\SYSTEM
WB900OJG,c:\Windows\System32\drivers\tcpip.sys,Windows\System32\drivers,c,tcpip.sys,sys,NT AUTHORITY\SYSTEM
WB900OJG,c:\Windows\System32\ehstorapi.dll,Windows\System32,c,ehstorapi.dll,dll,NT AUTHORITY\SYSTEM
WB900OJG,c:\Windows\ehome\ehkorime.dll,Windows\ehome,c,ehkorime.dll,dll,NT AUTHORITY\SYSTEM
WB900OJG,c:\Windows\System32\drivers\ndis.sys,Windows\System32\drivers,c,ndis.sys,sys,NT AUTHORITY\SYSTEM
WB900OJG,c:\Windows\System32\drivers\kbdhid.sys,Windows\System32\drivers,c,kbdhid.sys,sys,NT AUTHORITY\SYSTEM
WB900OJG,C:\Windows\System32\urlmon.dll,Windows\System32,C,urlmon.dll,dll,NT AUTHORITY\SYSTEM
WB900OJG,c:\Windows\System32\IME\shared\MSCAND20.DLL,Windows\System32\IME\shared,c,MSCAND20.DLL,DLL,NT AUTHORITY\SYSTEM
WB900OJG,c:\Windows\SysWOW64\fdProxy.dll,Windows\SysWOW64,c,fdProxy.dll,dll,NT AUTHORITY\SYSTEM
WB900OJG,c:\Windows\System32\wbem\PolicMan.dll,Windows\System32\wbem,c,PolicMan.dll,dll,NT AUTHORITY\SYSTEM
WB900OJG,c:\Windows\System32\drivers\udfs.sys,Windows\System32\drivers,c,udfs.sys,sys,NT AUTHORITY\SYSTEM
WB900OJG,c:\Windows\System32\drivers\ndiswan.sys,Windows\System32\drivers,c,ndiswan.sys,sys,NT AUTHORITY\SYSTEM
WB900OJG,c:\Windows\System32\drivers\mrxsmb.sys,Windows\System32\drivers,c,mrxsmb.sys,sys,NT AUTHORITY\SYSTEM
WB900OJG,c:\Windows\System32\wbem\wbemdisp.dll,Windows\System32\wbem,c,wbemdisp.dll,dll,NT AUTHORITY\SYSTEM
WB900OJG,c:\Windows\ehome\netbridge.dll,Windows\ehome,c,netbridge.dll,dll,NT AUTHORITY\SYSTEM
WB900OJG,c:\Windows\System32\WLanHC.dll,Windows\System32,c,WLanHC.dll,dll,NT AUTHORITY\SYSTEM
WB900OJG,c:\Program Files\McAfee\MSC\McBootDelayStartSvc.dll,Program Files\McAfee\MSC,c,McBootDelayStartSvc.dll,dll,BUILTIN\Administrators
WB900OJG,c:\Windows\System32\hgcpl.dll,Windows\System32,c,hgcpl.dll,dll,NT AUTHORITY\SYSTEM
WB900OJG,c:\Windows\System32\drivers\BrFiltLo.sys,Windows\System32\drivers,c,BrFiltLo.sys,sys,NT AUTHORITY\SYSTEM
WB900OJG,c:\Windows\System32\seclogon.dll,Windows\System32,c,seclogon.dll,dll,NT AUTHORITY\SYSTEM
WB900OJG,c:\Windows\System32\nlahc.dll,Windows\System32,c,nlahc.dll,dll,NT AUTHORITY\SYSTEM
WB900OJG,c:\Windows\System32\drivers\fsdepends.sys,Windows\System32\drivers,c,fsdepends.sys,sys,NT AUTHORITY\SYSTEM
WB900OJG,c:\Windows\System32\wksprtPS.dll,Windows\System32,c,wksprtPS.dll,dll,NT AUTHORITY\SYSTEM
WB900OJG,c:\Windows\SysWOW64\thumbcache.dll,Windows\SysWOW64,c,thumbcache.dll,dll,NT AUTHORITY\SYSTEM
WB900OJG,c:\Program Files\McAfee\MSC\mcupdui.dll,Program Files\McAfee\MSC,c,mcupdui.dll,dll,BUILTIN\Administrators
WB900OJG,c:\Windows\System32\msrdc.dll,Windows\System32,c,msrdc.dll,dll,NT AUTHORITY\SYSTEM
WB900OJG,c:\Windows\System32\werconcpl.dll,Windows\System32,c,werconcpl.dll,dll,NT AUTHORITY\SYSTEM
WB900OJG,c:\Windows\System32\scecli.dll,Windows\System32,c,scecli.dll,dll,NT AUTHORITY\SYSTEM
WB900OJG,c:\Windows\System32\RegCtrl.dll,Windows\System32,c,RegCtrl.dll,dll,NT AUTHORITY\SYSTEM
WB900OJG,c:\Windows\System32\IME\imekr8\applets\imkrcac.dll,Windows\System32\IME\imekr8\applets,c,imkrcac.dll,dll,NT AUTHORITY\SYSTEM
WB900OJG,c:\program files\common files\McAfee\MHN\homenetsvc.dll,program files\common files\McAfee\MHN,c,homenetsvc.dll,dll,BUILTIN\Administrators
WB900OJG,c:\Windows\System32\sqlceoledb30.dll,Windows\System32,c,sqlceoledb30.dll,dll,NT AUTHORITY\SYSTEM
WB900OJG,c:\Windows\SysWOW64\wshcon.dll,Windows\SysWOW64,c,wshcon.dll,dll,NT AUTHORITY\SYSTEM
WB900OJG,c:\Windows\System32\drivers\usbprint.sys,Windows\System32\drivers,c,usbprint.sys,sys,NT AUTHORITY\SYSTEM
WB900OJG,c:\Windows\System32\drivers\adpahci.sys,Windows\System32\drivers,c,adpahci.sys,sys,NT AUTHORITY\SYSTEM
WB900OJG,c:\Windows\System32\syncinfrastructureps.dll,Windows\System32,c,syncinfrastructureps.dll,dll,NT AUTHORITY\SYSTEM
WB900OJG,c:\Windows\System32\winrnr.dll,Windows\System32,c,winrnr.dll,dll,NT AUTHORITY\SYSTEM
WB900OJG,c:\Windows\System32\sysmain.dll,Windows\System32,c,sysmain.dll,dll,NT AUTHORITY\SYSTEM
WB900OJG,c:\Windows\System32\MSDvbNP.ax,Windows\System32,c,MSDvbNP.ax,ax,NT AUTHORITY\SYSTEM
WB900OJG,c:\Windows\System32\upnphost.dll,Windows\System32,c,upnphost.dll,dll,NT AUTHORITY\SYSTEM
WB900OJG,c:\Windows\System32\scrrun.dll,Windows\System32,c,scrrun.dll,dll,NT AUTHORITY\SYSTEM
WB900OJG,c:\Program Files\McAfee\MfeAV\mcvsocfg.dll,Program Files\McAfee\MfeAV,c,mcvsocfg.dll,dll,BUILTIN\Administrators
WB900OJG,c:\Windows\System32\msctfp.dll,Windows\System32,c,msctfp.dll,dll,NT AUTHORITY\SYSTEM
WB900OJG,c:\Windows\System32\drprov.dll,Windows\System32,c,drprov.dll,dll,NT AUTHORITY\SYSTEM
WB900OJG,c:\Windows\System32\fphc.dll,Windows\System32,c,fphc.dll,dll,NT AUTHORITY\SYSTEM
WB900OJG,c:\Windows\SysWOW64\msfeedsbs.dll,Windows\SysWOW64,c,msfeedsbs.dll,dll,NT AUTHORITY\SYSTEM
WB900OJG,c:\Windows\System32\drivers\vhdmp.sys,Windows\System32\drivers,c,vhdmp.sys,sys,NT AUTHORITY\SYSTEM
WB900OJG,c:\Windows\System32\snmptrap.exe,Windows\System32,c,snmptrap.exe,exe,NT AUTHORITY\SYSTEM
WB900OJG,c:\Windows\System32\FDResPub.dll,Windows\System32,c,FDResPub.dll,dll,NT AUTHORITY\SYSTEM
WB900OJG,c:\Program Files\McAfee\MPS\mpsver.dll,Program Files\McAfee\MPS,c,mpsver.dll,dll,BUILTIN\Administrators
WB900OJG,c:\Windows\System32\Speech\SpeechUX\SpeechUX.dll,Windows\System32\Speech\SpeechUX,c,SpeechUX.dll,dll,NT AUTHORITY\SYSTEM
WB900OJG,c:\Windows\System32\spp.dll,Windows\System32,c,spp.dll,dll,NT AUTHORITY\SYSTEM
WB900OJG,c:\program files\common files\McAfee\McProxy\McProxy.dll,program files\common files\McAfee\McProxy,c,McProxy.dll,dll,BUILTIN\Administrators
WB900OJG,c:\Windows\System32\devicedisplaystatusmanager.dll,Windows\System32,c,devicedisplaystatusmanager.dll,dll,NT AUTHORITY\SYSTEM
WB900OJG,c:\Windows\System32\drivers\afd.sys,Windows\System32\drivers,c,afd.sys,sys,NT AUTHORITY\SYSTEM
WB900OJG,c:\Windows\System32\networkexplorer.dll,Windows\System32,c,networkexplorer.dll,dll,NT AUTHORITY\SYSTEM
WB900OJG,c:\Windows\SysWOW64\onedrivesetup.exe,Windows\SysWOW64,c,onedrivesetup.exe,exe,NT SERVICE\TrustedInstaller
WB900OJG,c:\Windows\System32\mstscax.dll,Windows\System32,c,mstscax.dll,dll,NT AUTHORITY\SYSTEM
WB900OJG,c:\Windows\SysWOW64\eapphost.dll,Windows\SysWOW64,c,eapphost.dll,dll,NT AUTHORITY\SYSTEM
WB900OJG,c:\Windows\SysWOW64\iccvid.dll,Windows\SysWOW64,c,iccvid.dll,dll,NT AUTHORITY\SYSTEM
WB900OJG,c:\Windows\SysWOW64\sppcc.dll,Windows\SysWOW64,c,sppcc.dll,dll,NT AUTHORITY\SYSTEM
WB900OJG,c:\Windows\SysWOW64\rundll32.exe,Windows\SysWOW64,c,rundll32.exe,exe,NT AUTHORITY\SYSTEM
WB900OJG,c:\Windows\System32\ehstorshell.dll,Windows\System32,c,ehstorshell.dll,dll,NT AUTHORITY\SYSTEM
WB900OJG,c:\program files\McAfee\webadvisor\webadvisor.ico,program files\McAfee\webadvisor,c,webadvisor.ico,ico,BUILTIN\Administrators
WB900OJG,c:\Windows\SysWOW64\bthprops.cpl,Windows\SysWOW64,c,bthprops.cpl,cpl,NT AUTHORITY\SYSTEM
WB900OJG,c:\Windows\System32\fdbthproxy.dll,Windows\System32,c,fdbthproxy.dll,dll,NT AUTHORITY\SYSTEM
WB900OJG,c:\Windows\SysWOW64\wmdrmsdk.dll,Windows\SysWOW64,c,wmdrmsdk.dll,dll,NT AUTHORITY\SYSTEM
WB900OJG,c:\Windows\SysWOW64\tsbyuv.dll,Windows\SysWOW64,c,tsbyuv.dll,dll,NT AUTHORITY\SYSTEM
WB900OJG,c:\Windows\System32\wmpsrcwp.dll,Windows\System32,c,wmpsrcwp.dll,dll,NT AUTHORITY\SYSTEM
WB900OJG,c:\Windows\System32\actioncentercpl.dll,Windows\System32,c,actioncentercpl.dll,dll,NT AUTHORITY\SYSTEM
WB900OJG,c:\Windows\SysWOW64\occache.dll,Windows\SysWOW64,c,occache.dll,dll,NT AUTHORITY\SYSTEM
WB900OJG,c:\Windows\System32\drivers\mspqm.sys,Windows\System32\drivers,c,mspqm.sys,sys,NT AUTHORITY\SYSTEM
WB900OJG,C:\Windows\System32\psapi.dll,Windows\System32,C,psapi.dll,dll,NT AUTHORITY\SYSTEM
WB900OJG,c:\Windows\System32\dot3hc.dll,Windows\System32,c,dot3hc.dll,dll,NT AUTHORITY\SYSTEM
WB900OJG,c:\Windows\System32\pla.dll,Windows\System32,c,pla.dll,dll,NT AUTHORITY\SYSTEM
WB900OJG,c:\Windows\System32\auditpolicygpinterop.dll,Windows\System32,c,auditpolicygpinterop.dll,dll,NT AUTHORITY\SYSTEM
WB900OJG,c:\Windows\SysWOW64\qasf.dll,Windows\SysWOW64,c,qasf.dll,dll,NT AUTHORITY\SYSTEM
WB900OJG,c:\Windows\System32\drivers\IPMIDrv.sys,Windows\System32\drivers,c,IPMIDrv.sys,sys,NT AUTHORITY\SYSTEM
WB900OJG,c:\Windows\System32\rasplap.dll,Windows\System32,c,rasplap.dll,dll,NT AUTHORITY\SYSTEM
WB900OJG,c:\Windows\System32\msadp32.acm,Windows\System32,c,msadp32.acm,acm,NT AUTHORITY\SYSTEM
WB900OJG,c:\Windows\System32\cpfilters.dll,Windows\System32,c,cpfilters.dll,dll,NT AUTHORITY\SYSTEM
WB900OJG,c:\Windows\System32\IME\shared\IMEPADSM.DLL,Windows\System32\IME\shared,c,IMEPADSM.DLL,DLL,NT AUTHORITY\SYSTEM
WB900OJG,c:\Windows\SysWOW64\qdvd.dll,Windows\SysWOW64,c,qdvd.dll,dll,NT AUTHORITY\SYSTEM
WB900OJG,c:\Windows\ehome\ehProxy.dll,Windows\ehome,c,ehProxy.dll,dll,NT AUTHORITY\SYSTEM
WB900OJG,C:\Program Files (x86)\Common Files\SpeechEngines\Microsoft\TTS20\MSTTSCommon.dll,Program Files (x86)\Common Files\SpeechEngines\Microsoft\TTS20,C,MSTTSCommon.dll,dll,NT AUTHORITY\SYSTEM
WB900OJG,c:\Windows\System32\searchindexer.exe,Windows\System32,c,searchindexer.exe,exe,NT AUTHORITY\SYSTEM
WB900OJG,c:\Windows\System32\photowiz.dll,Windows\System32,c,photowiz.dll,dll,NT AUTHORITY\SYSTEM
WB900OJG,c:\program files\common files\McAfee\vscore_15_8\mcapexe.exe,program files\common files\McAfee\vscore_15_8,c,mcapexe.exe,exe,BUILTIN\Administrators
WB900OJG,c:\Windows\System32\prnfldr.dll,Windows\System32,c,prnfldr.dll,dll,NT AUTHORITY\SYSTEM
WB900OJG,c:\Windows\System32\rdpcorekmts.dll,Windows\System32,c,rdpcorekmts.dll,dll,NT AUTHORITY\SYSTEM
WB900OJG,c:\Windows\System32\drivers\MegaSR.sys,Windows\System32\drivers,c,MegaSR.sys,sys,NT AUTHORITY\SYSTEM
WB900OJG,c:\Windows\SysWOW64\VIDRESZR.DLL,Windows\SysWOW64,c,VIDRESZR.DLL,DLL,NT AUTHORITY\SYSTEM
WB900OJG,c:\Windows\SysWOW64\iepeers.dll,Windows\SysWOW64,c,iepeers.dll,dll,NT AUTHORITY\SYSTEM
WB900OJG,c:\Windows\System32\SysFxUI.dll,Windows\System32,c,SysFxUI.dll,dll,NT AUTHORITY\SYSTEM
WB900OJG,c:\Windows\System32\IME\IMEJP10\APPLETS\IMJPSKF.DLL,Windows\System32\IME\IMEJP10\APPLETS,c,IMJPSKF.DLL,DLL,NT AUTHORITY\SYSTEM
WB900OJG,c:\Windows\System32\drivers\rdpbus.sys,Windows\System32\drivers,c,rdpbus.sys,sys,NT AUTHORITY\SYSTEM
WB900OJG,c:\Windows\System32\drivers\UAGP35.SYS,Windows\System32\drivers,c,UAGP35.SYS,SYS,NT AUTHORITY\SYSTEM
WB900OJG,c:\Windows\System32\lltdsvc.dll,Windows\System32,c,lltdsvc.dll,dll,NT AUTHORITY\SYSTEM
WB900OJG,c:\Windows\System32\groupinghc.dll,Windows\System32,c,groupinghc.dll,dll,NT AUTHORITY\SYSTEM
WB900OJG,c:\program files (x86)\common files\McAfee\Platform\mcbr3264.dll,program files (x86)\common files\McAfee\Platform,c,mcbr3264.dll,dll,BUILTIN\Administrators
WB900OJG,c:\Windows\System32\korwbrkr.dll,Windows\System32,c,korwbrkr.dll,dll,NT AUTHORITY\SYSTEM
WB900OJG,c:\Windows\System32\drivers\Wdf01000.sys,Windows\System32\drivers,c,Wdf01000.sys,sys,NT AUTHORITY\SYSTEM
WB900OJG,c:\Windows\System32\vds.exe,Windows\System32,c,vds.exe,exe,NT AUTHORITY\SYSTEM
WB900OJG,c:\Windows\System32\wecsvc.dll,Windows\System32,c,wecsvc.dll,dll,NT AUTHORITY\SYSTEM
WB900OJG,c:\Windows\System32\userinit.exe,Windows\System32,c,userinit.exe,exe,NT AUTHORITY\SYSTEM
WB900OJG,c:\Windows\System32\dmocx.dll,Windows\System32,c,dmocx.dll,dll,NT AUTHORITY\SYSTEM
WB900OJG,c:\Windows\System32\eapp3hst.dll,Windows\System32,c,eapp3hst.dll,dll,NT AUTHORITY\SYSTEM
WB900OJG,c:\Windows\System32\MMDevAPI.dll,Windows\System32,c,MMDevAPI.dll,dll,NT AUTHORITY\SYSTEM
WB900OJG,c:\Windows\System32\IME\shared\imever.dll,Windows\System32\IME\shared,c,imever.dll,dll,NT AUTHORITY\SYSTEM
WB900OJG,c:\Windows\SysWOW64\msscript.ocx,Windows\SysWOW64,c,msscript.ocx,ocx,NT AUTHORITY\SYSTEM
WB900OJG,c:\Windows\microsoft.net\framework\v1.0.3705\mscormmc.dll,Windows\microsoft.net\framework\v1.0.3705,c,mscormmc.dll,dll,NT AUTHORITY\SYSTEM
WB900OJG,c:\Windows\System32\ndfhcdiscovery.dll,Windows\System32,c,ndfhcdiscovery.dll,dll,NT AUTHORITY\SYSTEM
WB900OJG,c:\Windows\System32\deskperf.dll,Windows\System32,c,deskperf.dll,dll,NT AUTHORITY\SYSTEM
WB900OJG,c:\Windows\System32\winrssrv.dll,Windows\System32,c,winrssrv.dll,dll,NT AUTHORITY\SYSTEM
WB900OJG,c:\Windows\System32\XPSSHHDR.dll,Windows\System32,c,XPSSHHDR.dll,dll,NT AUTHORITY\SYSTEM
WB900OJG,c:\Windows\System32\davclnt.dll,Windows\System32,c,davclnt.dll,dll,NT AUTHORITY\SYSTEM
WB900OJG,c:\program files\McAfee\webadvisor\win32\downloadscan.dll,program files\McAfee\webadvisor\win32,c,downloadscan.dll,dll,BUILTIN\Administrators
WB900OJG,c:\Windows\System32\shsvcs.dll,Windows\System32,c,shsvcs.dll,dll,NT AUTHORITY\SYSTEM
WB900OJG,c:\Windows\System32\vss_ps.dll,Windows\System32,c,vss_ps.dll,dll,NT AUTHORITY\SYSTEM
WB900OJG,c:\Windows\ehome\ehpresenter.dll,Windows\ehome,c,ehpresenter.dll,dll,NT AUTHORITY\SYSTEM
WB900OJG,c:\Program Files (x86)\McAfee\MSC\McSnIePl.dll,Program Files (x86)\McAfee\MSC,c,McSnIePl.dll,dll,BUILTIN\Administrators
WB900OJG,c:\Windows\System32\tbssvc.dll,Windows\System32,c,tbssvc.dll,dll,NT AUTHORITY\SYSTEM
WB900OJG,c:\Windows\System32\wwanconn.dll,Windows\System32,c,wwanconn.dll,dll,NT AUTHORITY\SYSTEM
WB900OJG,c:\Windows\System32\kernelceip.dll,Windows\System32,c,kernelceip.dll,dll,NT AUTHORITY\SYSTEM
WB900OJG,c:\Windows\System32\presentationhostproxy.dll,Windows\System32,c,presentationhostproxy.dll,dll,NT AUTHORITY\SYSTEM
WB900OJG,c:\Windows\System32\msdtcuiu.dll,Windows\System32,c,msdtcuiu.dll,dll,NT AUTHORITY\SYSTEM
WB900OJG,c:\Windows\System32\drivers\serenum.sys,Windows\System32\drivers,c,serenum.sys,sys,NT AUTHORITY\SYSTEM
WB900OJG,c:\Windows\System32\msctfmonitor.dll,Windows\System32,c,msctfmonitor.dll,dll,NT AUTHORITY\SYSTEM
WB900OJG,c:\Windows\SysWOW64\hlink.dll,Windows\SysWOW64,c,hlink.dll,dll,NT AUTHORITY\SYSTEM
WB900OJG,c:\Windows\System32\hotstartuseragent.dll,Windows\System32,c,hotstartuseragent.dll,dll,NT AUTHORITY\SYSTEM
WB900OJG,c:\Windows\System32\wdi.dll,Windows\System32,c,wdi.dll,dll,NT AUTHORITY\SYSTEM
WB900OJG,c:\Windows\SysWOW64\msrating.dll,Windows\SysWOW64,c,msrating.dll,dll,NT AUTHORITY\SYSTEM
WB900OJG,c:\Windows\System32\IDStore.dll,Windows\System32,c,IDStore.dll,dll,NT AUTHORITY\SYSTEM
WB900OJG,c:\Windows\System32\WMVSDECD.DLL,Windows\System32,c,WMVSDECD.DLL,DLL,NT AUTHORITY\SYSTEM
WB900OJG,c:\Windows\System32\deskmon.dll,Windows\System32,c,deskmon.dll,dll,NT AUTHORITY\SYSTEM
WB900OJG,c:\Windows\System32\UIRibbon.dll,Windows\System32,c,UIRibbon.dll,dll,NT AUTHORITY\SYSTEM
WB900OJG,c:\Windows\SysWOW64\imgutil.dll,Windows\SysWOW64,c,imgutil.dll,dll,NT AUTHORITY\SYSTEM
WB900OJG,c:\Windows\SysWOW64\nlmgp.dll,Windows\SysWOW64,c,nlmgp.dll,dll,NT AUTHORITY\SYSTEM
WB900OJG,c:\Windows\System32\bwunpairelevated.dll,Windows\System32,c,bwunpairelevated.dll,dll,NT AUTHORITY\SYSTEM
WB900OJG,c:\Windows\System32\drivers\irenum.sys,Windows\System32\drivers,c,irenum.sys,sys,NT AUTHORITY\SYSTEM
WB900OJG,c:\Windows\System32\docprop.dll,Windows\System32,c,docprop.dll,dll,NT AUTHORITY\SYSTEM
WB900OJG,c:\Windows\System32\WMPhoto.dll,Windows\System32,c,WMPhoto.dll,dll,NT AUTHORITY\SYSTEM
WB900OJG,c:\Windows\System32\locationapi.dll,Windows\System32,c,locationapi.dll,dll,NT AUTHORITY\SYSTEM
WB900OJG,c:\Windows\SysWOW64\wshext.dll,Windows\SysWOW64,c,wshext.dll,dll,NT AUTHORITY\SYSTEM
WB900OJG,c:\Windows\System32\sppcc.dll,Windows\System32,c,sppcc.dll,dll,NT AUTHORITY\SYSTEM
WB900OJG,c:\Windows\System32\dfshim.dll,Windows\System32,c,dfshim.dll,dll,NT AUTHORITY\SYSTEM
WB900OJG,c:\Windows\System32\Speech\Engines\SR\spsreng.dll,Windows\System32\Speech\Engines\SR,c,spsreng.dll,dll,NT AUTHORITY\SYSTEM
WB900OJG,c:\Windows\System32\IME\shared\imecfm.dll,Windows\System32\IME\shared,c,imecfm.dll,dll,NT AUTHORITY\SYSTEM
WB900OJG,c:\Windows\System32\wbem\msiprov.dll,Windows\System32\wbem,c,msiprov.dll,dll,NT AUTHORITY\SYSTEM
WB900OJG,c:\Windows\System32\drivers\srv.sys,Windows\System32\drivers,c,srv.sys,sys,NT AUTHORITY\SYSTEM
WB900OJG,c:\Windows\SysWOW64\wmpsrcwp.dll,Windows\SysWOW64,c,wmpsrcwp.dll,dll,NT AUTHORITY\SYSTEM
WB900OJG,c:\Program Files\McAfee\MPF\MpfApiPS.dll,Program Files\McAfee\MPF,c,MpfApiPS.dll,dll,BUILTIN\Administrators
WB900OJG,c:\Windows\SysWOW64\msyuv.dll,Windows\SysWOW64,c,msyuv.dll,dll,NT AUTHORITY\SYSTEM
WB900OJG,c:\Windows\System32\sstpsvc.dll,Windows\System32,c,sstpsvc.dll,dll,NT AUTHORITY\SYSTEM
WB900OJG,c:\Windows\System32\wdc.dll,Windows\System32,c,wdc.dll,dll,NT AUTHORITY\SYSTEM
WB900OJG,C:\Windows\explorer.exe,Windows,C,explorer.exe,exe,NT AUTHORITY\SYSTEM
WB900OJG,c:\Windows\System32\cca.dll,Windows\System32,c,cca.dll,dll,NT AUTHORITY\SYSTEM
WB900OJG,C:\Windows\System32\clbcatq.dll,Windows\System32,C,clbcatq.dll,dll,NT AUTHORITY\SYSTEM
WB900OJG,c:\Windows\System32\sysmon.ocx,Windows\System32,c,sysmon.ocx,ocx,NT AUTHORITY\SYSTEM
WB900OJG,c:\Windows\System32\drivers\mspclock.sys,Windows\System32\drivers,c,mspclock.sys,sys,NT AUTHORITY\SYSTEM
WB900OJG,c:\Windows\System32\cmstplua.dll,Windows\System32,c,cmstplua.dll,dll,NT AUTHORITY\SYSTEM
WB900OJG,c:\Windows\System32\drivers\GAGP30KX.SYS,Windows\System32\drivers,c,GAGP30KX.SYS,SYS,NT AUTHORITY\SYSTEM
WB900OJG,c:\Windows\System32\LAPRXY.DLL,Windows\System32,c,LAPRXY.DLL,DLL,NT AUTHORITY\SYSTEM
WB900OJG,c:\Windows\System32\wscsvc.dll,Windows\System32,c,wscsvc.dll,dll,NT AUTHORITY\SYSTEM
WB900OJG,C:\Windows\System32\credssp.dll,Windows\System32,C,credssp.dll,dll,NT AUTHORITY\SYSTEM
WB900OJG,c:\Windows\System32\Pnrphc.dll,Windows\System32,c,Pnrphc.dll,dll,NT AUTHORITY\SYSTEM
WB900OJG,c:\Windows\System32\wscui.cpl,Windows\System32,c,wscui.cpl,cpl,NT AUTHORITY\SYSTEM
WB900OJG,c:\Windows\System32\certprop.dll,Windows\System32,c,certprop.dll,dll,NT AUTHORITY\SYSTEM
WB900OJG,c:\Windows\SysWOW64\MSNP.ax,Windows\SysWOW64,c,MSNP.ax,ax,NT AUTHORITY\SYSTEM
WB900OJG,c:\Windows\SysWOW64\fdSSDP.dll,Windows\SysWOW64,c,fdSSDP.dll,dll,NT AUTHORITY\SYSTEM
WB900OJG,C:\Program Files\Common Files\SpeechEngines\Microsoft\TTS20\en-US\MSTTSFrontendENU.dll,Program Files\Common Files\SpeechEngines\Microsoft\TTS20\en-US,C,MSTTSFrontendENU.dll,dll,NT AUTHORITY\SYSTEM
WB900OJG,c:\Windows\System32\msfeeds.dll,Windows\System32,c,msfeeds.dll,dll,NT AUTHORITY\SYSTEM
WB900OJG,c:\Windows\SysWOW64\rasdiag.dll,Windows\SysWOW64,c,rasdiag.dll,dll,NT AUTHORITY\SYSTEM
WB900OJG,c:\Windows\System32\mscms.dll,Windows\System32,c,mscms.dll,dll,NT AUTHORITY\SYSTEM
WB900OJG,c:\Windows\SysWOW64\photometadatahandler.dll,Windows\SysWOW64,c,photometadatahandler.dll,dll,NT AUTHORITY\SYSTEM
WB900OJG,c:\Windows\System32\hidserv.dll,Windows\System32,c,hidserv.dll,dll,NT AUTHORITY\SYSTEM
WB900OJG,c:\Windows\System32\alg.exe,Windows\System32,c,alg.exe,exe,NT AUTHORITY\SYSTEM
WB900OJG,c:\Windows\System32\raschap.dll,Windows\System32,c,raschap.dll,dll,NT AUTHORITY\SYSTEM
WB900OJG,c:\Windows\System32\iashlpr.dll,Windows\System32,c,iashlpr.dll,dll,NT AUTHORITY\SYSTEM
WB900OJG,c:\Windows\System32\vaultcredprovider.dll,Windows\System32,c,vaultcredprovider.dll,dll,NT AUTHORITY\SYSTEM
WB900OJG,c:\Windows\System32\drivers\TsUsbGD.sys,Windows\System32\drivers,c,TsUsbGD.sys,sys,NT AUTHORITY\SYSTEM
WB900OJG,c:\Windows\System32\wercplsupport.dll,Windows\System32,c,wercplsupport.dll,dll,NT AUTHORITY\SYSTEM
WB900OJG,c:\Windows\System32\vdsvd.dll,Windows\System32,c,vdsvd.dll,dll,NT AUTHORITY\SYSTEM
WB900OJG,c:\Windows\servicing\trustedinstaller.exe,Windows\servicing,c,trustedinstaller.exe,exe,NT AUTHORITY\SYSTEM
WB900OJG,c:\Windows\System32\drivers\nfrd960.sys,Windows\System32\drivers,c,nfrd960.sys,sys,NT AUTHORITY\SYSTEM
WB900OJG,c:\Windows\System32\rasmbmgr.dll,Windows\System32,c,rasmbmgr.dll,dll,NT AUTHORITY\SYSTEM
WB900OJG,c:\Windows\System32\mlang.dll,Windows\System32,c,mlang.dll,dll,NT AUTHORITY\SYSTEM
WB900OJG,c:\Windows\System32\drivers\serial.sys,Windows\System32\drivers,c,serial.sys,sys,NT AUTHORITY\SYSTEM
WB900OJG,C:\Windows\System32\ddraw.dll,Windows\System32,C,ddraw.dll,dll,NT AUTHORITY\SYSTEM
WB900OJG,c:\Windows\System32\wuaueng.dll,Windows\System32,c,wuaueng.dll,dll,NT AUTHORITY\SYSTEM
WB900OJG,c:\Windows\SysWOW64\dnscmmc.dll,Windows\SysWOW64,c,dnscmmc.dll,dll,NT AUTHORITY\SYSTEM
WB900OJG,c:\Windows\System32\networkmap.dll,Windows\System32,c,networkmap.dll,dll,NT AUTHORITY\SYSTEM
WB900OJG,c:\Windows\System32\wmcodecdspps.dll,Windows\System32,c,wmcodecdspps.dll,dll,NT AUTHORITY\SYSTEM
WB900OJG,c:\Windows\System32\photometadatahandler.dll,Windows\System32,c,photometadatahandler.dll,dll,NT AUTHORITY\SYSTEM
WB900OJG,c:\Windows\System32\drivers\rspndr.sys,Windows\System32\drivers,c,rspndr.sys,sys,NT AUTHORITY\SYSTEM
WB900OJG,c:\Windows\System32\drivers\srvnet.sys,Windows\System32\drivers,c,srvnet.sys,sys,NT AUTHORITY\SYSTEM
WB900OJG,c:\Windows\System32\xwreg.dll,Windows\System32,c,xwreg.dll,dll,NT AUTHORITY\SYSTEM
WB900OJG,c:\Windows\System32\mscandui.dll,Windows\System32,c,mscandui.dll,dll,NT AUTHORITY\SYSTEM
WB900OJG,c:\Windows\System32\shdocvw.dll,Windows\System32,c,shdocvw.dll,dll,NT AUTHORITY\SYSTEM
WB900OJG,c:\Windows\System32\IME\IMESC5\ImSCCfg.DLL,Windows\System32\IME\IMESC5,c,ImSCCfg.DLL,DLL,NT AUTHORITY\SYSTEM
WB900OJG,c:\Windows\System32\rdpendp.dll,Windows\System32,c,rdpendp.dll,dll,NT AUTHORITY\SYSTEM
WB900OJG,c:\Windows\System32\auxiliarydisplaydriverlib.dll,Windows\System32,c,auxiliarydisplaydriverlib.dll,dll,NT AUTHORITY\SYSTEM
WB900OJG,c:\Windows\System32\objsel.dll,Windows\System32,c,objsel.dll,dll,NT AUTHORITY\SYSTEM
WB900OJG,c:\Program Files\Common Files\McAfee\VSCore_18_6\VSCVer.dll,Program Files\Common Files\McAfee\VSCore_18_6,c,VSCVer.dll,dll,BUILTIN\Administrators
WB900OJG,c:\Windows\System32\drivers\intelppm.sys,Windows\System32\drivers,c,intelppm.sys,sys,NT AUTHORITY\SYSTEM
WB900OJG,c:\Windows\System32\perfcentercpl.dll,Windows\System32,c,perfcentercpl.dll,dll,NT AUTHORITY\SYSTEM
WB900OJG,c:\Windows\System32\msvidc32.dll,Windows\System32,c,msvidc32.dll,dll,NT AUTHORITY\SYSTEM
WB900OJG,c:\Windows\System32\tvratings.dll,Windows\System32,c,tvratings.dll,dll,NT AUTHORITY\SYSTEM
WB900OJG,c:\Windows\System32\drivers\csc.sys,Windows\System32\drivers,c,csc.sys,sys,NT AUTHORITY\SYSTEM
WB900OJG,c:\Windows\System32\wiascanprofiles.dll,Windows\System32,c,wiascanprofiles.dll,dll,NT AUTHORITY\SYSTEM
WB900OJG,c:\Windows\System32\sppuinotify.dll,Windows\System32,c,sppuinotify.dll,dll,NT AUTHORITY\SYSTEM
WB900OJG,c:\Windows\SysWOW64\scrrun.dll,Windows\SysWOW64,c,scrrun.dll,dll,NT AUTHORITY\SYSTEM
WB900OJG,c:\Windows\SysWOW64\Setup\cmmigr.dll,Windows\SysWOW64\Setup,c,cmmigr.dll,dll,NT AUTHORITY\SYSTEM
WB900OJG,c:\Windows\System32\drivers\vdrvroot.sys,Windows\System32\drivers,c,vdrvroot.sys,sys,NT AUTHORITY\SYSTEM
WB900OJG,c:\Windows\System32\drivers\monitor.sys,Windows\System32\drivers,c,monitor.sys,sys,NT AUTHORITY\SYSTEM
WB900OJG,c:\Windows\SysWOW64\certcli.dll,Windows\SysWOW64,c,certcli.dll,dll,NT AUTHORITY\SYSTEM
WB900OJG,c:\Windows\System32\tapi3.dll,Windows\System32,c,tapi3.dll,dll,NT AUTHORITY\SYSTEM
WB900OJG,c:\Windows\System32\netprofm.dll,Windows\System32,c,netprofm.dll,dll,NT AUTHORITY\SYSTEM
WB900OJG,c:\Windows\System32\l3codeca.acm,Windows\System32,c,l3codeca.acm,acm,NT AUTHORITY\SYSTEM
WB900OJG,c:\Windows\System32\drivers\wmiacpi.sys,Windows\System32\drivers,c,wmiacpi.sys,sys,NT AUTHORITY\SYSTEM
WB900OJG,c:\Windows\System32\msrating.dll,Windows\System32,c,msrating.dll,dll,NT AUTHORITY\SYSTEM
WB900OJG,c:\Windows\System32\RacEngn.dll,Windows\System32,c,RacEngn.dll,dll,NT AUTHORITY\SYSTEM
WB900OJG,c:\Windows\System32\intl.cpl,Windows\System32,c,intl.cpl,cpl,NT AUTHORITY\SYSTEM
WB900OJG,c:\program files\common files\McAfee\PEF\CORE\pefintegrate.dll,program files\common files\McAfee\PEF\CORE,c,pefintegrate.dll,dll,BUILTIN\Administrators
WB900OJG,c:\Windows\System32\drivers\nsiproxy.sys,Windows\System32\drivers,c,nsiproxy.sys,sys,NT AUTHORITY\SYSTEM
WB900OJG,c:\Windows\System32\sndvolsso.dll,Windows\System32,c,sndvolsso.dll,dll,NT AUTHORITY\SYSTEM
WB900OJG,c:\Windows\System32\mswsock.dll,Windows\System32,c,mswsock.dll,dll,NT AUTHORITY\SYSTEM
WB900OJG,C:\Windows\System32\imagehlp.dll,Windows\System32,C,imagehlp.dll,dll,NT AUTHORITY\SYSTEM
WB900OJG,C:\Program Files (x86)\Common Files\SpeechEngines\Microsoft\TTS20\en-US\MSTTSFrontendENU.dll,Program Files (x86)\Common Files\SpeechEngines\Microsoft\TTS20\en-US,C,MSTTSFrontendENU.dll,dll,NT AUTHORITY\SYSTEM
WB900OJG,c:\Windows\SysWOW64\bitsprx3.dll,Windows\SysWOW64,c,bitsprx3.dll,dll,NT AUTHORITY\SYSTEM
WB900OJG,c:\program files\windows media player\mpvis.DLL,program files\windows media player,c,mpvis.DLL,DLL,NT SERVICE\TrustedInstaller
WB900OJG,c:\Windows\SysWOW64\psisdecd.dll,Windows\SysWOW64,c,psisdecd.dll,dll,NT AUTHORITY\SYSTEM
WB900OJG,c:\Windows\System32\drivers\NV_AGP.SYS,Windows\System32\drivers,c,NV_AGP.SYS,SYS,NT AUTHORITY\SYSTEM
WB900OJG,c:\Windows\System32\dsound.dll,Windows\System32,c,dsound.dll,dll,NT AUTHORITY\SYSTEM
WB900OJG,c:\Windows\System32\biocpl.dll,Windows\System32,c,biocpl.dll,dll,NT AUTHORITY\SYSTEM
WB900OJG,c:\Windows\System32\w32time.dll,Windows\System32,c,w32time.dll,dll,NT AUTHORITY\SYSTEM
WB900OJG,c:\Windows\SysWOW64\dxtmsft.dll,Windows\SysWOW64,c,dxtmsft.dll,dll,NT AUTHORITY\SYSTEM
WB900OJG,c:\Windows\System32\Wpc.dll,Windows\System32,c,Wpc.dll,dll,NT AUTHORITY\SYSTEM
WB900OJG,c:\Windows\System32\EncDec.dll,Windows\System32,c,EncDec.dll,dll,NT AUTHORITY\SYSTEM
WB900OJG,c:\Windows\System32\usbceip.dll,Windows\System32,c,usbceip.dll,dll,NT AUTHORITY\SYSTEM
WB900OJG,c:\Windows\System32\imapi2fs.dll,Windows\System32,c,imapi2fs.dll,dll,NT AUTHORITY\SYSTEM
WB900OJG,c:\Windows\System32\drivers\drmkaud.sys,Windows\System32\drivers,c,drmkaud.sys,sys,NT AUTHORITY\SYSTEM
WB900OJG,c:\Windows\System32\sdcpl.dll,Windows\System32,c,sdcpl.dll,dll,NT AUTHORITY\SYSTEM
WB900OJG,c:\Windows\ehome\ehrecvr.exe,Windows\ehome,c,ehrecvr.exe,exe,NT AUTHORITY\SYSTEM
WB900OJG,c:\Windows\System32\ppcsnap.dll,Windows\System32,c,ppcsnap.dll,dll,NT AUTHORITY\SYSTEM
WB900OJG,c:\Windows\IME\SPTIP.DLL,Windows\IME,c,SPTIP.DLL,DLL,NT AUTHORITY\SYSTEM
WB900OJG,c:\Windows\System32\icsigd.dll,Windows\System32,c,icsigd.dll,dll,NT AUTHORITY\SYSTEM
WB900OJG,c:\Windows\System32\drivers\iaStorV.sys,Windows\System32\drivers,c,iaStorV.sys,sys,NT AUTHORITY\SYSTEM
WB900OJG,c:\Windows\SysWOW64\wbem\wmiperfinst.dll,Windows\SysWOW64\wbem,c,wmiperfinst.dll,dll,NT AUTHORITY\SYSTEM
WB900OJG,c:\Windows\SysWOW64\appidpolicyengineapi.dll,Windows\SysWOW64,c,appidpolicyengineapi.dll,dll,NT AUTHORITY\SYSTEM
WB900OJG,c:\Windows\System32\encapi.dll,Windows\System32,c,encapi.dll,dll,NT AUTHORITY\SYSTEM
WB900OJG,c:\Windows\System32\RPCNDFP.dll,Windows\System32,c,RPCNDFP.dll,dll,NT AUTHORITY\SYSTEM
WB900OJG,c:\Windows\System32\WMVENCOD.DLL,Windows\System32,c,WMVENCOD.DLL,DLL,NT AUTHORITY\SYSTEM
WB900OJG,c:\Windows\System32\wcnwiz.dll,Windows\System32,c,wcnwiz.dll,dll,NT AUTHORITY\SYSTEM
WB900OJG,c:\Program Files\McAfee\MSC\mcsubmgr\17 4 142 0\mcsubmgr.dll,Program Files\McAfee\MSC\mcsubmgr\17 4 142 0,c,mcsubmgr.dll,dll,BUILTIN\Administrators
WB900OJG,c:\Windows\System32\perftrack.dll,Windows\System32,c,perftrack.dll,dll,NT AUTHORITY\SYSTEM
WB900OJG,c:\Windows\System32\IME\IMESC5\IMSCTIP.dll,Windows\System32\IME\IMESC5,c,IMSCTIP.dll,dll,NT AUTHORITY\SYSTEM
WB900OJG,c:\Windows\System32\drivers\tsusbhub.sys,Windows\System32\drivers,c,tsusbhub.sys,sys,NT AUTHORITY\SYSTEM
WB900OJG,c:\Windows\SysWOW64\devicemetadataparsers.dll,Windows\SysWOW64,c,devicemetadataparsers.dll,dll,NT AUTHORITY\SYSTEM
WB900OJG,c:\Windows\System32\drivers\lsi_sas.sys,Windows\System32\drivers,c,lsi_sas.sys,sys,NT AUTHORITY\SYSTEM
WB900OJG,c:\Windows\System32\shwebsvc.dll,Windows\System32,c,shwebsvc.dll,dll,NT AUTHORITY\SYSTEM
WB900OJG,c:\program files\McAfee\MfeAV\mcodsps.dll,program files\McAfee\MfeAV,c,mcodsps.dll,dll,BUILTIN\Administrators
WB900OJG,c:\Windows\System32\drivers\wfplwf.sys,Windows\System32\drivers,c,wfplwf.sys,sys,NT AUTHORITY\SYSTEM
WB900OJG,C:\Windows\System32\ole32.dll,Windows\System32,C,ole32.dll,dll,NT AUTHORITY\SYSTEM
WB900OJG,c:\Windows\System32\memdiag.dll,Windows\System32,c,memdiag.dll,dll,NT AUTHORITY\SYSTEM
WB900OJG,c:\Program Files\McAfee\VUL\McVulODS.dll,Program Files\McAfee\VUL,c,McVulODS.dll,dll,BUILTIN\Administrators
WB900OJG,c:\Windows\System32\drivers\usbhub.sys,Windows\System32\drivers,c,usbhub.sys,sys,NT AUTHORITY\SYSTEM
WB900OJG,c:\Windows\System32\searchfolder.dll,Windows\System32,c,searchfolder.dll,dll,NT AUTHORITY\SYSTEM
WB900OJG,c:\Windows\System32\peerdistsvc.dll,Windows\System32,c,peerdistsvc.dll,dll,NT AUTHORITY\SYSTEM
WB900OJG,c:\Windows\System32\scavengeui.dll,Windows\System32,c,scavengeui.dll,dll,NT AUTHORITY\SYSTEM
WB900OJG,c:\Windows\System32\umb.dll,Windows\System32,c,umb.dll,dll,NT AUTHORITY\SYSTEM
WB900OJG,c:\Windows\System32\qcap.dll,Windows\System32,c,qcap.dll,dll,NT AUTHORITY\SYSTEM
WB900OJG,c:\Windows\System32\drivers\swenum.sys,Windows\System32\drivers,c,swenum.sys,sys,NT AUTHORITY\SYSTEM
WB900OJG,c:\Windows\System32\rpcss.dll,Windows\System32,c,rpcss.dll,dll,NT AUTHORITY\SYSTEM
WB900OJG,c:\Windows\System32\wersvc.dll,Windows\System32,c,wersvc.dll,dll,NT AUTHORITY\SYSTEM
WB900OJG,c:\Windows\System32\dot3dlg.dll,Windows\System32,c,dot3dlg.dll,dll,NT AUTHORITY\SYSTEM
WB900OJG,c:\Windows\System32\netcenter.dll,Windows\System32,c,netcenter.dll,dll,NT AUTHORITY\SYSTEM
WB900OJG,c:\Windows\System32\bitsprx6.dll,Windows\System32,c,bitsprx6.dll,dll,NT AUTHORITY\SYSTEM
WB900OJG,c:\Windows\System32\drivers\parport.sys,Windows\System32\drivers,c,parport.sys,sys,NT AUTHORITY\SYSTEM
WB900OJG,c:\Windows\SysWOW64\vbisurf.ax,Windows\SysWOW64,c,vbisurf.ax,ax,NT AUTHORITY\SYSTEM
WB900OJG,c:\Windows\System32\msdtcprx.dll,Windows\System32,c,msdtcprx.dll,dll,NT AUTHORITY\SYSTEM
WB900OJG,c:\Windows\SysWOW64\gameux.dll,Windows\SysWOW64,c,gameux.dll,dll,NT AUTHORITY\SYSTEM
WB900OJG,c:\Windows\SysWOW64\DDORes.dll,Windows\SysWOW64,c,DDORes.dll,dll,NT AUTHORITY\SYSTEM
WB900OJG,c:\Windows\System32\ieaksie.dll,Windows\System32,c,ieaksie.dll,dll,NT AUTHORITY\SYSTEM
WB900OJG,c:\Windows\System32\tsbyuv.dll,Windows\System32,c,tsbyuv.dll,dll,NT AUTHORITY\SYSTEM
WB900OJG,c:\Windows\System32\syncinfrastructure.dll,Windows\System32,c,syncinfrastructure.dll,dll,NT AUTHORITY\SYSTEM
WB900OJG,c:\Windows\SysWOW64\fdbthproxy.dll,Windows\SysWOW64,c,fdbthproxy.dll,dll,NT AUTHORITY\SYSTEM
WB900OJG,c:\Windows\System32\Query.dll,Windows\System32,c,Query.dll,dll,NT AUTHORITY\SYSTEM
WB900OJG,c:\Windows\System32\Speech\SpeechUX\speechuxps.dll,Windows\System32\Speech\SpeechUX,c,speechuxps.dll,dll,NT AUTHORITY\SYSTEM
WB900OJG,c:\Windows\System32\devicemetadataparsers.dll,Windows\System32,c,devicemetadataparsers.dll,dll,NT AUTHORITY\SYSTEM
WB900OJG,c:\Windows\System32\wups.dll,Windows\System32,c,wups.dll,dll,NT AUTHORITY\SYSTEM
WB900OJG,c:\Windows\SysWOW64\msmpeg2vdec.dll,Windows\SysWOW64,c,msmpeg2vdec.dll,dll,NT AUTHORITY\SYSTEM
WB900OJG,c:\Windows\System32\wwanmm.dll,Windows\System32,c,wwanmm.dll,dll,NT AUTHORITY\SYSTEM
WB900OJG,c:\Windows\System32\iasacct.dll,Windows\System32,c,iasacct.dll,dll,NT AUTHORITY\SYSTEM
WB900OJG,c:\Windows\System32\bdaplgin.ax,Windows\System32,c,bdaplgin.ax,ax,NT AUTHORITY\SYSTEM
WB900OJG,c:\Windows\System32\drivers\pciide.sys,Windows\System32\drivers,c,pciide.sys,sys,NT AUTHORITY\SYSTEM
WB900OJG,c:\Windows\System32\drivers\BrSerWdm.sys,Windows\System32\drivers,c,BrSerWdm.sys,sys,NT AUTHORITY\SYSTEM
WB900OJG,c:\Windows\System32\catsrvut.dll,Windows\System32,c,catsrvut.dll,dll,NT AUTHORITY\SYSTEM
WB900OJG,c:\Windows\System32\pmcsnap.dll,Windows\System32,c,pmcsnap.dll,dll,NT AUTHORITY\SYSTEM
WB900OJG,c:\Windows\System32\wbem\WMICOOKR.dll,Windows\System32\wbem,c,WMICOOKR.dll,dll,NT AUTHORITY\SYSTEM
WB900OJG,c:\Program Files\McAfee\VUL\McVulShm.dll,Program Files\McAfee\VUL,c,McVulShm.dll,dll,BUILTIN\Administrators
WB900OJG,c:\Windows\System32\drivers\ohci1394.sys,Windows\System32\drivers,c,ohci1394.sys,sys,NT AUTHORITY\SYSTEM
WB900OJG,c:\Windows\System32\devenum.dll,Windows\System32,c,devenum.dll,dll,NT AUTHORITY\SYSTEM
WB900OJG,c:\Windows\System32\wuapi.dll,Windows\System32,c,wuapi.dll,dll,NT AUTHORITY\SYSTEM
WB900OJG,c:\Windows\System32\drivers\fvevol.sys,Windows\System32\drivers,c,fvevol.sys,sys,NT AUTHORITY\SYSTEM
WB900OJG,c:\Windows\System32\wmpshell.dll,Windows\System32,c,wmpshell.dll,dll,NT AUTHORITY\SYSTEM
WB900OJG,c:\Windows\System32\uxsms.dll,Windows\System32,c,uxsms.dll,dll,NT AUTHORITY\SYSTEM
WB900OJG,c:\Windows\System32\chtbrkr.dll,Windows\System32,c,chtbrkr.dll,dll,NT AUTHORITY\SYSTEM
WB900OJG,c:\Windows\System32\onlineidcpl.dll,Windows\System32,c,onlineidcpl.dll,dll,NT AUTHORITY\SYSTEM
WB900OJG,c:\program files\McAfee\webadvisor\mfesapsn.sys,program files\McAfee\webadvisor,c,mfesapsn.sys,sys,BUILTIN\Administrators
WB900OJG,c:\Windows\System32\drivers\arcsas.sys,Windows\System32\drivers,c,arcsas.sys,sys,NT AUTHORITY\SYSTEM
WB900OJG,c:\Program Files\McAfee\MPF\MpfShm.dll,Program Files\McAfee\MPF,c,MpfShm.dll,dll,BUILTIN\Administrators
WB900OJG,c:\Windows\SysWOW64\EncDec.dll,Windows\SysWOW64,c,EncDec.dll,dll,NT AUTHORITY\SYSTEM
WB900OJG,c:\Windows\System32\MP43DECD.DLL,Windows\System32,c,MP43DECD.DLL,DLL,NT AUTHORITY\SYSTEM
WB900OJG,c:\Windows\System32\rasmans.dll,Windows\System32,c,rasmans.dll,dll,NT AUTHORITY\SYSTEM
WB900OJG,c:\Windows\System32\bcdprov.dll,Windows\System32,c,bcdprov.dll,dll,NT AUTHORITY\SYSTEM
WB900OJG,c:\Windows\System32\catsrv.dll,Windows\System32,c,catsrv.dll,dll,NT AUTHORITY\SYSTEM
WB900OJG,c:\Windows\System32\cscsvc.dll,Windows\System32,c,cscsvc.dll,dll,NT AUTHORITY\SYSTEM
WB900OJG,c:\Windows\SysWOW64\fdWNet.dll,Windows\SysWOW64,c,fdWNet.dll,dll,NT AUTHORITY\SYSTEM
WB900OJG,c:\Windows\SysWOW64\mfdvdec.dll,Windows\SysWOW64,c,mfdvdec.dll,dll,NT AUTHORITY\SYSTEM
WB900OJG,c:\Windows\System32\packager.dll,Windows\System32,c,packager.dll,dll,NT AUTHORITY\SYSTEM
WB900OJG,c:\Windows\System32\WMADMOE.DLL,Windows\System32,c,WMADMOE.DLL,DLL,NT AUTHORITY\SYSTEM
WB900OJG,c:\Windows\System32\blb_ps.dll,Windows\System32,c,blb_ps.dll,dll,NT AUTHORITY\SYSTEM
WB900OJG,c:\Windows\System32\devmgr.dll,Windows\System32,c,devmgr.dll,dll,NT AUTHORITY\SYSTEM
WB900OJG,c:\Windows\System32\Speech\Common\sapi.dll,Windows\System32\Speech\Common,c,sapi.dll,dll,NT AUTHORITY\SYSTEM
WB900OJG,c:\Windows\ehome\wtv2dvrms.dll,Windows\ehome,c,wtv2dvrms.dll,dll,NT AUTHORITY\SYSTEM
WB900OJG,c:\Windows\System32\wpccpl.dll,Windows\System32,c,wpccpl.dll,dll,NT AUTHORITY\SYSTEM
WB900OJG,C:\Windows\System32\regsvr32.exe,Windows\System32,C,regsvr32.exe,exe,NT AUTHORITY\SYSTEM
WB900OJG,c:\Windows\System32\lsass.exe,Windows\System32,c,lsass.exe,exe,NT AUTHORITY\SYSTEM
WB900OJG,c:\Windows\SysWOW64\amstream.dll,Windows\SysWOW64,c,amstream.dll,dll,NT AUTHORITY\SYSTEM
WB900OJG,c:\Windows\System32\syncui.dll,Windows\System32,c,syncui.dll,dll,NT AUTHORITY\SYSTEM
WB900OJG,c:\Windows\System32\drivers\amdppm.sys,Windows\System32\drivers,c,amdppm.sys,sys,NT AUTHORITY\SYSTEM
WB900OJG,c:\Windows\SysWOW64\wbem\wmiperfclass.dll,Windows\SysWOW64\wbem,c,wmiperfclass.dll,dll,NT AUTHORITY\SYSTEM
WB900OJG,c:\Windows\System32\DXP.dll,Windows\System32,c,DXP.dll,dll,NT AUTHORITY\SYSTEM
WB900OJG,c:\Windows\System32\cngprovider.dll,Windows\System32,c,cngprovider.dll,dll,NT AUTHORITY\SYSTEM
WB900OJG,c:\Windows\System32\clbcatq.dll,Windows\System32,c,clbcatq.dll,dll,NT AUTHORITY\SYSTEM
WB900OJG,c:\Windows\System32\wshom.ocx,Windows\System32,c,wshom.ocx,ocx,NT AUTHORITY\SYSTEM
WB900OJG,c:\Windows\System32\drivers\wimmount.sys,Windows\System32\drivers,c,wimmount.sys,sys,NT AUTHORITY\SYSTEM
WB900OJG,C:\Windows\SysWOW64\mscoree.dll,Windows\SysWOW64,C,mscoree.dll,dll,NT AUTHORITY\SYSTEM
WB900OJG,c:\Windows\System32\uicom.dll,Windows\System32,c,uicom.dll,dll,NT AUTHORITY\SYSTEM
WB900OJG,c:\Windows\System32\wsmplpxy.dll,Windows\System32,c,wsmplpxy.dll,dll,NT AUTHORITY\SYSTEM
WB900OJG,c:\Windows\System32\bdesvc.dll,Windows\System32,c,bdesvc.dll,dll,NT AUTHORITY\SYSTEM
WB900OJG,c:\Windows\SysWOW64\fundisc.dll,Windows\SysWOW64,c,fundisc.dll,dll,NT AUTHORITY\SYSTEM
WB900OJG,c:\Windows\System32\QCLIPROV.DLL,Windows\System32,c,QCLIPROV.DLL,DLL,NT AUTHORITY\SYSTEM
WB900OJG,c:\Windows\System32\drivers\ndisuio.sys,Windows\System32\drivers,c,ndisuio.sys,sys,NT AUTHORITY\SYSTEM
WB900OJG,c:\Windows\System32\eapsvc.dll,Windows\System32,c,eapsvc.dll,dll,NT AUTHORITY\SYSTEM
WB900OJG,c:\Windows\System32\sxproxy.dll,Windows\System32,c,sxproxy.dll,dll,NT AUTHORITY\SYSTEM
WB900OJG,c:\Windows\System32\wshext.dll,Windows\System32,c,wshext.dll,dll,NT AUTHORITY\SYSTEM
WB900OJG,c:\Windows\System32\storagecontexthandler.dll,Windows\System32,c,storagecontexthandler.dll,dll,NT AUTHORITY\SYSTEM
WB900OJG,c:\Windows\SysWOW64\devicepairinghandler.dll,Windows\SysWOW64,c,devicepairinghandler.dll,dll,NT AUTHORITY\SYSTEM
WB900OJG,c:\Windows\System32\MFWMAAEC.DLL,Windows\System32,c,MFWMAAEC.DLL,DLL,NT AUTHORITY\SYSTEM
WB900OJG,c:\Windows\System32\vds_ps.dll,Windows\System32,c,vds_ps.dll,dll,NT AUTHORITY\SYSTEM
WB900OJG,c:\Windows\SysWOW64\mfh264enc.dll,Windows\SysWOW64,c,mfh264enc.dll,dll,NT AUTHORITY\SYSTEM
WB900OJG,c:\Windows\System32\amstream.dll,Windows\System32,c,amstream.dll,dll,NT AUTHORITY\SYSTEM
WB900OJG,c:\Windows\System32\NcdProp.dll,Windows\System32,c,NcdProp.dll,dll,NT AUTHORITY\SYSTEM
WB900OJG,c:\Windows\SysWOW64\smbhelperclass.dll,Windows\SysWOW64,c,smbhelperclass.dll,dll,NT AUTHORITY\SYSTEM
WB900OJG,c:\Windows\System32\msdtckrm.dll,Windows\System32,c,msdtckrm.dll,dll,NT AUTHORITY\SYSTEM
WB900OJG,c:\Windows\System32\wdigest.dll,Windows\System32,c,wdigest.dll,dll,NT AUTHORITY\SYSTEM
WB900OJG,c:\Program Files\McAfee\MSC\mcmispps.dll,Program Files\McAfee\MSC,c,mcmispps.dll,dll,BUILTIN\Administrators
WB900OJG,c:\Windows\microsoft.net\framework64\v2.0.50727\mscorsvw.exe,Windows\microsoft.net\framework64\v2.0.50727,c,mscorsvw.exe,exe,NT AUTHORITY\SYSTEM
WB900OJG,c:\Windows\System32\lmhsvc.dll,Windows\System32,c,lmhsvc.dll,dll,NT AUTHORITY\SYSTEM
WB900OJG,c:\Windows\System32\WSTPager.ax,Windows\System32,c,WSTPager.ax,ax,NT AUTHORITY\SYSTEM
WB900OJG,c:\Windows\SysWOW64\WMVXENCD.DLL,Windows\SysWOW64,c,WMVXENCD.DLL,DLL,NT AUTHORITY\SYSTEM
WB900OJG,c:\Windows\SysWOW64\WMSPDMOD.DLL,Windows\SysWOW64,c,WMSPDMOD.DLL,DLL,NT AUTHORITY\SYSTEM
WB900OJG,C:\Program Files\Common Files\Microsoft Shared\ink\InkObj.dll,Program Files\Common Files\Microsoft Shared\ink,C,InkObj.dll,dll,NT AUTHORITY\SYSTEM
WB900OJG,c:\Windows\SysWOW64\tvratings.dll,Windows\SysWOW64,c,tvratings.dll,dll,NT AUTHORITY\SYSTEM
WB900OJG,c:\Windows\System32\unregmp2.exe,Windows\System32,c,unregmp2.exe,exe,NT AUTHORITY\SYSTEM
WB900OJG,c:\Windows\System32\acppage.dll,Windows\System32,c,acppage.dll,dll,NT AUTHORITY\SYSTEM
WB900OJG,C:\Windows\System32\mscoree.dll,Windows\System32,C,mscoree.dll,dll,NT AUTHORITY\SYSTEM
WB900OJG,C:\Windows\System32\rpcrt4.dll,Windows\System32,C,rpcrt4.dll,dll,NT AUTHORITY\SYSTEM
WB900OJG,c:\Windows\System32\urlmon.dll,Windows\System32,c,urlmon.dll,dll,NT AUTHORITY\SYSTEM
WB900OJG,c:\Windows\System32\themecpl.dll,Windows\System32,c,themecpl.dll,dll,NT AUTHORITY\SYSTEM
WB900OJG,c:\Windows\System32\certenroll.dll,Windows\System32,c,certenroll.dll,dll,NT AUTHORITY\SYSTEM
WB900OJG,c:\Windows\SysWOW64\bitsprx4.dll,Windows\SysWOW64,c,bitsprx4.dll,dll,NT AUTHORITY\SYSTEM
WB900OJG,c:\Windows\System32\pku2u.dll,Windows\System32,c,pku2u.dll,dll,NT AUTHORITY\SYSTEM
WB900OJG,c:\Program Files\McAfee\MAT\McMATSysTrayPlugin.dll,Program Files\McAfee\MAT,c,McMATSysTrayPlugin.dll,dll,BUILTIN\Administrators
WB900OJG,c:\Windows\System32\ipsmsnap.dll,Windows\System32,c,ipsmsnap.dll,dll,NT AUTHORITY\SYSTEM
WB900OJG,c:\Windows\System32\drivers\appid.sys,Windows\System32\drivers,c,appid.sys,sys,NT AUTHORITY\SYSTEM
WB900OJG,c:\Windows\System32\tspubwmi.dll,Windows\System32,c,tspubwmi.dll,dll,NT AUTHORITY\SYSTEM
WB900OJG,C:\Windows\System32\normaliz.dll,Windows\System32,C,normaliz.dll,dll,NT AUTHORITY\SYSTEM
WB900OJG,c:\Windows\SysWOW64\msaatext.dll,Windows\SysWOW64,c,msaatext.dll,dll,NT AUTHORITY\SYSTEM
WB900OJG,c:\Windows\System32\fvecpl.dll,Windows\System32,c,fvecpl.dll,dll,NT AUTHORITY\SYSTEM
WB900OJG,c:\Windows\System32\powercpl.dll,Windows\System32,c,powercpl.dll,dll,NT AUTHORITY\SYSTEM
WB900OJG,c:\program files\McAfee\MSK\mskpxplg.dll,program files\McAfee\MSK,c,mskpxplg.dll,dll,BUILTIN\Administrators
WB900OJG,c:\Windows\SysWOW64\wshom.ocx,Windows\SysWOW64,c,wshom.ocx,ocx,NT AUTHORITY\SYSTEM
WB900OJG,c:\Windows\System32\wbem\WMIPICMP.dll,Windows\System32\wbem,c,WMIPICMP.dll,dll,NT AUTHORITY\SYSTEM
WB900OJG,c:\Windows\SysWOW64\ksxbar.ax,Windows\SysWOW64,c,ksxbar.ax,ax,NT AUTHORITY\SYSTEM
WB900OJG,c:\Windows\SysWOW64\Faultrep.dll,Windows\SysWOW64,c,Faultrep.dll,dll,NT AUTHORITY\SYSTEM
WB900OJG,c:\Windows\SysWOW64\mfvdsp.dll,Windows\SysWOW64,c,mfvdsp.dll,dll,NT AUTHORITY\SYSTEM
WB900OJG,c:\Windows\System32\drivers\PEAuth.sys,Windows\System32\drivers,c,PEAuth.sys,sys,NT AUTHORITY\SYSTEM
WB900OJG,c:\Program Files\McAfee\MSC\mcregobj\17 2 119 0\mcregobj.dll,Program Files\McAfee\MSC\mcregobj\17 2 119 0,c,mcregobj.dll,dll,BUILTIN\Administrators
WB900OJG,c:\Windows\System32\setupcln.dll,Windows\System32,c,setupcln.dll,dll,NT AUTHORITY\SYSTEM
WB900OJG,c:\Windows\System32\taskschdps.dll,Windows\System32,c,taskschdps.dll,dll,NT AUTHORITY\SYSTEM
WB900OJG,c:\Windows\System32\drivers\vboxguest.sys,Windows\System32\drivers,c,vboxguest.sys,sys,NT AUTHORITY\SYSTEM
WB900OJG,c:\Windows\System32\comsvcs.dll,Windows\System32,c,comsvcs.dll,dll,NT AUTHORITY\SYSTEM
WB900OJG,c:\Windows\System32\MPG4DECD.DLL,Windows\System32,c,MPG4DECD.DLL,DLL,NT AUTHORITY\SYSTEM
WB900OJG,c:\Windows\System32\nsisvc.dll,Windows\System32,c,nsisvc.dll,dll,NT AUTHORITY\SYSTEM
WB900OJG,c:\Windows\System32\themeui.dll,Windows\System32,c,themeui.dll,dll,NT AUTHORITY\SYSTEM
WB900OJG,c:\Windows\System32\portabledevicestatus.dll,Windows\System32,c,portabledevicestatus.dll,dll,NT AUTHORITY\SYSTEM
WB900OJG,c:\Windows\System32\drivers\usbccgp.sys,Windows\System32\drivers,c,usbccgp.sys,sys,NT AUTHORITY\SYSTEM
WB900OJG,c:\program files\common files\McAfee\modulecore\modulecoreservice.exe,program files\common files\McAfee\modulecore,c,modulecoreservice.exe,exe,BUILTIN\Administrators
WB900OJG,c:\Windows\System32\drivers\CmBatt.sys,Windows\System32\drivers,c,CmBatt.sys,sys,NT AUTHORITY\SYSTEM
WB900OJG,c:\Windows\SysWOW64\wmpdxm.dll,Windows\SysWOW64,c,wmpdxm.dll,dll,NT AUTHORITY\SYSTEM
WB900OJG,c:\Windows\System32\drivers\mup.sys,Windows\System32\drivers,c,mup.sys,sys,NT AUTHORITY\SYSTEM
WB900OJG,c:\Program Files\Common Files\McAfee\Platform\McDspWrp.dll,Program Files\Common Files\McAfee\Platform,c,McDspWrp.dll,dll,BUILTIN\Administrators
WB900OJG,c:\Windows\System32\drivers\vboxvideo.sys,Windows\System32\drivers,c,vboxvideo.sys,sys,NT AUTHORITY\SYSTEM
WB900OJG,c:\Windows\System32\taskschd.dll,Windows\System32,c,taskschd.dll,dll,NT AUTHORITY\SYSTEM
WB900OJG,c:\Windows\System32\pnidui.dll,Windows\System32,c,pnidui.dll,dll,NT AUTHORITY\SYSTEM
WB900OJG,c:\Program Files\McAfee\MfeAV\McOdsShm.dll,Program Files\McAfee\MfeAV,c,McOdsShm.dll,dll,BUILTIN\Administrators
WB900OJG,c:\Windows\System32\sensorscpl.dll,Windows\System32,c,sensorscpl.dll,dll,NT AUTHORITY\SYSTEM
WB900OJG,c:\Windows\System32\dmview.ocx,Windows\System32,c,dmview.ocx,ocx,NT AUTHORITY\SYSTEM
WB900OJG,c:\Windows\System32\xwtpw32.dll,Windows\System32,c,xwtpw32.dll,dll,NT AUTHORITY\SYSTEM
WB900OJG,c:\program files\common files\McAfee\systemcore\mfemms.exe,program files\common files\McAfee\systemcore,c,mfemms.exe,exe,BUILTIN\Administrators
WB900OJG,c:\Program Files\McAfee\MPS\mps.dll,Program Files\McAfee\MPS,c,mps.dll,dll,BUILTIN\Administrators
WB900OJG,c:\Windows\System32\fundisc.dll,Windows\System32,c,fundisc.dll,dll,NT AUTHORITY\SYSTEM
WB900OJG,c:\program files\McAfee\webadvisor\x64\wssdep.dll,program files\McAfee\webadvisor\x64,c,wssdep.dll,dll,BUILTIN\Administrators
WB900OJG,c:\Windows\System32\winsyncproviders.dll,Windows\System32,c,winsyncproviders.dll,dll,NT AUTHORITY\SYSTEM
WB900OJG,c:\Program Files\McAfee\VUL\McVulDBU.dll,Program Files\McAfee\VUL,c,McVulDBU.dll,dll,BUILTIN\Administrators
WB900OJG,c:\Windows\SysWOW64\encapi.dll,Windows\SysWOW64,c,encapi.dll,dll,NT AUTHORITY\SYSTEM
WB900OJG,c:\Windows\System32\ipnathlp.dll,Windows\System32,c,ipnathlp.dll,dll,NT AUTHORITY\SYSTEM
WB900OJG,c:\Windows\System32\dmdskmgr.dll,Windows\System32,c,dmdskmgr.dll,dll,NT AUTHORITY\SYSTEM
WB900OJG,c:\Windows\System32\WMVDECOD.DLL,Windows\System32,c,WMVDECOD.DLL,DLL,NT AUTHORITY\SYSTEM
WB900OJG,c:\program files\common files\McAfee\PEF\CORE\pefwebobjects.dll,program files\common files\McAfee\PEF\CORE,c,pefwebobjects.dll,dll,BUILTIN\Administrators
WB900OJG,c:\Program Files\McAfee\MfeAV\mvsap.dll,Program Files\McAfee\MfeAV,c,mvsap.dll,dll,BUILTIN\Administrators
WB900OJG,C:\Windows\SysWOW64\smartcardcredentialprovider.dll,Windows\SysWOW64,C,smartcardcredentialprovider.dll,dll,NT AUTHORITY\SYSTEM
WB900OJG,c:\Windows\SysWOW64\msmpeg2enc.dll,Windows\SysWOW64,c,msmpeg2enc.dll,dll,NT AUTHORITY\SYSTEM
WB900OJG,c:\Windows\System32\InkEd.dll,Windows\System32,c,InkEd.dll,dll,NT AUTHORITY\SYSTEM
WB900OJG,c:\Windows\System32\drivers\luafv.sys,Windows\System32\drivers,c,luafv.sys,sys,NT AUTHORITY\SYSTEM
WB900OJG,c:\Windows\System32\migration\gameuxmig.dll,Windows\System32\migration,c,gameuxmig.dll,dll,NT AUTHORITY\SYSTEM
WB900OJG,c:\Windows\SysWOW64\portabledevicewmdrm.dll,Windows\SysWOW64,c,portabledevicewmdrm.dll,dll,NT AUTHORITY\SYSTEM
WB900OJG,c:\Windows\System32\IME\shared\IMJKAPI.DLL,Windows\System32\IME\shared,c,IMJKAPI.DLL,DLL,NT AUTHORITY\SYSTEM
WB900OJG,c:\Windows\System32\wpdbusenum.dll,Windows\System32,c,wpdbusenum.dll,dll,NT AUTHORITY\SYSTEM
WB900OJG,c:\Program Files\McAfee\MSC\mccontextust.dll,Program Files\McAfee\MSC,c,mccontextust.dll,dll,BUILTIN\Administrators
WB900OJG,c:\program files\common files\McAfee\PEF\CORE\pefservice.exe,program files\common files\McAfee\PEF\CORE,c,pefservice.exe,exe,BUILTIN\Administrators
WB900OJG,c:\Windows\System32\IME\shared\IMEAPIS.DLL,Windows\System32\IME\shared,c,IMEAPIS.DLL,DLL,NT AUTHORITY\SYSTEM
WB900OJG,c:\Windows\ehome\ehitvhost.dll,Windows\ehome,c,ehitvhost.dll,dll,NT AUTHORITY\SYSTEM
WB900OJG,c:\Windows\SysWOW64\oleaut32.dll,Windows\SysWOW64,c,oleaut32.dll,dll,NT AUTHORITY\SYSTEM
WB900OJG,c:\Windows\System32\srwmi.dll,Windows\System32,c,srwmi.dll,dll,NT AUTHORITY\SYSTEM
WB900OJG,c:\Windows\System32\drivers\ksecpkg.sys,Windows\System32\drivers,c,ksecpkg.sys,sys,NT AUTHORITY\SYSTEM
WB900OJG,c:\Windows\System32\racpldlg.dll,Windows\System32,c,racpldlg.dll,dll,NT AUTHORITY\SYSTEM
WB900OJG,c:\Windows\SysWOW64\pngfilt.dll,Windows\SysWOW64,c,pngfilt.dll,dll,NT AUTHORITY\SYSTEM
WB900OJG,c:\Windows\SysWOW64\msrle32.dll,Windows\SysWOW64,c,msrle32.dll,dll,NT AUTHORITY\SYSTEM
WB900OJG,c:\Windows\SysWOW64\MP4SDECD.DLL,Windows\SysWOW64,c,MP4SDECD.DLL,DLL,NT AUTHORITY\SYSTEM
WB900OJG,c:\Windows\microsoft.net\framework64\v4.0.30319\aspnet_state.exe,Windows\microsoft.net\framework64\v4.0.30319,c,aspnet_state.exe,exe,NT AUTHORITY\SYSTEM
WB900OJG,c:\Windows\System32\Speech\SpeechUX\speechuxcpl.dll,Windows\System32\Speech\SpeechUX,c,speechuxcpl.dll,dll,NT AUTHORITY\SYSTEM
WB900OJG,c:\Windows\System32\rasauto.dll,Windows\System32,c,rasauto.dll,dll,NT AUTHORITY\SYSTEM
WB900OJG,c:\Windows\System32\shell32.dll,Windows\System32,c,shell32.dll,dll,NT AUTHORITY\SYSTEM
WB900OJG,c:\Windows\System32\fdWCN.dll,Windows\System32,c,fdWCN.dll,dll,NT AUTHORITY\SYSTEM
WB900OJG,c:\Windows\ehome\bmldatacarousel.dll,Windows\ehome,c,bmldatacarousel.dll,dll,NT AUTHORITY\SYSTEM
WB900OJG,c:\Windows\System32\btpanui.dll,Windows\System32,c,btpanui.dll,dll,NT AUTHORITY\SYSTEM
WB900OJG,c:\Windows\System32\drivers\USBSTOR.SYS,Windows\System32\drivers,c,USBSTOR.SYS,SYS,NT AUTHORITY\SYSTEM
WB900OJG,c:\Windows\System32\pnrpnsp.dll,Windows\System32,c,pnrpnsp.dll,dll,NT AUTHORITY\SYSTEM
WB900OJG,c:\Program Files\McAfee\MPF\MpfSvcPS.dll,Program Files\McAfee\MPF,c,MpfSvcPS.dll,dll,BUILTIN\Administrators
WB900OJG,c:\Windows\System32\pcasvc.dll,Windows\System32,c,pcasvc.dll,dll,NT AUTHORITY\SYSTEM
WB900OJG,c:\Windows\System32\IPSECSVC.DLL,Windows\System32,c,IPSECSVC.DLL,DLL,NT AUTHORITY\SYSTEM
WB900OJG,c:\Windows\System32\audiosrv.dll,Windows\System32,c,audiosrv.dll,dll,NT AUTHORITY\SYSTEM
WB900OJG,c:\Windows\System32\wavemsp.dll,Windows\System32,c,wavemsp.dll,dll,NT AUTHORITY\SYSTEM
WB900OJG,c:\Windows\System32\signdrv.dll,Windows\System32,c,signdrv.dll,dll,NT AUTHORITY\SYSTEM
WB900OJG,c:\program files\McAfee\MfeAV\mcqtax.dll,program files\McAfee\MfeAV,c,mcqtax.dll,dll,BUILTIN\Administrators
WB900OJG,c:\Windows\SysWOW64\devicepairing.dll,Windows\SysWOW64,c,devicepairing.dll,dll,NT AUTHORITY\SYSTEM
WB900OJG,c:\Windows\System32\FntCache.dll,Windows\System32,c,FntCache.dll,dll,NT AUTHORITY\SYSTEM
WB900OJG,c:\Windows\System32\mssphtb.dll,Windows\System32,c,mssphtb.dll,dll,NT AUTHORITY\SYSTEM
WB900OJG,c:\Windows\System32\kstvtune.ax,Windows\System32,c,kstvtune.ax,ax,NT AUTHORITY\SYSTEM
WB900OJG,C:\Windows\System32\systempropertiesperformance.exe,Windows\System32,C,systempropertiesperformance.exe,exe,NT AUTHORITY\SYSTEM
WB900OJG,c:\Windows\System32\WlanMM.dll,Windows\System32,c,WlanMM.dll,dll,NT AUTHORITY\SYSTEM
WB900OJG,c:\Windows\SysWOW64\WMADMOD.DLL,Windows\SysWOW64,c,WMADMOD.DLL,DLL,NT AUTHORITY\SYSTEM
WB900OJG,c:\Windows\System32\drivers\qwavedrv.sys,Windows\System32\drivers,c,qwavedrv.sys,sys,NT AUTHORITY\SYSTEM
WB900OJG,c:\Windows\SysWOW64\WMNetMgr.dll,Windows\SysWOW64,c,WMNetMgr.dll,dll,NT AUTHORITY\SYSTEM
WB900OJG,c:\Windows\System32\ndishc.dll,Windows\System32,c,ndishc.dll,dll,NT AUTHORITY\SYSTEM
WB900OJG,c:\Windows\SysWOW64\wmpcm.dll,Windows\SysWOW64,c,wmpcm.dll,dll,NT AUTHORITY\SYSTEM
WB900OJG,c:\Windows\System32\regidle.dll,Windows\System32,c,regidle.dll,dll,NT AUTHORITY\SYSTEM
WB900OJG,c:\Windows\System32\drivers\vms3cap.sys,Windows\System32\drivers,c,vms3cap.sys,sys,NT AUTHORITY\SYSTEM
WB900OJG,c:\Windows\System32\fdProxy.dll,Windows\System32,c,fdProxy.dll,dll,NT AUTHORITY\SYSTEM
WB900OJG,c:\Windows\System32\oleaut32.dll,Windows\System32,c,oleaut32.dll,dll,NT AUTHORITY\SYSTEM
WB900OJG,c:\Windows\System32\winsatapi.dll,Windows\System32,c,winsatapi.dll,dll,NT AUTHORITY\SYSTEM
WB900OJG,c:\Windows\System32\mimefilt.dll,Windows\System32,c,mimefilt.dll,dll,NT AUTHORITY\SYSTEM
WB900OJG,c:\Windows\System32\iasrecst.dll,Windows\System32,c,iasrecst.dll,dll,NT AUTHORITY\SYSTEM
WB900OJG,c:\program files\McAfee\MSK\msksrvr.dll,program files\McAfee\MSK,c,msksrvr.dll,dll,BUILTIN\Administrators
WB900OJG,c:\Windows\System32\winsockhc.dll,Windows\System32,c,winsockhc.dll,dll,NT AUTHORITY\SYSTEM
WB900OJG,c:\Windows\System32\wbem\wmipdfs.dll,Windows\System32\wbem,c,wmipdfs.dll,dll,NT AUTHORITY\SYSTEM
WB900OJG,c:\Windows\System32\drivers\sffp_sd.sys,Windows\System32\drivers,c,sffp_sd.sys,sys,NT AUTHORITY\SYSTEM
WB900OJG,c:\Windows\SysWOW64\pid.dll,Windows\SysWOW64,c,pid.dll,dll,NT AUTHORITY\SYSTEM
WB900OJG,c:\Windows\System32\drivers\ksthunk.sys,Windows\System32\drivers,c,ksthunk.sys,sys,NT AUTHORITY\SYSTEM
WB900OJG,c:\Windows\System32\webcheck.dll,Windows\System32,c,webcheck.dll,dll,NT AUTHORITY\SYSTEM
WB900OJG,c:\Windows\System32\srchadmin.dll,Windows\System32,c,srchadmin.dll,dll,NT AUTHORITY\SYSTEM
WB900OJG,c:\Windows\System32\adsmsext.dll,Windows\System32,c,adsmsext.dll,dll,NT AUTHORITY\SYSTEM
WB900OJG,c:\Windows\System32\iphlpsvc.dll,Windows\System32,c,iphlpsvc.dll,dll,NT AUTHORITY\SYSTEM
WB900OJG,c:\Windows\SysWOW64\msmpeg2adec.dll,Windows\SysWOW64,c,msmpeg2adec.dll,dll,NT AUTHORITY\SYSTEM
WB900OJG,c:\Windows\SysWOW64\tschannel.dll,Windows\SysWOW64,c,tschannel.dll,dll,NT AUTHORITY\SYSTEM
WB900OJG,c:\Program Files\McAfee\MSC\mcmscver.dll,Program Files\McAfee\MSC,c,mcmscver.dll,dll,BUILTIN\Administrators
WB900OJG,c:\Windows\System32\ieapfltr.dll,Windows\System32,c,ieapfltr.dll,dll,NT AUTHORITY\SYSTEM
WB900OJG,c:\Windows\System32\drivers\ndiscap.sys,Windows\System32\drivers,c,ndiscap.sys,sys,NT AUTHORITY\SYSTEM
WB900OJG,c:\Program Files (x86)\Common Files\McAfee\Platform\submgr.dll,Program Files (x86)\Common Files\McAfee\Platform,c,submgr.dll,dll,BUILTIN\Administrators
WB900OJG,c:\Windows\System32\msdrm.dll,Windows\System32,c,msdrm.dll,dll,NT AUTHORITY\SYSTEM
WB900OJG,c:\Windows\SysWOW64\devenum.dll,Windows\SysWOW64,c,devenum.dll,dll,NT AUTHORITY\SYSTEM
WB900OJG,c:\Windows\System32\wwansvc.dll,Windows\System32,c,wwansvc.dll,dll,NT AUTHORITY\SYSTEM
WB900OJG,c:\Windows\System32\drivers\processr.sys,Windows\System32\drivers,c,processr.sys,sys,NT AUTHORITY\SYSTEM
WB900OJG,c:\Windows\System32\ListSvc.dll,Windows\System32,c,ListSvc.dll,dll,NT AUTHORITY\SYSTEM
WB900OJG,c:\Windows\System32\advancedinstallers\cmiv2.dll,Windows\System32\advancedinstallers,c,cmiv2.dll,dll,NT AUTHORITY\SYSTEM
WB900OJG,c:\Windows\System32\napdsnap.dll,Windows\System32,c,napdsnap.dll,dll,NT AUTHORITY\SYSTEM
WB900OJG,c:\Windows\SysWOW64\msgsm32.acm,Windows\SysWOW64,c,msgsm32.acm,acm,NT AUTHORITY\SYSTEM
WB900OJG,c:\Windows\System32\vboxservice.exe,Windows\System32,c,vboxservice.exe,exe,NT AUTHORITY\SYSTEM
WB900OJG,c:\Windows\SysWOW64\wmpps.dll,Windows\SysWOW64,c,wmpps.dll,dll,NT AUTHORITY\SYSTEM
WB900OJG,c:\Windows\System32\cmlua.dll,Windows\System32,c,cmlua.dll,dll,NT AUTHORITY\SYSTEM
WB900OJG,c:\Windows\System32\taskbarcpl.dll,Windows\System32,c,taskbarcpl.dll,dll,NT AUTHORITY\SYSTEM
WB900OJG,c:\Windows\System32\rasdiag.dll,Windows\System32,c,rasdiag.dll,dll,NT AUTHORITY\SYSTEM
WB900OJG,C:\Windows\System32\difxapi.dll,Windows\System32,C,difxapi.dll,dll,NT AUTHORITY\SYSTEM
WB900OJG,c:\Windows\System32\remotepg.dll,Windows\System32,c,remotepg.dll,dll,NT AUTHORITY\SYSTEM
WB900OJG,c:\program files\common files\McAfee\PEF\CORE\pefupdatenotify.dll,program files\common files\McAfee\PEF\CORE,c,pefupdatenotify.dll,dll,BUILTIN\Administrators
WB900OJG,c:\Windows\System32\wpdshext.dll,Windows\System32,c,wpdshext.dll,dll,NT AUTHORITY\SYSTEM
WB900OJG,c:\Windows\System32\mscories.dll,Windows\System32,c,mscories.dll,dll,NT AUTHORITY\SYSTEM
WB900OJG,c:\Windows\System32\browser.dll,Windows\System32,c,browser.dll,dll,NT AUTHORITY\SYSTEM
WB900OJG,c:\Windows\System32\bidispl.dll,Windows\System32,c,bidispl.dll,dll,NT AUTHORITY\SYSTEM
WB900OJG,c:\Windows\System32\drivers\volmgr.sys,Windows\System32\drivers,c,volmgr.sys,sys,NT AUTHORITY\SYSTEM
WB900OJG,c:\Program Files\McAfee\MAT\MCPvInst64.dll,Program Files\McAfee\MAT,c,MCPvInst64.dll,dll,BUILTIN\Administrators
WB900OJG,c:\Windows\System32\drivers\pci.sys,Windows\System32\drivers,c,pci.sys,sys,NT AUTHORITY\SYSTEM
WB900OJG,c:\Program Files (x86)\Common Files\McAfee\Platform\mispps.dll,Program Files (x86)\Common Files\McAfee\Platform,c,mispps.dll,dll,BUILTIN\Administrators
WB900OJG,c:\Windows\System32\AxInstSv.dll,Windows\System32,c,AxInstSv.dll,dll,NT AUTHORITY\SYSTEM
WB900OJG,c:\Windows\System32\inseng.dll,Windows\System32,c,inseng.dll,dll,NT AUTHORITY\SYSTEM
WB900OJG,c:\Program Files\Common Files\McAfee\MSGSDK\UsrEnvSnapshot.dll,Program Files\Common Files\McAfee\MSGSDK,c,UsrEnvSnapshot.dll,dll,BUILTIN\Administrators
WB900OJG,c:\Windows\System32\drivers\amdide.sys,Windows\System32\drivers,c,amdide.sys,sys,NT AUTHORITY\SYSTEM
WB900OJG,c:\Windows\System32\bitsprx4.dll,Windows\System32,c,bitsprx4.dll,dll,NT AUTHORITY\SYSTEM
WB900OJG,c:\Windows\System32\nlaapi.dll,Windows\System32,c,nlaapi.dll,dll,NT AUTHORITY\SYSTEM
WB900OJG,c:\Windows\System32\mediametadatahandler.dll,Windows\System32,c,mediametadatahandler.dll,dll,NT AUTHORITY\SYSTEM
WB900OJG,c:\Windows\System32\wbem\wmitimep.dll,Windows\System32\wbem,c,wmitimep.dll,dll,NT AUTHORITY\SYSTEM
WB900OJG,c:\Windows\System32\WsmSvc.dll,Windows\System32,c,WsmSvc.dll,dll,NT AUTHORITY\SYSTEM
WB900OJG,c:\Windows\System32\IME\IMEJP10\APPLETS\IMJPKDIC.DLL,Windows\System32\IME\IMEJP10\APPLETS,c,IMJPKDIC.DLL,DLL,NT AUTHORITY\SYSTEM
WB900OJG,c:\Windows\SysWOW64\ipsmsnap.dll,Windows\SysWOW64,c,ipsmsnap.dll,dll,NT AUTHORITY\SYSTEM
WB900OJG,c:\Windows\SysWOW64\WsmAuto.dll,Windows\SysWOW64,c,WsmAuto.dll,dll,NT AUTHORITY\SYSTEM
WB900OJG,c:\Windows\ehome\ehglid.dll,Windows\ehome,c,ehglid.dll,dll,NT AUTHORITY\SYSTEM
WB900OJG,c:\Windows\System32\ipbusenum.dll,Windows\System32,c,ipbusenum.dll,dll,NT AUTHORITY\SYSTEM
WB900OJG,c:\Windows\System32\devicepairingfolder.dll,Windows\System32,c,devicepairingfolder.dll,dll,NT AUTHORITY\SYSTEM
WB900OJG,c:\Windows\System32\auditnativesnapin.dll,Windows\System32,c,auditnativesnapin.dll,dll,NT AUTHORITY\SYSTEM
WB900OJG,c:\Windows\System32\mfAACEnc.dll,Windows\System32,c,mfAACEnc.dll,dll,NT AUTHORITY\SYSTEM
WB900OJG,c:\Windows\SysWOW64\iscsiwmi.dll,Windows\SysWOW64,c,iscsiwmi.dll,dll,NT AUTHORITY\SYSTEM
WB900OJG,c:\Windows\System32\drivers\cng.sys,Windows\System32\drivers,c,cng.sys,sys,NT AUTHORITY\SYSTEM
WB900OJG,c:\Windows\System32\msnetobj.dll,Windows\System32,c,msnetobj.dll,dll,NT AUTHORITY\SYSTEM
WB900OJG,c:\Windows\SysWOW64\mfAACEnc.dll,Windows\SysWOW64,c,mfAACEnc.dll,dll,NT AUTHORITY\SYSTEM
WB900OJG,c:\Windows\System32\evr.dll,Windows\System32,c,evr.dll,dll,NT AUTHORITY\SYSTEM
WB900OJG,c:\Windows\SysWOW64\ddrawex.dll,Windows\SysWOW64,c,ddrawex.dll,dll,NT AUTHORITY\SYSTEM
WB900OJG,c:\Windows\System32\drivers\rdpdr.sys,Windows\System32\drivers,c,rdpdr.sys,sys,NT AUTHORITY\SYSTEM
WB900OJG,c:\Windows\System32\msutb.dll,Windows\System32,c,msutb.dll,dll,NT AUTHORITY\SYSTEM
WB900OJG,c:\Windows\SysWOW64\devicepairingproxy.dll,Windows\SysWOW64,c,devicepairingproxy.dll,dll,NT AUTHORITY\SYSTEM
WB900OJG,c:\Windows\System32\IME\imekr8\dicts\imkrhjd.dll,Windows\System32\IME\imekr8\dicts,c,imkrhjd.dll,dll,NT AUTHORITY\SYSTEM
WB900OJG,c:\Program Files\McAfee\MSC\McMscShm.dll,Program Files\McAfee\MSC,c,McMscShm.dll,dll,BUILTIN\Administrators
WB900OJG,c:\Windows\System32\smiengine.dll,Windows\System32,c,smiengine.dll,dll,NT AUTHORITY\SYSTEM
WB900OJG,c:\Windows\System32\wmpcm.dll,Windows\System32,c,wmpcm.dll,dll,NT AUTHORITY\SYSTEM
WB900OJG,c:\Windows\System32\keymgr.dll,Windows\System32,c,keymgr.dll,dll,NT AUTHORITY\SYSTEM
WB900OJG,c:\Program Files\McAfee\MSC\McGsShm.dll,Program Files\McAfee\MSC,c,McGsShm.dll,dll,BUILTIN\Administrators
WB900OJG,c:\Windows\SysWOW64\qmgrprxy.dll,Windows\SysWOW64,c,qmgrprxy.dll,dll,NT AUTHORITY\SYSTEM
WB900OJG,c:\Windows\System32\sdiagschd.dll,Windows\System32,c,sdiagschd.dll,dll,NT AUTHORITY\SYSTEM
WB900OJG,c:\Windows\System32\drivers\TsUsbFlt.sys,Windows\System32\drivers,c,TsUsbFlt.sys,sys,NT AUTHORITY\SYSTEM
WB900OJG,c:\Windows\System32\msv1_0.dll,Windows\System32,c,msv1_0.dll,dll,NT AUTHORITY\SYSTEM
WB900OJG,c:\program files (x86)\common files\McAfee\Platform\platformservicefwps.dll,program files (x86)\common files\McAfee\Platform,c,platformservicefwps.dll,dll,BUILTIN\Administrators
WB900OJG,c:\Windows\System32\gpedit.dll,Windows\System32,c,gpedit.dll,dll,NT AUTHORITY\SYSTEM
WB900OJG,c:\program files\common files\McAfee\CSP\2.9.175.0\mccspclientapi.dll,program files\common files\McAfee\CSP\2.9.175.0,c,mccspclientapi.dll,dll,BUILTIN\Administrators
WB900OJG,c:\Windows\System32\drivers\scfilter.sys,Windows\System32\drivers,c,scfilter.sys,sys,NT AUTHORITY\SYSTEM
WB900OJG,c:\Windows\System32\drivers\1394ohci.sys,Windows\System32\drivers,c,1394ohci.sys,sys,NT AUTHORITY\SYSTEM
WB900OJG,c:\Windows\SysWOW64\scripto.dll,Windows\SysWOW64,c,scripto.dll,dll,NT AUTHORITY\SYSTEM
WB900OJG,c:\Windows\System32\xmlprovi.dll,Windows\System32,c,xmlprovi.dll,dll,NT AUTHORITY\SYSTEM
WB900OJG,c:\Windows\System32\wpcao.dll,Windows\System32,c,wpcao.dll,dll,NT AUTHORITY\SYSTEM
WB900OJG,c:\Windows\System32\drivers\VMBusHID.sys,Windows\System32\drivers,c,VMBusHID.sys,sys,NT AUTHORITY\SYSTEM
WB900OJG,c:\Windows\System32\dsquery.dll,Windows\System32,c,dsquery.dll,dll,NT AUTHORITY\SYSTEM
WB900OJG,C:\Windows\System32\kernel32.dll,Windows\System32,C,kernel32.dll,dll,NT AUTHORITY\SYSTEM
WB900OJG,c:\Windows\SysWOW64\msnetobj.dll,Windows\SysWOW64,c,msnetobj.dll,dll,NT AUTHORITY\SYSTEM
WB900OJG,c:\Windows\System32\drivers\evbda.sys,Windows\System32\drivers,c,evbda.sys,sys,NT AUTHORITY\SYSTEM
WB900OJG,c:\Windows\System32\wlanui.dll,Windows\System32,c,wlanui.dll,dll,NT AUTHORITY\SYSTEM
WB900OJG,c:\Windows\System32\drivers\hidbth.sys,Windows\System32\drivers,c,hidbth.sys,sys,NT AUTHORITY\SYSTEM
WB900OJG,c:\Windows\System32\dtsh.dll,Windows\System32,c,dtsh.dll,dll,NT AUTHORITY\SYSTEM
WB900OJG,c:\Windows\System32\umpnpmgr.dll,Windows\System32,c,umpnpmgr.dll,dll,NT AUTHORITY\SYSTEM
WB900OJG,c:\Windows\System32\certmgr.dll,Windows\System32,c,certmgr.dll,dll,NT AUTHORITY\SYSTEM
WB900OJG,c:\Windows\SysWOW64\fde.dll,Windows\SysWOW64,c,fde.dll,dll,NT AUTHORITY\SYSTEM
WB900OJG,c:\Windows\System32\TabbtnEx.dll,Windows\System32,c,TabbtnEx.dll,dll,NT AUTHORITY\SYSTEM
WB900OJG,c:\Windows\ehome\ehchsime.dll,Windows\ehome,c,ehchsime.dll,dll,NT AUTHORITY\SYSTEM
WB900OJG,c:\Windows\System32\tcpipcfg.dll,Windows\System32,c,tcpipcfg.dll,dll,NT AUTHORITY\SYSTEM
WB900OJG,c:\Windows\System32\cfgbkend.dll,Windows\System32,c,cfgbkend.dll,dll,NT AUTHORITY\SYSTEM
WB900OJG,c:\Windows\System32\imapi2.dll,Windows\System32,c,imapi2.dll,dll,NT AUTHORITY\SYSTEM
WB900OJG,c:\Windows\System32\devicepairingproxy.dll,Windows\System32,c,devicepairingproxy.dll,dll,NT AUTHORITY\SYSTEM
WB900OJG,c:\Windows\System32\wbem\win32_tpm.dll,Windows\System32\wbem,c,win32_tpm.dll,dll,NT AUTHORITY\SYSTEM
WB900OJG,c:\Windows\System32\actioncenter.dll,Windows\System32,c,actioncenter.dll,dll,NT AUTHORITY\SYSTEM
WB900OJG,c:\Windows\System32\mssprxy.dll,Windows\System32,c,mssprxy.dll,dll,NT AUTHORITY\SYSTEM
WB900OJG,c:\Windows\System32\bthpancontexthandler.dll,Windows\System32,c,bthpancontexthandler.dll,dll,NT AUTHORITY\SYSTEM
WB900OJG,c:\Windows\System32\diagperf.dll,Windows\System32,c,diagperf.dll,dll,NT AUTHORITY\SYSTEM
WB900OJG,c:\Windows\System32\msiexec.exe,Windows\System32,c,msiexec.exe,exe,NT AUTHORITY\SYSTEM
WB900OJG,c:\Windows\System32\schannel.dll,Windows\System32,c,schannel.dll,dll,NT AUTHORITY\SYSTEM
WB900OJG,c:\Windows\System32\rasdlg.dll,Windows\System32,c,rasdlg.dll,dll,NT AUTHORITY\SYSTEM
WB900OJG,c:\Windows\SysWOW64\mfmjpegdec.dll,Windows\SysWOW64,c,mfmjpegdec.dll,dll,NT AUTHORITY\SYSTEM
WB900OJG,c:\Windows\System32\userenv.dll,Windows\System32,c,userenv.dll,dll,NT AUTHORITY\SYSTEM
WB900OJG,c:\Windows\System32\tapilua.dll,Windows\System32,c,tapilua.dll,dll,NT AUTHORITY\SYSTEM
WB900OJG,C:\Windows\System32\msvcrt.dll,Windows\System32,C,msvcrt.dll,dll,NT AUTHORITY\SYSTEM
WB900OJG,c:\Windows\System32\defaultlocationcpl.dll,Windows\System32,c,defaultlocationcpl.dll,dll,NT AUTHORITY\SYSTEM
WB900OJG,c:\Windows\System32\WavDest.dll,Windows\System32,c,WavDest.dll,dll,NT AUTHORITY\SYSTEM
WB900OJG,c:\Windows\System32\dssec.dll,Windows\System32,c,dssec.dll,dll,NT AUTHORITY\SYSTEM
WB900OJG,c:\Windows\SysWOW64\EAPQEC.DLL,Windows\SysWOW64,c,EAPQEC.DLL,DLL,NT AUTHORITY\SYSTEM
WB900OJG,c:\Windows\System32\portabledevicesyncprovider.dll,Windows\System32,c,portabledevicesyncprovider.dll,dll,NT AUTHORITY\SYSTEM
WB900OJG,c:\Windows\System32\ntshrui.dll,Windows\System32,c,ntshrui.dll,dll,NT AUTHORITY\SYSTEM
WB900OJG,c:\Program Files\Common Files\McAfee\UPDMGR\6.2.117.2\mcupdagent.dll,Program Files\Common Files\McAfee\UPDMGR\6.2.117.2,c,mcupdagent.dll,dll,BUILTIN\Administrators
WB900OJG,c:\Windows\System32\DfsShlEx.dll,Windows\System32,c,DfsShlEx.dll,dll,NT AUTHORITY\SYSTEM
WB900OJG,c:\Program Files\Common Files\McAfee\HackerWatch\HWAPI.dll,Program Files\Common Files\McAfee\HackerWatch,c,HWAPI.dll,dll,BUILTIN\Administrators
WB900OJG,c:\Windows\System32\wwanadvui.dll,Windows\System32,c,wwanadvui.dll,dll,NT AUTHORITY\SYSTEM
WB900OJG,c:\Windows\System32\ieframe.dll,Windows\System32,c,ieframe.dll,dll,NT AUTHORITY\SYSTEM
WB900OJG,c:\Windows\System32\wmpps.dll,Windows\System32,c,wmpps.dll,dll,NT AUTHORITY\SYSTEM
WB900OJG,c:\Windows\System32\TSpkg.dll,Windows\System32,c,TSpkg.dll,dll,NT AUTHORITY\SYSTEM
WB900OJG,c:\Windows\System32\drivers\i8042prt.sys,Windows\System32\drivers,c,i8042prt.sys,sys,NT AUTHORITY\SYSTEM
WB900OJG,C:\Windows\SysWOW64\shell32.dll,Windows\SysWOW64,C,shell32.dll,dll,NT AUTHORITY\SYSTEM
WB900OJG,c:\Windows\System32\drivers\mrxsmb10.sys,Windows\System32\drivers,c,mrxsmb10.sys,sys,NT AUTHORITY\SYSTEM
WB900OJG,c:\Program Files\McAfee\MQS\QCProgressIcon.dll,Program Files\McAfee\MQS,c,QCProgressIcon.dll,dll,BUILTIN\Administrators
WB900OJG,c:\Windows\System32\cscobj.dll,Windows\System32,c,cscobj.dll,dll,NT AUTHORITY\SYSTEM
WB900OJG,c:\Windows\System32\drivers\pcw.sys,Windows\System32\drivers,c,pcw.sys,sys,NT AUTHORITY\SYSTEM
WB900OJG,c:\Windows\System32\devicepairinghandler.dll,Windows\System32,c,devicepairinghandler.dll,dll,NT AUTHORITY\SYSTEM
WB900OJG,c:\Windows\System32\fdWNet.dll,Windows\System32,c,fdWNet.dll,dll,NT AUTHORITY\SYSTEM
WB900OJG,c:\Windows\System32\msieftp.dll,Windows\System32,c,msieftp.dll,dll,NT AUTHORITY\SYSTEM
WB900OJG,c:\Windows\System32\SCardSvr.dll,Windows\System32,c,SCardSvr.dll,dll,NT AUTHORITY\SYSTEM
WB900OJG,c:\program files\common files\McAfee\CSP\3.0.127.0\mccspclientapi.dll,program files\common files\McAfee\CSP\3.0.127.0,c,mccspclientapi.dll,dll,BUILTIN\Administrators
WB900OJG,c:\Windows\System32\SessEnv.dll,Windows\System32,c,SessEnv.dll,dll,NT AUTHORITY\SYSTEM
WB900OJG,c:\Windows\System32\sdohlp.dll,Windows\System32,c,sdohlp.dll,dll,NT AUTHORITY\SYSTEM
WB900OJG,c:\Windows\System32\Kswdmcap.ax,Windows\System32,c,Kswdmcap.ax,ax,NT AUTHORITY\SYSTEM
WB900OJG,c:\Windows\System32\VAN.dll,Windows\System32,c,VAN.dll,dll,NT AUTHORITY\SYSTEM
WB900OJG,c:\Windows\System32\WMVSENCD.DLL,Windows\System32,c,WMVSENCD.DLL,DLL,NT AUTHORITY\SYSTEM
WB900OJG,c:\Windows\System32\WUDFSvc.dll,Windows\System32,c,WUDFSvc.dll,dll,NT AUTHORITY\SYSTEM
WB900OJG,c:\Windows\SysWOW64\ipsecsnp.dll,Windows\SysWOW64,c,ipsecsnp.dll,dll,NT AUTHORITY\SYSTEM
WB900OJG,c:\Windows\System32\gameux.dll,Windows\System32,c,gameux.dll,dll,NT AUTHORITY\SYSTEM
WB900OJG,c:\Windows\System32\wlangpui.dll,Windows\System32,c,wlangpui.dll,dll,NT AUTHORITY\SYSTEM
WB900OJG,c:\Windows\SysWOW64\WMSPDMOE.DLL,Windows\SysWOW64,c,WMSPDMOE.DLL,DLL,NT AUTHORITY\SYSTEM
WB900OJG,c:\Windows\System32\bitsprx5.dll,Windows\System32,c,bitsprx5.dll,dll,NT AUTHORITY\SYSTEM
WB900OJG,c:\Windows\System32\dhcpcore.dll,Windows\System32,c,dhcpcore.dll,dll,NT AUTHORITY\SYSTEM
WB900OJG,c:\Windows\System32\MP3DMOD.DLL,Windows\System32,c,MP3DMOD.DLL,DLL,NT AUTHORITY\SYSTEM
WB900OJG,c:\Windows\System32\scrptadm.dll,Windows\System32,c,scrptadm.dll,dll,NT AUTHORITY\SYSTEM
WB900OJG,c:\Windows\System32\wabsyncprovider.dll,Windows\System32,c,wabsyncprovider.dll,dll,NT AUTHORITY\SYSTEM
WB900OJG,c:\Windows\System32\bitsprx2.dll,Windows\System32,c,bitsprx2.dll,dll,NT AUTHORITY\SYSTEM
WB900OJG,c:\Windows\ehome\createdisc\sbeserverps.dll,Windows\ehome\createdisc,c,sbeserverps.dll,dll,NT AUTHORITY\SYSTEM
WB900OJG,c:\Windows\System32\WebClnt.dll,Windows\System32,c,WebClnt.dll,dll,NT AUTHORITY\SYSTEM
WB900OJG,c:\Windows\System32\wlandlg.dll,Windows\System32,c,wlandlg.dll,dll,NT AUTHORITY\SYSTEM
WB900OJG,c:\Program Files\McAfee\MSK\mskcshim.dll,Program Files\McAfee\MSK,c,mskcshim.dll,dll,BUILTIN\Administrators
WB900OJG,c:\Windows\System32\recovery.dll,Windows\System32,c,recovery.dll,dll,NT AUTHORITY\SYSTEM
WB900OJG,c:\Windows\System32\mstime.dll,Windows\System32,c,mstime.dll,dll,NT AUTHORITY\SYSTEM
WB900OJG,c:\Windows\SysWOW64\dispex.dll,Windows\SysWOW64,c,dispex.dll,dll,NT AUTHORITY\SYSTEM
WB900OJG,c:\Windows\System32\mmcndmgr.dll,Windows\System32,c,mmcndmgr.dll,dll,NT AUTHORITY\SYSTEM
WB900OJG,c:\Windows\microsoft.net\framework\v3.0\WPF\PenIMC.dll,Windows\microsoft.net\framework\v3.0\WPF,c,PenIMC.dll,dll,NT AUTHORITY\SYSTEM
WB900OJG,c:\Windows\SysWOW64\wlangpui.dll,Windows\SysWOW64,c,wlangpui.dll,dll,NT AUTHORITY\SYSTEM
WB900OJG,c:\Windows\SysWOW64\imapi.dll,Windows\SysWOW64,c,imapi.dll,dll,NT AUTHORITY\SYSTEM
WB900OJG,c:\Windows\System32\shgina.dll,Windows\System32,c,shgina.dll,dll,NT AUTHORITY\SYSTEM
WB900OJG,c:\Windows\SysWOW64\MP3DMOD.DLL,Windows\SysWOW64,c,MP3DMOD.DLL,DLL,NT AUTHORITY\SYSTEM
WB900OJG,c:\Windows\System32\WMADMOD.DLL,Windows\System32,c,WMADMOD.DLL,DLL,NT AUTHORITY\SYSTEM
WB900OJG,c:\Windows\System32\drivers\VBoxSF.sys,Windows\System32\drivers,c,VBoxSF.sys,sys,NT AUTHORITY\SYSTEM
WB900OJG,c:\Windows\System32\WWanHC.dll,Windows\System32,c,WWanHC.dll,dll,NT AUTHORITY\SYSTEM
WB900OJG,c:\Windows\SysWOW64\cca.dll,Windows\SysWOW64,c,cca.dll,dll,NT AUTHORITY\SYSTEM
WB900OJG,c:\Windows\System32\vdsdyn.dll,Windows\System32,c,vdsdyn.dll,dll,NT AUTHORITY\SYSTEM
WB900OJG,c:\program files\common files\McAfee\CSP\2.9.175.0\\mccspservicehost.exe,program files\common files\McAfee\CSP\2.9.175.0\,c,mccspservicehost.exe,exe,BUILTIN\Administrators
WB900OJG,c:\Windows\System32\drivers\sfloppy.sys,Windows\System32\drivers,c,sfloppy.sys,sys,NT AUTHORITY\SYSTEM
WB900OJG,c:\Windows\SysWOW64\wups.dll,Windows\SysWOW64,c,wups.dll,dll,NT AUTHORITY\SYSTEM
WB900OJG,c:\Windows\System32\ssdpsrv.dll,Windows\System32,c,ssdpsrv.dll,dll,NT AUTHORITY\SYSTEM
WB900OJG,c:\Program Files\McAfee\MSC\mcsubmgr\17 2 119 0\mcsubmgr.dll,Program Files\McAfee\MSC\mcsubmgr\17 2 119 0,c,mcsubmgr.dll,dll,BUILTIN\Administrators
WB900OJG,c:\Windows\SysWOW64\msvidc32.dll,Windows\SysWOW64,c,msvidc32.dll,dll,NT AUTHORITY\SYSTEM
WB900OJG,c:\Windows\System32\fxsutility.dll,Windows\System32,c,fxsutility.dll,dll,NT AUTHORITY\SYSTEM
WB900OJG,c:\Windows\System32\netplwiz.dll,Windows\System32,c,netplwiz.dll,dll,NT AUTHORITY\SYSTEM
WB900OJG,c:\Windows\SysWOW64\WMVSDECD.DLL,Windows\SysWOW64,c,WMVSDECD.DLL,DLL,NT AUTHORITY\SYSTEM
WB900OJG,c:\Windows\System32\timedate.cpl,Windows\System32,c,timedate.cpl,cpl,NT AUTHORITY\SYSTEM
WB900OJG,c:\Windows\SysWOW64\sbe.dll,Windows\SysWOW64,c,sbe.dll,dll,NT AUTHORITY\SYSTEM
WB900OJG,c:\Windows\ehome\mstvcapn.dll,Windows\ehome,c,mstvcapn.dll,dll,NT AUTHORITY\SYSTEM
WB900OJG,c:\Windows\System32\wuwebv.dll,Windows\System32,c,wuwebv.dll,dll,NT AUTHORITY\SYSTEM
WB900OJG,c:\Windows\System32\iasrad.dll,Windows\System32,c,iasrad.dll,dll,NT AUTHORITY\SYSTEM
WB900OJG,c:\Windows\System32\rdpencom.dll,Windows\System32,c,rdpencom.dll,dll,NT AUTHORITY\SYSTEM
WB900OJG,c:\Program Files\McAfee\MPF\MpfApi.dll,Program Files\McAfee\MPF,c,MpfApi.dll,dll,BUILTIN\Administrators
WB900OJG,c:\Windows\System32\ipsecsnp.dll,Windows\System32,c,ipsecsnp.dll,dll,NT AUTHORITY\SYSTEM
WB900OJG,c:\Windows\System32\XpsFilt.dll,Windows\System32,c,XpsFilt.dll,dll,NT AUTHORITY\SYSTEM
WB900OJG,c:\Windows\System32\pnrpauto.dll,Windows\System32,c,pnrpauto.dll,dll,NT AUTHORITY\SYSTEM
WB900OJG,c:\Windows\System32\appidsvc.dll,Windows\System32,c,appidsvc.dll,dll,NT AUTHORITY\SYSTEM
WB900OJG,c:\Windows\System32\srcore.dll,Windows\System32,c,srcore.dll,dll,NT AUTHORITY\SYSTEM
WB900OJG,c:\Windows\SysWOW64\msjetoledb40.dll,Windows\SysWOW64,c,msjetoledb40.dll,dll,NT AUTHORITY\SYSTEM
WB900OJG,c:\Windows\microsoft.net\framework64\v4.0.30319\mscorsvw.exe,Windows\microsoft.net\framework64\v4.0.30319,c,mscorsvw.exe,exe,NT AUTHORITY\SYSTEM
WB900OJG,c:\Windows\System32\wbengine.exe,Windows\System32,c,wbengine.exe,exe,NT AUTHORITY\SYSTEM
WB900OJG,c:\Windows\System32\iTVData.dll,Windows\System32,c,iTVData.dll,dll,NT AUTHORITY\SYSTEM
WB900OJG,c:\Windows\System32\drivers\vmstorfl.sys,Windows\System32\drivers,c,vmstorfl.sys,sys,NT AUTHORITY\SYSTEM
WB900OJG,C:\Windows\System32\localspl.dll,Windows\System32,C,localspl.dll,dll,NT AUTHORITY\SYSTEM
WB900OJG,c:\Windows\System32\bitsprx3.dll,Windows\System32,c,bitsprx3.dll,dll,NT AUTHORITY\SYSTEM
WB900OJG,c:\Windows\System32\networkitemfactory.dll,Windows\System32,c,networkitemfactory.dll,dll,NT AUTHORITY\SYSTEM
WB900OJG,c:\Windows\System32\bthprops.cpl,Windows\System32,c,bthprops.cpl,cpl,NT AUTHORITY\SYSTEM
WB900OJG,c:\Windows\System32\svchost.exe,Windows\System32,c,svchost.exe,exe,NT AUTHORITY\SYSTEM
WB900OJG,c:\Windows\System32\OobeFldr.dll,Windows\System32,c,OobeFldr.dll,dll,NT AUTHORITY\SYSTEM
WB900OJG,c:\Windows\System32\portabledeviceclassextension.dll,Windows\System32,c,portabledeviceclassextension.dll,dll,NT AUTHORITY\SYSTEM
WB900OJG,c:\Windows\System32\avifil32.dll,Windows\System32,c,avifil32.dll,dll,NT AUTHORITY\SYSTEM
WB900OJG,c:\Windows\SysWOW64\ksproxy.ax,Windows\SysWOW64,c,ksproxy.ax,ax,NT AUTHORITY\SYSTEM
WB900OJG,c:\Windows\System32\tapisrv.dll,Windows\System32,c,tapisrv.dll,dll,NT AUTHORITY\SYSTEM
WB900OJG,c:\Windows\SysWOW64\mfc42u.dll,Windows\SysWOW64,c,mfc42u.dll,dll,NT AUTHORITY\SYSTEM
WB900OJG,c:\Windows\System32\WMPEncEn.dll,Windows\System32,c,WMPEncEn.dll,dll,NT AUTHORITY\SYSTEM
WB900OJG,c:\Windows\System32\mcsrchPH.dll,Windows\System32,c,mcsrchPH.dll,dll,NT AUTHORITY\SYSTEM
WB900OJG,c:\Windows\System32\correngine.dll,Windows\System32,c,correngine.dll,dll,NT AUTHORITY\SYSTEM
WB900OJG,c:\Windows\System32\drivers\pcmcia.sys,Windows\System32\drivers,c,pcmcia.sys,sys,NT AUTHORITY\SYSTEM
WB900OJG,c:\Windows\System32\nlhtml.dll,Windows\System32,c,nlhtml.dll,dll,NT AUTHORITY\SYSTEM
WB900OJG,c:\Windows\microsoft.net\framework64\v4.0.30319\smsvchost.exe,Windows\microsoft.net\framework64\v4.0.30319,c,smsvchost.exe,exe,NT AUTHORITY\SYSTEM
WB900OJG,c:\Windows\System32\wbem\wbemprox.dll,Windows\System32\wbem,c,wbemprox.dll,dll,NT AUTHORITY\SYSTEM
WB900OJG,c:\Windows\System32\actxprxy.dll,Windows\System32,c,actxprxy.dll,dll,NT AUTHORITY\SYSTEM
WB900OJG,c:\Windows\System32\comsnap.dll,Windows\System32,c,comsnap.dll,dll,NT AUTHORITY\SYSTEM
WB900OJG,c:\Windows\System32\drivers\mstee.sys,Windows\System32\drivers,c,mstee.sys,sys,NT AUTHORITY\SYSTEM
WB900OJG,c:\program files\common files\McAfee\clientanalytics\Win32\comapiproxy.dll,program files\common files\McAfee\clientanalytics\Win32,c,comapiproxy.dll,dll,BUILTIN\Administrators
WB900OJG,c:\Windows\System32\srhelper.dll,Windows\System32,c,srhelper.dll,dll,NT AUTHORITY\SYSTEM
WB900OJG,c:\Windows\System32\comrepl.dll,Windows\System32,c,comrepl.dll,dll,NT AUTHORITY\SYSTEM
WB900OJG,C:\Windows\SysWOW64\regsvr32.exe,Windows\SysWOW64,C,regsvr32.exe,exe,NT AUTHORITY\SYSTEM
WB900OJG,c:\Windows\SysWOW64\VBICodec.ax,Windows\SysWOW64,c,VBICodec.ax,ax,NT AUTHORITY\SYSTEM
WB900OJG,c:\Windows\System32\wbem\esscli.dll,Windows\System32\wbem,c,esscli.dll,dll,NT AUTHORITY\SYSTEM
WB900OJG,c:\Windows\System32\drivers\raspppoe.sys,Windows\System32\drivers,c,raspppoe.sys,sys,NT AUTHORITY\SYSTEM
WB900OJG,c:\Windows\System32\xwtpdui.dll,Windows\System32,c,xwtpdui.dll,dll,NT AUTHORITY\SYSTEM
WB900OJG,C:\Windows\System32\smartcardcredentialprovider.dll,Windows\System32,C,smartcardcredentialprovider.dll,dll,NT AUTHORITY\SYSTEM
WB900OJG,c:\Windows\System32\synccenter.dll,Windows\System32,c,synccenter.dll,dll,NT AUTHORITY\SYSTEM
WB900OJG,c:\Windows\System32\drivers\arc.sys,Windows\System32\drivers,c,arc.sys,sys,NT AUTHORITY\SYSTEM
WB900OJG,c:\Windows\System32\drivers\cmdide.sys,Windows\System32\drivers,c,cmdide.sys,sys,NT AUTHORITY\SYSTEM
WB900OJG,c:\Windows\System32\helppaneproxy.dll,Windows\System32,c,helppaneproxy.dll,dll,NT AUTHORITY\SYSTEM
WB900OJG,c:\Windows\System32\msrle32.dll,Windows\System32,c,msrle32.dll,dll,NT AUTHORITY\SYSTEM
WB900OJG,c:\Windows\System32\drivers\tunnel.sys,Windows\System32\drivers,c,tunnel.sys,sys,NT AUTHORITY\SYSTEM
WB900OJG,c:\Windows\SysWOW64\WPDSp.dll,Windows\SysWOW64,c,WPDSp.dll,dll,NT AUTHORITY\SYSTEM
WB900OJG,c:\Windows\System32\wiashext.dll,Windows\System32,c,wiashext.dll,dll,NT AUTHORITY\SYSTEM
WB900OJG,c:\Windows\System32\IME\imekr8\imkrapi.dll,Windows\System32\IME\imekr8,c,imkrapi.dll,dll,NT AUTHORITY\SYSTEM
WB900OJG,c:\Windows\System32\scrobj.dll,Windows\System32,c,scrobj.dll,dll,NT AUTHORITY\SYSTEM
WB900OJG,c:\program files\common files\McAfee\clientanalytics\comapiproxy.dll,program files\common files\McAfee\clientanalytics,c,comapiproxy.dll,dll,BUILTIN\Administrators
WB900OJG,c:\Windows\System32\rshx32.dll,Windows\System32,c,rshx32.dll,dll,NT AUTHORITY\SYSTEM
WB900OJG,c:\Windows\System32\drivers\dfsc.sys,Windows\System32\drivers,c,dfsc.sys,sys,NT AUTHORITY\SYSTEM
WB900OJG,c:\Windows\System32\pnrpsvc.dll,Windows\System32,c,pnrpsvc.dll,dll,NT AUTHORITY\SYSTEM
WB900OJG,c:\Windows\System32\sharemediacpl.dll,Windows\System32,c,sharemediacpl.dll,dll,NT AUTHORITY\SYSTEM
WB900OJG,c:\Windows\System32\FXSSVC.exe,Windows\System32,c,FXSSVC.exe,exe,NT AUTHORITY\SYSTEM
WB900OJG,c:\Windows\System32\umpo.dll,Windows\System32,c,umpo.dll,dll,NT AUTHORITY\SYSTEM
WB900OJG,c:\Windows\SysWOW64\portabledeviceapi.dll,Windows\SysWOW64,c,portabledeviceapi.dll,dll,NT AUTHORITY\SYSTEM
WB900OJG,c:\Windows\System32\drivers\ws2ifsl.sys,Windows\System32\drivers,c,ws2ifsl.sys,sys,NT AUTHORITY\SYSTEM
WB900OJG,c:\Windows\ehome\ehSSO.dll,Windows\ehome,c,ehSSO.dll,dll,NT AUTHORITY\SYSTEM
WB900OJG,c:\Windows\System32\drivers\srv2.sys,Windows\System32\drivers,c,srv2.sys,sys,NT AUTHORITY\SYSTEM
WB900OJG,c:\Windows\System32\drivers\lltdio.sys,Windows\System32\drivers,c,lltdio.sys,sys,NT AUTHORITY\SYSTEM
WB900OJG,c:\Windows\System32\vboxmrxnp.dll,Windows\System32,c,vboxmrxnp.dll,dll,NT AUTHORITY\SYSTEM
WB900OJG,c:\Windows\System32\mycomput.dll,Windows\System32,c,mycomput.dll,dll,NT AUTHORITY\SYSTEM
WB900OJG,c:\Windows\System32\imaadp32.acm,Windows\System32,c,imaadp32.acm,acm,NT AUTHORITY\SYSTEM
WB900OJG,c:\Windows\SysWOW64\msi.dll,Windows\SysWOW64,c,msi.dll,dll,NT AUTHORITY\SYSTEM
WB900OJG,c:\Program Files\McAfee\MSC\McIPTShm.dll,Program Files\McAfee\MSC,c,McIPTShm.dll,dll,BUILTIN\Administrators
WB900OJG,c:\Program Files\McAfee\MSK\MskSet64.dll,Program Files\McAfee\MSK,c,MskSet64.dll,dll,BUILTIN\Administrators
WB900OJG,C:\Windows\System32\oleaut32.dll,Windows\System32,C,oleaut32.dll,dll,NT AUTHORITY\SYSTEM
WB900OJG,c:\Windows\System32\RpcEpMap.dll,Windows\System32,c,RpcEpMap.dll,dll,NT AUTHORITY\SYSTEM
WB900OJG,c:\Windows\System32\connect.dll,Windows\System32,c,connect.dll,dll,NT AUTHORITY\SYSTEM
WB900OJG,c:\Windows\System32\drivers\msiscsi.sys,Windows\System32\drivers,c,msiscsi.sys,sys,NT AUTHORITY\SYSTEM
WB900OJG,c:\Windows\System32\AuthFWGP.dll,Windows\System32,c,AuthFWGP.dll,dll,NT AUTHORITY\SYSTEM
WB900OJG,c:\Windows\System32\wpdshserviceobj.dll,Windows\System32,c,wpdshserviceobj.dll,dll,NT AUTHORITY\SYSTEM
WB900OJG,c:\Windows\SysWOW64\imapi2.dll,Windows\SysWOW64,c,imapi2.dll,dll,NT AUTHORITY\SYSTEM
WB900OJG,c:\Windows\System32\MFPlay.dll,Windows\System32,c,MFPlay.dll,dll,NT AUTHORITY\SYSTEM
WB900OJG,c:\Windows\System32\capiprovider.dll,Windows\System32,c,capiprovider.dll,dll,NT AUTHORITY\SYSTEM
WB900OJG,c:\Windows\System32\mssph.dll,Windows\System32,c,mssph.dll,dll,NT AUTHORITY\SYSTEM
WB900OJG,c:\Windows\System32\drivers\rdbss.sys,Windows\System32\drivers,c,rdbss.sys,sys,NT AUTHORITY\SYSTEM
WB900OJG,c:\Program Files\McAfee\MPS\MpsShim.dll,Program Files\McAfee\MPS,c,MpsShim.dll,dll,BUILTIN\Administrators
WB900OJG,c:\Windows\System32\tdc.ocx,Windows\System32,c,tdc.ocx,ocx,NT AUTHORITY\SYSTEM
WB900OJG,c:\Windows\System32\oleacc.dll,Windows\System32,c,oleacc.dll,dll,NT AUTHORITY\SYSTEM
WB900OJG,c:\Windows\System32\drivers\hdaudbus.sys,Windows\System32\drivers,c,hdaudbus.sys,sys,NT AUTHORITY\SYSTEM
WB900OJG,c:\program files\common files\McAfee\Platform\platformservicefw.dll,program files\common files\McAfee\Platform,c,platformservicefw.dll,dll,BUILTIN\Administrators
WB900OJG,c:\Windows\System32\sti.dll,Windows\System32,c,sti.dll,dll,NT AUTHORITY\SYSTEM
WB900OJG,c:\Windows\System32\portabledeviceconnectapi.dll,Windows\System32,c,portabledeviceconnectapi.dll,dll,NT AUTHORITY\SYSTEM
WB900OJG,c:\Windows\SysWOW64\dskquoui.dll,Windows\SysWOW64,c,dskquoui.dll,dll,NT AUTHORITY\SYSTEM
WB900OJG,c:\Windows\System32\wbem\wmipcima.dll,Windows\System32\wbem,c,wmipcima.dll,dll,NT AUTHORITY\SYSTEM
WB900OJG,c:\Windows\microsoft.net\framework64\v4.0.30319\WPF\PenIMC.dll,Windows\microsoft.net\framework64\v4.0.30319\WPF,c,PenIMC.dll,dll,NT AUTHORITY\SYSTEM
WB900OJG,c:\Program Files\McAfee\MSK\mskoladd.dll,Program Files\McAfee\MSK,c,mskoladd.dll,dll,BUILTIN\Administrators
WB900OJG,c:\Windows\System32\dxptasksync.dll,Windows\System32,c,dxptasksync.dll,dll,NT AUTHORITY\SYSTEM
WB900OJG,c:\Windows\System32\drivers\synth3dvsc.sys,Windows\System32\drivers,c,synth3dvsc.sys,sys,NT AUTHORITY\SYSTEM
WB900OJG,c:\Program Files\McAfee\MPF\MpfAltPS.dll,Program Files\McAfee\MPF,c,MpfAltPS.dll,dll,BUILTIN\Administrators
WB900OJG,c:\Windows\System32\MP4SDECD.DLL,Windows\System32,c,MP4SDECD.DLL,DLL,NT AUTHORITY\SYSTEM
WB900OJG,c:\Windows\SysWOW64\Kswdmcap.ax,Windows\SysWOW64,c,Kswdmcap.ax,ax,NT AUTHORITY\SYSTEM
WB900OJG,c:\Windows\SysWOW64\vbscript.dll,Windows\SysWOW64,c,vbscript.dll,dll,NT AUTHORITY\SYSTEM
WB900OJG,c:\Windows\System32\accessibilitycpl.dll,Windows\System32,c,accessibilitycpl.dll,dll,NT AUTHORITY\SYSTEM
WB900OJG,c:\Windows\System32\IdListen.dll,Windows\System32,c,IdListen.dll,dll,NT AUTHORITY\SYSTEM
WB900OJG,c:\Windows\System32\inetcomm.dll,Windows\System32,c,inetcomm.dll,dll,NT AUTHORITY\SYSTEM
WB900OJG,c:\Windows\System32\drivers\amdsbs.sys,Windows\System32\drivers,c,amdsbs.sys,sys,NT AUTHORITY\SYSTEM
WB900OJG,c:\Windows\SysWOW64\resampledmo.dll,Windows\SysWOW64,c,resampledmo.dll,dll,NT AUTHORITY\SYSTEM
WB900OJG,c:\Windows\System32\drivers\compbatt.sys,Windows\System32\drivers,c,compbatt.sys,sys,NT AUTHORITY\SYSTEM
WB900OJG,c:\Windows\System32\dinput.dll,Windows\System32,c,dinput.dll,dll,NT AUTHORITY\SYSTEM
WB900OJG,c:\program files\common files\McAfee\systemcore\mfefire.exe,program files\common files\McAfee\systemcore,c,mfefire.exe,exe,BUILTIN\Administrators
WB900OJG,c:\Windows\System32\winethc.dll,Windows\System32,c,winethc.dll,dll,NT AUTHORITY\SYSTEM
WB900OJG,c:\Windows\System32\WcnApi.dll,Windows\System32,c,WcnApi.dll,dll,NT AUTHORITY\SYSTEM
WB900OJG,c:\Windows\System32\ddrawex.dll,Windows\System32,c,ddrawex.dll,dll,NT AUTHORITY\SYSTEM
WB900OJG,c:\Windows\System32\msxml6.dll,Windows\System32,c,msxml6.dll,dll,NT AUTHORITY\SYSTEM
WB900OJG,c:\Windows\System32\tserrredir.dll,Windows\System32,c,tserrredir.dll,dll,NT AUTHORITY\SYSTEM
WB900OJG,c:\Program Files\Common Files\McAfee\Platform\McPlatformPS.dll,Program Files\Common Files\McAfee\Platform,c,McPlatformPS.dll,dll,BUILTIN\Administrators
WB900OJG,c:\Windows\SysWOW64\RegCtrl.dll,Windows\SysWOW64,c,RegCtrl.dll,dll,NT AUTHORITY\SYSTEM
WB900OJG,c:\Windows\System32\drivers\lsi_fc.sys,Windows\System32\drivers,c,lsi_fc.sys,sys,NT AUTHORITY\SYSTEM
WB900OJG,c:\Windows\SysWOW64\uiautomationcore.dll,Windows\SysWOW64,c,uiautomationcore.dll,dll,NT AUTHORITY\SYSTEM
WB900OJG,c:\Windows\System32\mspbda.dll,Windows\System32,c,mspbda.dll,dll,NT AUTHORITY\SYSTEM
WB900OJG,c:\Windows\System32\IME\IMETC10\applets\IMTCCAC.dll,Windows\System32\IME\IMETC10\applets,c,IMTCCAC.dll,dll,NT AUTHORITY\SYSTEM
WB900OJG,C:\Windows\SysWOW64\ole32.dll,Windows\SysWOW64,C,ole32.dll,dll,NT AUTHORITY\SYSTEM
WB900OJG,c:\Windows\System32\wscproxystub.dll,Windows\System32,c,wscproxystub.dll,dll,NT AUTHORITY\SYSTEM
WB900OJG,c:\Program Files\McAfee\MfeAV\mvslog.dll,Program Files\McAfee\MfeAV,c,mvslog.dll,dll,BUILTIN\Administrators
WB900OJG,c:\Windows\System32\wmvdspa.dll,Windows\System32,c,wmvdspa.dll,dll,NT AUTHORITY\SYSTEM
WB900OJG,c:\Program Files\McAfee\MAT\McMATAppInfo.dll,Program Files\McAfee\MAT,c,McMATAppInfo.dll,dll,BUILTIN\Administrators
WB900OJG,c:\Windows\System32\devicecenter.dll,Windows\System32,c,devicecenter.dll,dll,NT AUTHORITY\SYSTEM
WB900OJG,c:\Windows\System32\portabledevicewiacompat.dll,Windows\System32,c,portabledevicewiacompat.dll,dll,NT AUTHORITY\SYSTEM
WB900OJG,c:\Windows\System32\wpcsvc.dll,Windows\System32,c,wpcsvc.dll,dll,NT AUTHORITY\SYSTEM
WB900OJG,C:\Windows\System32\WSDMon.dll,Windows\System32,C,WSDMon.dll,dll,NT AUTHORITY\SYSTEM
WB900OJG,c:\Windows\System32\IME\imekr8\applets\imkrskf.dll,Windows\System32\IME\imekr8\applets,c,imkrskf.dll,dll,NT AUTHORITY\SYSTEM
WB900OJG,c:\Windows\System32\wbem\KrnlProv.dll,Windows\System32\wbem,c,KrnlProv.dll,dll,NT AUTHORITY\SYSTEM
WB900OJG,c:\Windows\System32\drivers\adp94xx.sys,Windows\System32\drivers,c,adp94xx.sys,sys,NT AUTHORITY\SYSTEM
WB900OJG,c:\Windows\System32\qmgrprxy.dll,Windows\System32,c,qmgrprxy.dll,dll,NT AUTHORITY\SYSTEM
WB900OJG,c:\Windows\SysWOW64\msg711.acm,Windows\SysWOW64,c,msg711.acm,acm,NT AUTHORITY\SYSTEM
WB900OJG,c:\Windows\System32\tschannel.dll,Windows\System32,c,tschannel.dll,dll,NT AUTHORITY\SYSTEM
WB900OJG,c:\Windows\System32\dsdmo.dll,Windows\System32,c,dsdmo.dll,dll,NT AUTHORITY\SYSTEM
WB900OJG,c:\Windows\System32\drivers\aliide.sys,Windows\System32\drivers,c,aliide.sys,sys,NT AUTHORITY\SYSTEM
WB900OJG,c:\Windows\System32\clfs.sys,Windows\System32,c,clfs.sys,sys,NT AUTHORITY\SYSTEM
WB900OJG,c:\Windows\System32\localsec.dll,Windows\System32,c,localsec.dll,dll,NT AUTHORITY\SYSTEM
WB900OJG,C:\Windows\System32\shell32.dll,Windows\System32,C,shell32.dll,dll,NT AUTHORITY\SYSTEM
WB900OJG,c:\Windows\System32\windowscodecs.dll,Windows\System32,c,windowscodecs.dll,dll,NT AUTHORITY\SYSTEM
WB900OJG,c:\Windows\System32\drivers\BrUsbSer.sys,Windows\System32\drivers,c,BrUsbSer.sys,sys,NT AUTHORITY\SYSTEM
WB900OJG,c:\Windows\System32\drivers\BrUsbMdm.sys,Windows\System32\drivers,c,BrUsbMdm.sys,sys,NT AUTHORITY\SYSTEM
WB900OJG,c:\Windows\System32\Setup\FXSOCM.dll,Windows\System32\Setup,c,FXSOCM.dll,dll,NT AUTHORITY\SYSTEM
WB900OJG,c:\Windows\SysWOW64\mshtmled.dll,Windows\SysWOW64,c,mshtmled.dll,dll,NT AUTHORITY\SYSTEM
WB900OJG,c:\Windows\microsoft.net\framework64\v4.0.30319\mmcaspext.dll,Windows\microsoft.net\framework64\v4.0.30319,c,mmcaspext.dll,dll,NT AUTHORITY\SYSTEM
WB900OJG,c:\Windows\System32\drivers\sermouse.sys,Windows\System32\drivers,c,sermouse.sys,sys,NT AUTHORITY\SYSTEM
WB900OJG,c:\Windows\System32\WMVXENCD.DLL,Windows\System32,c,WMVXENCD.DLL,DLL,NT AUTHORITY\SYSTEM
WB900OJG,c:\Windows\System32\drivers\bowser.sys,Windows\System32\drivers,c,bowser.sys,sys,NT AUTHORITY\SYSTEM
WB900OJG,c:\Windows\System32\stobject.dll,Windows\System32,c,stobject.dll,dll,NT AUTHORITY\SYSTEM
WB900OJG,C:\Windows\System32\imm32.dll,Windows\System32,C,imm32.dll,dll,NT AUTHORITY\SYSTEM
WB900OJG,c:\Windows\System32\drivers\WUDFPf.sys,Windows\System32\drivers,c,WUDFPf.sys,sys,NT AUTHORITY\SYSTEM
WB900OJG,c:\Windows\System32\IME\IMESC5\applets\PINTLCSA.dll,Windows\System32\IME\IMESC5\applets,c,PINTLCSA.dll,dll,NT AUTHORITY\SYSTEM
WB900OJG,c:\Windows\System32\oleprn.dll,Windows\System32,c,oleprn.dll,dll,NT AUTHORITY\SYSTEM
WB900OJG,c:\Windows\System32\wbem\WmiPrvSD.dll,Windows\System32\wbem,c,WmiPrvSD.dll,dll,NT AUTHORITY\SYSTEM
WB900OJG,c:\Program Files\McAfee\MSK\mskmisp.dll,Program Files\McAfee\MSK,c,mskmisp.dll,dll,BUILTIN\Administrators
WB900OJG,c:\Windows\System32\tscfgwmi.dll,Windows\System32,c,tscfgwmi.dll,dll,NT AUTHORITY\SYSTEM
WB900OJG,c:\Windows\System32\sppinst.dll,Windows\System32,c,sppinst.dll,dll,NT AUTHORITY\SYSTEM
WB900OJG,c:\Windows\System32\wbem\wmiutils.dll,Windows\System32\wbem,c,wmiutils.dll,dll,NT AUTHORITY\SYSTEM
WB900OJG,C:\Windows\System32\FXSMON.dll,Windows\System32,C,FXSMON.dll,dll,NT AUTHORITY\SYSTEM
WB900OJG,c:\Windows\System32\dmintf.dll,Windows\System32,c,dmintf.dll,dll,NT AUTHORITY\SYSTEM
WB900OJG,C:\Program Files\Common Files\Microsoft Shared\ink\TabIpsps.dll,Program Files\Common Files\Microsoft Shared\ink,C,TabIpsps.dll,dll,NT AUTHORITY\SYSTEM
WB900OJG,c:\Windows\System32\chsbrkr.dll,Windows\System32,c,chsbrkr.dll,dll,NT AUTHORITY\SYSTEM
WB900OJG,c:\Windows\System32\appmgr.dll,Windows\System32,c,appmgr.dll,dll,NT AUTHORITY\SYSTEM
WB900OJG,c:\Windows\System32\msdtc.exe,Windows\System32,c,msdtc.exe,exe,NT AUTHORITY\SYSTEM
WB900OJG,c:\Windows\System32\drivers\usbohci.sys,Windows\System32\drivers,c,usbohci.sys,sys,NT AUTHORITY\SYSTEM
WB900OJG,c:\Windows\System32\rasgcw.dll,Windows\System32,c,rasgcw.dll,dll,NT AUTHORITY\SYSTEM
WB900OJG,c:\Windows\System32\drivers\hidir.sys,Windows\System32\drivers,c,hidir.sys,sys,NT AUTHORITY\SYSTEM
WB900OJG,c:\Program Files\Common Files\McAfee\OOBE\McOobeSv.dll,Program Files\Common Files\McAfee\OOBE,c,McOobeSv.dll,dll,BUILTIN\Administrators
WB900OJG,c:\Windows\System32\wbem\NCProv.dll,Windows\System32\wbem,c,NCProv.dll,dll,NT AUTHORITY\SYSTEM
WB900OJG,c:\Windows\System32\portabledevicewmdrm.dll,Windows\System32,c,portabledevicewmdrm.dll,dll,NT AUTHORITY\SYSTEM
WB900OJG,c:\Windows\SysWOW64\dxtrans.dll,Windows\SysWOW64,c,dxtrans.dll,dll,NT AUTHORITY\SYSTEM
WB900OJG,c:\Windows\System32\qdv.dll,Windows\System32,c,qdv.dll,dll,NT AUTHORITY\SYSTEM
WB900OJG,c:\Windows\System32\igdDiag.dll,Windows\System32,c,igdDiag.dll,dll,NT AUTHORITY\SYSTEM
WB900OJG,c:\Windows\System32\lpksetupproxyserv.dll,Windows\System32,c,lpksetupproxyserv.dll,dll,NT AUTHORITY\SYSTEM
WB900OJG,c:\Windows\System32\netcfgx.dll,Windows\System32,c,netcfgx.dll,dll,NT AUTHORITY\SYSTEM
WB900OJG,c:\Windows\System32\drivers\bthmodem.sys,Windows\System32\drivers,c,bthmodem.sys,sys,NT AUTHORITY\SYSTEM
WB900OJG,c:\Windows\System32\drivers\hwpolicy.sys,Windows\System32\drivers,c,hwpolicy.sys,sys,NT AUTHORITY\SYSTEM
WB900OJG,c:\Program Files\Common Files\McAfee\Platform\mcuicfg.dll,Program Files\Common Files\McAfee\Platform,c,mcuicfg.dll,dll,BUILTIN\Administrators
WB900OJG,c:\Program Files\McAfee\VUL\McVulAP.dll,Program Files\McAfee\VUL,c,McVulAP.dll,dll,BUILTIN\Administrators
WB900OJG,c:\Windows\System32\drivers\compositebus.sys,Windows\System32\drivers,c,compositebus.sys,sys,NT AUTHORITY\SYSTEM
WB900OJG,c:\Windows\System32\Vault.dll,Windows\System32,c,Vault.dll,dll,NT AUTHORITY\SYSTEM
WB900OJG,c:\Windows\System32\drivers\fdc.sys,Windows\System32\drivers,c,fdc.sys,sys,NT AUTHORITY\SYSTEM
WB900OJG,c:\program files\McAfee\MAT\McPvNs.dll,program files\McAfee\MAT,c,McPvNs.dll,dll,BUILTIN\Administrators
WB900OJG,c:\Program Files\McAfee\MPS\MPSMisp.dll,Program Files\McAfee\MPS,c,MPSMisp.dll,dll,BUILTIN\Administrators
WB900OJG,c:\Windows\SysWOW64\firewallapi.dll,Windows\SysWOW64,c,firewallapi.dll,dll,NT AUTHORITY\SYSTEM
WB900OJG,c:\Windows\System32\mfreadwrite.dll,Windows\System32,c,mfreadwrite.dll,dll,NT AUTHORITY\SYSTEM
WB900OJG,c:\Windows\System32\Setup\pbkmigr.dll,Windows\System32\Setup,c,pbkmigr.dll,dll,NT AUTHORITY\SYSTEM
WB900OJG,C:\Windows\SysWOW64\dpnet.dll,Windows\SysWOW64,C,dpnet.dll,dll,NT AUTHORITY\SYSTEM
WB900OJG,c:\Windows\System32\twext.dll,Windows\System32,c,twext.dll,dll,NT AUTHORITY\SYSTEM
WB900OJG,c:\Windows\System32\vbscript.dll,Windows\System32,c,vbscript.dll,dll,NT AUTHORITY\SYSTEM
WB900OJG,c:\Windows\System32\FXSCOM.dll,Windows\System32,c,FXSCOM.dll,dll,NT AUTHORITY\SYSTEM
WB900OJG,c:\Program Files\McAfee\MPS\mpscfg.dll,Program Files\McAfee\MPS,c,mpscfg.dll,dll,BUILTIN\Administrators
WB900OJG,c:\Windows\System32\mctadmin.exe,Windows\System32,c,mctadmin.exe,exe,NT AUTHORITY\SYSTEM
WB900OJG,c:\Windows\System32\colorui.dll,Windows\System32,c,colorui.dll,dll,NT AUTHORITY\SYSTEM
WB900OJG,c:\Windows\System32\profprov.dll,Windows\System32,c,profprov.dll,dll,NT AUTHORITY\SYSTEM
WB900OJG,c:\Windows\System32\dxtmsft.dll,Windows\System32,c,dxtmsft.dll,dll,NT AUTHORITY\SYSTEM
WB900OJG,c:\Windows\System32\adprovider.dll,Windows\System32,c,adprovider.dll,dll,NT AUTHORITY\SYSTEM
WB900OJG,c:\Windows\System32\drivers\HdAudio.sys,Windows\System32\drivers,c,HdAudio.sys,sys,NT AUTHORITY\SYSTEM
WB900OJG,c:\Windows\SysWOW64\ieframe.dll,Windows\SysWOW64,c,ieframe.dll,dll,NT AUTHORITY\SYSTEM
WB900OJG,c:\Windows\SysWOW64\vidcap.ax,Windows\SysWOW64,c,vidcap.ax,ax,NT AUTHORITY\SYSTEM
WB900OJG,c:\Windows\System32\wmp.dll,Windows\System32,c,wmp.dll,dll,NT AUTHORITY\SYSTEM
WB900OJG,c:\Windows\System32\wmpeffects.dll,Windows\System32,c,wmpeffects.dll,dll,NT AUTHORITY\SYSTEM
WB900OJG,c:\Windows\System32\WsmAuto.dll,Windows\System32,c,WsmAuto.dll,dll,NT AUTHORITY\SYSTEM
WB900OJG,c:\Windows\SysWOW64\quartz.dll,Windows\SysWOW64,c,quartz.dll,dll,NT AUTHORITY\SYSTEM
WB900OJG,c:\Windows\System32\opcservices.dll,Windows\System32,c,opcservices.dll,dll,NT AUTHORITY\SYSTEM
WB900OJG,c:\Windows\SysWOW64\bdaplgin.ax,Windows\SysWOW64,c,bdaplgin.ax,ax,NT AUTHORITY\SYSTEM
WB900OJG,c:\Windows\System32\dsprop.dll,Windows\System32,c,dsprop.dll,dll,NT AUTHORITY\SYSTEM
WB900OJG,c:\Windows\System32\thumbcache.dll,Windows\System32,c,thumbcache.dll,dll,NT AUTHORITY\SYSTEM
WB900OJG,c:\Windows\SysWOW64\licmgr10.dll,Windows\SysWOW64,c,licmgr10.dll,dll,NT AUTHORITY\SYSTEM
WB900OJG,C:\Program Files\Common Files\Microsoft Shared\ink\journal.dll,Program Files\Common Files\Microsoft Shared\ink,C,journal.dll,dll,NT AUTHORITY\SYSTEM
WB900OJG,C:\Windows\System32\user32.dll,Windows\System32,C,user32.dll,dll,NT AUTHORITY\SYSTEM
WB900OJG,c:\Windows\SysWOW64\wuapi.dll,Windows\SysWOW64,c,wuapi.dll,dll,NT AUTHORITY\SYSTEM
WB900OJG,c:\program files\McAfee\webadvisor\servicehost.exe,program files\McAfee\webadvisor,c,servicehost.exe,exe,BUILTIN\Administrators
WB900OJG,c:\Windows\microsoft.net\framework64\v3.0\windows communication foundation\infocard.exe,Windows\microsoft.net\framework64\v3.0\windows communication foundation,c,infocard.exe,exe,NT AUTHORITY\SYSTEM
WB900OJG,c:\Windows\System32\psisrndr.ax,Windows\System32,c,psisrndr.ax,ax,NT AUTHORITY\SYSTEM
WB900OJG,c:\Windows\System32\drivers\sffdisk.sys,Windows\System32\drivers,c,sffdisk.sys,sys,NT AUTHORITY\SYSTEM
WB900OJG,c:\Windows\System32\fontext.dll,Windows\System32,c,fontext.dll,dll,NT AUTHORITY\SYSTEM
WB900OJG,c:\Windows\System32\adsldp.dll,Windows\System32,c,adsldp.dll,dll,NT AUTHORITY\SYSTEM
WB900OJG,c:\Windows\System32\cryptext.dll,Windows\System32,c,cryptext.dll,dll,NT AUTHORITY\SYSTEM
WB900OJG,c:\Windows\System32\portabledeviceapi.dll,Windows\System32,c,portabledeviceapi.dll,dll,NT AUTHORITY\SYSTEM
WB900OJG,c:\Windows\System32\netcorehc.dll,Windows\System32,c,netcorehc.dll,dll,NT AUTHORITY\SYSTEM
WB900OJG,c:\Windows\System32\pnpxassoc.dll,Windows\System32,c,pnpxassoc.dll,dll,NT AUTHORITY\SYSTEM
WB900OJG,c:\Windows\System32\mfvdsp.dll,Windows\System32,c,mfvdsp.dll,dll,NT AUTHORITY\SYSTEM
WB900OJG,c:\program files\common files\McAfee\Platform\mcsvchost\McSvHVer.dll,program files\common files\McAfee\Platform\mcsvchost,c,McSvHVer.dll,dll,BUILTIN\Administrators
WB900OJG,c:\Windows\System32\iassdo.dll,Windows\System32,c,iassdo.dll,dll,NT AUTHORITY\SYSTEM
WB900OJG,c:\Program Files\McAfee\MQS\QCLite.dll,Program Files\McAfee\MQS,c,QCLite.dll,dll,BUILTIN\Administrators
WB900OJG,c:\Windows\System32\pngfilt.dll,Windows\System32,c,pngfilt.dll,dll,NT AUTHORITY\SYSTEM
WB900OJG,c:\Windows\SysWOW64\sti.dll,Windows\SysWOW64,c,sti.dll,dll,NT AUTHORITY\SYSTEM
WB900OJG,c:\Windows\System32\cryptsvc.dll,Windows\System32,c,cryptsvc.dll,dll,NT AUTHORITY\SYSTEM
WB900OJG,c:\Windows\System32\wdmaud.drv,Windows\System32,c,wdmaud.drv,drv,NT AUTHORITY\SYSTEM
WB900OJG,c:\Windows\System32\drivers\kbdclass.sys,Windows\System32\drivers,c,kbdclass.sys,sys,NT AUTHORITY\SYSTEM
WB900OJG,c:\Windows\System32\els.dll,Windows\System32,c,els.dll,dll,NT AUTHORITY\SYSTEM
WB900OJG,c:\Windows\System32\appidpolicyengineapi.dll,Windows\System32,c,appidpolicyengineapi.dll,dll,NT AUTHORITY\SYSTEM
WB900OJG,c:\Windows\System32\L2SecHC.dll,Windows\System32,c,L2SecHC.dll,dll,NT AUTHORITY\SYSTEM
WB900OJG,c:\Windows\SysWOW64\iyuv_32.dll,Windows\SysWOW64,c,iyuv_32.dll,dll,NT AUTHORITY\SYSTEM
WB900OJG,c:\Windows\System32\fde.dll,Windows\System32,c,fde.dll,dll,NT AUTHORITY\SYSTEM
WB900OJG,c:\program files\microsoft sql server\mssql14.sqlexpress\MSSQL\Binn\SQLAGENT.EXE,program files\microsoft sql server\mssql14.sqlexpress\MSSQL\Binn,c,SQLAGENT.EXE,EXE,NT AUTHORITY\SYSTEM
WB900OJG,c:\Windows\System32\fdWSD.dll,Windows\System32,c,fdWSD.dll,dll,NT AUTHORITY\SYSTEM
WB900OJG,c:\Windows\System32\dataclen.dll,Windows\System32,c,dataclen.dll,dll,NT AUTHORITY\SYSTEM
WB900OJG,c:\Windows\System32\autoplay.dll,Windows\System32,c,autoplay.dll,dll,NT AUTHORITY\SYSTEM
WB900OJG,c:\Windows\System32\IME\IMETC10\applets\IMTCSKF.dll,Windows\System32\IME\IMETC10\applets,c,IMTCSKF.dll,dll,NT AUTHORITY\SYSTEM
WB900OJG,c:\Windows\System32\catsrvps.dll,Windows\System32,c,catsrvps.dll,dll,NT AUTHORITY\SYSTEM
WB900OJG,c:\program files\windows media player\WMPNSSUI.dll,program files\windows media player,c,WMPNSSUI.dll,dll,NT SERVICE\TrustedInstaller
WB900OJG,c:\Windows\System32\dpapiprovider.dll,Windows\System32,c,dpapiprovider.dll,dll,NT AUTHORITY\SYSTEM
WB900OJG,c:\Program Files\McAfee\MQS\ShredExt.dll,Program Files\McAfee\MQS,c,ShredExt.dll,dll,BUILTIN\Administrators
WB900OJG,c:\Windows\System32\drivers\ksecdd.sys,Windows\System32\drivers,c,ksecdd.sys,sys,NT AUTHORITY\SYSTEM
WB900OJG,c:\Windows\System32\wscinterop.dll,Windows\System32,c,wscinterop.dll,dll,NT AUTHORITY\SYSTEM
WB900OJG,c:\Windows\System32\wiaaut.dll,Windows\System32,c,wiaaut.dll,dll,NT AUTHORITY\SYSTEM
WB900OJG,c:\Windows\System32\dmsynth.dll,Windows\System32,c,dmsynth.dll,dll,NT AUTHORITY\SYSTEM
WB900OJG,c:\Windows\System32\npmproxy.dll,Windows\System32,c,npmproxy.dll,dll,NT AUTHORITY\SYSTEM
WB900OJG,c:\Windows\SysWOW64\taskschd.dll,Windows\SysWOW64,c,taskschd.dll,dll,NT AUTHORITY\SYSTEM
WB900OJG,c:\Windows\SysWOW64\jscript.dll,Windows\SysWOW64,c,jscript.dll,dll,NT AUTHORITY\SYSTEM
WB900OJG,c:\Windows\System32\termmgr.dll,Windows\System32,c,termmgr.dll,dll,NT AUTHORITY\SYSTEM
WB900OJG,c:\Windows\System32\wpdwcn.dll,Windows\System32,c,wpdwcn.dll,dll,NT AUTHORITY\SYSTEM
WB900OJG,c:\Windows\System32\drivers\termdd.sys,Windows\System32\drivers,c,termdd.sys,sys,NT AUTHORITY\SYSTEM
WB900OJG,c:\Windows\System32\wbem\stdprov.dll,Windows\System32\wbem,c,stdprov.dll,dll,NT AUTHORITY\SYSTEM
WB900OJG,c:\Windows\System32\drivers\circlass.sys,Windows\System32\drivers,c,circlass.sys,sys,NT AUTHORITY\SYSTEM
WB900OJG,c:\Windows\System32\sensorsclassextension.dll,Windows\System32,c,sensorsclassextension.dll,dll,NT AUTHORITY\SYSTEM
WB900OJG,c:\Windows\System32\drivers\nwifi.sys,Windows\System32\drivers,c,nwifi.sys,sys,NT AUTHORITY\SYSTEM
WB900OJG,c:\Windows\SysWOW64\icardie.dll,Windows\SysWOW64,c,icardie.dll,dll,NT AUTHORITY\SYSTEM
WB900OJG,c:\Windows\System32\iscsiexe.dll,Windows\System32,c,iscsiexe.dll,dll,NT AUTHORITY\SYSTEM
WB900OJG,c:\Windows\System32\drivers\mountmgr.sys,Windows\System32\drivers,c,mountmgr.sys,sys,NT AUTHORITY\SYSTEM
WB900OJG,c:\Windows\System32\tquery.dll,Windows\System32,c,tquery.dll,dll,NT AUTHORITY\SYSTEM
WB900OJG,c:\Windows\System32\regsvr32.exe,Windows\System32,c,regsvr32.exe,exe,NT AUTHORITY\SYSTEM
WB900OJG,c:\Windows\SysWOW64\msscp.dll,Windows\SysWOW64,c,msscp.dll,dll,NT AUTHORITY\SYSTEM
WB900OJG,c:\Windows\System32\wbem\mofd.dll,Windows\System32\wbem,c,mofd.dll,dll,NT AUTHORITY\SYSTEM
WB900OJG,c:\Windows\System32\sdrsvc.dll,Windows\System32,c,sdrsvc.dll,dll,NT AUTHORITY\SYSTEM
WB900OJG,c:\Program Files\McAfee\VUL\McVulSI.dll,Program Files\McAfee\VUL,c,McVulSI.dll,dll,BUILTIN\Administrators
WB900OJG,c:\Windows\System32\auxiliarydisplayservices.dll,Windows\System32,c,auxiliarydisplayservices.dll,dll,NT AUTHORITY\SYSTEM
WB900OJG,c:\Program Files\McAfee\MSC\McSnIePl64.dll,Program Files\McAfee\MSC,c,McSnIePl64.dll,dll,BUILTIN\Administrators
WB900OJG,c:\Windows\System32\spoolsv.exe,Windows\System32,c,spoolsv.exe,exe,NT AUTHORITY\SYSTEM
WB900OJG,c:\Windows\System32\fdBth.dll,Windows\System32,c,fdBth.dll,dll,NT AUTHORITY\SYSTEM
WB900OJG,c:\Windows\System32\drivers\RDPCDD.sys,Windows\System32\drivers,c,RDPCDD.sys,sys,NT AUTHORITY\SYSTEM
WB900OJG,c:\Windows\System32\dnscmmc.dll,Windows\System32,c,dnscmmc.dll,dll,NT AUTHORITY\SYSTEM
WB900OJG,c:\Windows\System32\trkwks.dll,Windows\System32,c,trkwks.dll,dll,NT AUTHORITY\SYSTEM
WB900OJG,c:\Windows\System32\auxiliarydisplayapi.dll,Windows\System32,c,auxiliarydisplayapi.dll,dll,NT AUTHORITY\SYSTEM
WB900OJG,c:\Windows\SysWOW64\bitsprx6.dll,Windows\SysWOW64,c,bitsprx6.dll,dll,NT AUTHORITY\SYSTEM
WB900OJG,c:\Windows\System32\msdri.dll,Windows\System32,c,msdri.dll,dll,NT AUTHORITY\SYSTEM
WB900OJG,c:\Windows\System32\cabview.dll,Windows\System32,c,cabview.dll,dll,NT AUTHORITY\SYSTEM
WB900OJG,c:\Windows\System32\dmusic.dll,Windows\System32,c,dmusic.dll,dll,NT AUTHORITY\SYSTEM
WB900OJG,c:\Windows\System32\drivers\discache.sys,Windows\System32\drivers,c,discache.sys,sys,NT AUTHORITY\SYSTEM
WB900OJG,c:\Windows\SysWOW64\WMADMOE.DLL,Windows\SysWOW64,c,WMADMOE.DLL,DLL,NT AUTHORITY\SYSTEM
WB900OJG,c:\Windows\System32\AudioEng.dll,Windows\System32,c,AudioEng.dll,dll,NT AUTHORITY\SYSTEM
WB900OJG,c:\Windows\System32\drivers\disk.sys,Windows\System32\drivers,c,disk.sys,sys,NT AUTHORITY\SYSTEM
WB900OJG,c:\Windows\System32\IME\shared\IMETIP.DLL,Windows\System32\IME\shared,c,IMETIP.DLL,DLL,NT AUTHORITY\SYSTEM
WB900OJG,c:\Windows\SysWOW64\LAPRXY.DLL,Windows\SysWOW64,c,LAPRXY.DLL,DLL,NT AUTHORITY\SYSTEM
WB900OJG,c:\Windows\System32\IME\imekr8\imkrtip.dll,Windows\System32\IME\imekr8,c,imkrtip.dll,dll,NT AUTHORITY\SYSTEM
WB900OJG,c:\Windows\System32\rascfg.dll,Windows\System32,c,rascfg.dll,dll,NT AUTHORITY\SYSTEM
WB900OJG,c:\Windows\System32\drivers\vmbus.sys,Windows\System32\drivers,c,vmbus.sys,sys,NT AUTHORITY\SYSTEM
WB900OJG,c:\Windows\System32\windowscodecsext.dll,Windows\System32,c,windowscodecsext.dll,dll,NT AUTHORITY\SYSTEM
WB900OJG,C:\Windows\system32,Windows\system32,C,,,NT AUTHORITY\SYSTEM
WB900OJG,c:\Windows\SysWOW64\msjtes40.dll,Windows\SysWOW64,c,msjtes40.dll,dll,NT AUTHORITY\SYSTEM
WB900OJG,c:\Windows\System32\wincredprovider.dll,Windows\System32,c,wincredprovider.dll,dll,NT AUTHORITY\SYSTEM
WB900OJG,c:\Windows\System32\drivers\ULIAGPKX.SYS,Windows\System32\drivers,c,ULIAGPKX.SYS,SYS,NT AUTHORITY\SYSTEM
WB900OJG,c:\Windows\System32\pnpxassocprx.dll,Windows\System32,c,pnpxassocprx.dll,dll,NT AUTHORITY\SYSTEM
WB900OJG,c:\Windows\System32\drivers\volmgrx.sys,Windows\System32\drivers,c,volmgrx.sys,sys,NT AUTHORITY\SYSTEM
WB900OJG,c:\Windows\System32\wsecedit.dll,Windows\System32,c,wsecedit.dll,dll,NT AUTHORITY\SYSTEM
WB900OJG,c:\Windows\SysWOW64\Setup\pbkmigr.dll,Windows\SysWOW64\Setup,c,pbkmigr.dll,dll,NT AUTHORITY\SYSTEM
WB900OJG,c:\Windows\System32\drivers\adpu320.sys,Windows\System32\drivers,c,adpu320.sys,sys,NT AUTHORITY\SYSTEM
WB900OJG,c:\Windows\System32\mprdim.dll,Windows\System32,c,mprdim.dll,dll,NT AUTHORITY\SYSTEM
WB900OJG,c:\Windows\System32\appinfo.dll,Windows\System32,c,appinfo.dll,dll,NT AUTHORITY\SYSTEM
WB900OJG,c:\Windows\SysWOW64\inseng.dll,Windows\SysWOW64,c,inseng.dll,dll,NT AUTHORITY\SYSTEM
WB900OJG,c:\Windows\System32\drivers\dxgkrnl.sys,Windows\System32\drivers,c,dxgkrnl.sys,sys,NT AUTHORITY\SYSTEM
WB900OJG,c:\Windows\System32\lsmproxy.dll,Windows\System32,c,lsmproxy.dll,dll,NT AUTHORITY\SYSTEM
WB900OJG,c:\Windows\System32\VSSVC.exe,Windows\System32,c,VSSVC.exe,exe,NT AUTHORITY\SYSTEM
WB900OJG,c:\Windows\System32\msrahc.dll,Windows\System32,c,msrahc.dll,dll,NT AUTHORITY\SYSTEM
WB900OJG,c:\Windows\SysWOW64\cpfilters.dll,Windows\SysWOW64,c,cpfilters.dll,dll,NT AUTHORITY\SYSTEM
WB900OJG,c:\Windows\System32\es.dll,Windows\System32,c,es.dll,dll,NT AUTHORITY\SYSTEM
WB900OJG,c:\Windows\System32\dxpps.dll,Windows\System32,c,dxpps.dll,dll,NT AUTHORITY\SYSTEM
WB900OJG,c:\Windows\System32\dimsjob.dll,Windows\System32,c,dimsjob.dll,dll,NT AUTHORITY\SYSTEM
WB900OJG,c:\Windows\System32\drivers\errdev.sys,Windows\System32\drivers,c,errdev.sys,sys,NT AUTHORITY\SYSTEM
WB900OJG,c:\Windows\System32\drivers\bxvbda.sys,Windows\System32\drivers,c,bxvbda.sys,sys,NT AUTHORITY\SYSTEM
WB900OJG,c:\Windows\System32\mpeg2data.ax,Windows\System32,c,mpeg2data.ax,ax,NT AUTHORITY\SYSTEM
WB900OJG,c:\Windows\SysWOW64\Display.dll,Windows\SysWOW64,c,Display.dll,dll,NT AUTHORITY\SYSTEM
WB900OJG,c:\Windows\System32\printisolationproxy.dll,Windows\System32,c,printisolationproxy.dll,dll,NT AUTHORITY\SYSTEM
WB900OJG,c:\program files\windows media player\wmpnetwk.exe,program files\windows media player,c,wmpnetwk.exe,exe,NT SERVICE\TrustedInstaller
WB900OJG,c:\program files\McAfee\MfeAV\mcctxmnu.dll,program files\McAfee\MfeAV,c,mcctxmnu.dll,dll,BUILTIN\Administrators
WB900OJG,c:\Windows\System32\filemgmt.dll,Windows\System32,c,filemgmt.dll,dll,NT AUTHORITY\SYSTEM
WB900OJG,c:\Windows\System32\xmlfilter.dll,Windows\System32,c,xmlfilter.dll,dll,NT AUTHORITY\SYSTEM
WB900OJG,c:\Windows\System32\msmpeg2adec.dll,Windows\System32,c,msmpeg2adec.dll,dll,NT AUTHORITY\SYSTEM
WB900OJG,c:\Windows\SysWOW64\actxprxy.dll,Windows\SysWOW64,c,actxprxy.dll,dll,NT AUTHORITY\SYSTEM
WB900OJG,c:\Windows\System32\iasads.dll,Windows\System32,c,iasads.dll,dll,NT AUTHORITY\SYSTEM
WB900OJG,c:\Windows\System32\cscui.dll,Windows\System32,c,cscui.dll,dll,NT AUTHORITY\SYSTEM
WB900OJG,c:\Windows\System32\drivers\fileinfo.sys,Windows\System32\drivers,c,fileinfo.sys,sys,NT AUTHORITY\SYSTEM
WB900OJG,c:\Windows\System32\certcredprovider.dll,Windows\System32,c,certcredprovider.dll,dll,NT AUTHORITY\SYSTEM
WB900OJG,c:\Windows\System32\drivers\tdtcp.sys,Windows\System32\drivers,c,tdtcp.sys,sys,NT AUTHORITY\SYSTEM
WB900OJG,c:\Windows\SysWOW64\Setup\rasmigplugin.dll,Windows\SysWOW64\Setup,c,rasmigplugin.dll,dll,NT AUTHORITY\SYSTEM
WB900OJG,c:\Windows\System32\infocardapi.dll,Windows\System32,c,infocardapi.dll,dll,NT AUTHORITY\SYSTEM
WB900OJG,c:\Windows\System32\msctfui.dll,Windows\System32,c,msctfui.dll,dll,NT AUTHORITY\SYSTEM
WB900OJG,C:\Windows\SysWOW64\systempropertiesperformance.exe,Windows\SysWOW64,C,systempropertiesperformance.exe,exe,NT AUTHORITY\SYSTEM
WB900OJG,c:\Windows\System32\dnsrslvr.dll,Windows\System32,c,dnsrslvr.dll,dll,NT AUTHORITY\SYSTEM
WB900OJG,c:\program files\McAfee\MPF\MpfSvc.dll,program files\McAfee\MPF,c,MpfSvc.dll,dll,BUILTIN\Administrators
WB900OJG,c:\Windows\System32\wmdmps.dll,Windows\System32,c,wmdmps.dll,dll,NT AUTHORITY\SYSTEM
WB900OJG,c:\Windows\System32\fdPnp.dll,Windows\System32,c,fdPnp.dll,dll,NT AUTHORITY\SYSTEM
WB900OJG,c:\program files\common files\McAfee\ActWiz\McAWFwk.exe,program files\common files\McAfee\ActWiz,c,McAWFwk.exe,exe,BUILTIN\Administrators
WB900OJG,C:\Windows\System32\comdlg32.dll,Windows\System32,C,comdlg32.dll,dll,NT AUTHORITY\SYSTEM
WB900OJG,c:\Windows\System32\lltdapi.dll,Windows\System32,c,lltdapi.dll,dll,NT AUTHORITY\SYSTEM
WB900OJG,c:\Windows\System32\wbem\WMIsvc.dll,Windows\System32\wbem,c,WMIsvc.dll,dll,NT AUTHORITY\SYSTEM
WB900OJG,c:\Windows\System32\licmgr10.dll,Windows\System32,c,licmgr10.dll,dll,NT AUTHORITY\SYSTEM
WB900OJG,c:\Windows\SysWOW64\portabledeviceclassextension.dll,Windows\SysWOW64,c,portabledeviceclassextension.dll,dll,NT AUTHORITY\SYSTEM
WB900OJG,c:\Windows\SysWOW64\kstvtune.ax,Windows\SysWOW64,c,kstvtune.ax,ax,NT AUTHORITY\SYSTEM
WB900OJG,c:\Windows\System32\cdosys.dll,Windows\System32,c,cdosys.dll,dll,NT AUTHORITY\SYSTEM
WB900OJG,c:\Windows\SysWOW64\wdmaud.drv,Windows\SysWOW64,c,wdmaud.drv,drv,NT AUTHORITY\SYSTEM
WB900OJG,c:\Windows\System32\diskcopy.dll,Windows\System32,c,diskcopy.dll,dll,NT AUTHORITY\SYSTEM
WB900OJG,c:\Windows\System32\AltTab.dll,Windows\System32,c,AltTab.dll,dll,NT AUTHORITY\SYSTEM
WB900OJG,c:\Windows\System32\wlansvc.dll,Windows\System32,c,wlansvc.dll,dll,NT AUTHORITY\SYSTEM
WB900OJG,c:\Windows\System32\drivers\intelide.sys,Windows\System32\drivers,c,intelide.sys,sys,NT AUTHORITY\SYSTEM
WB900OJG,c:\Windows\System32\MSVidCtl.dll,Windows\System32,c,MSVidCtl.dll,dll,NT AUTHORITY\SYSTEM
WB900OJG,c:\Windows\System32\usercpl.dll,Windows\System32,c,usercpl.dll,dll,NT AUTHORITY\SYSTEM
WB900OJG,c:\Windows\System32\gpsvc.dll,Windows\System32,c,gpsvc.dll,dll,NT AUTHORITY\SYSTEM
WB900OJG,c:\program files\McAfee\webadvisor\x64\ieplugin.dll,program files\McAfee\webadvisor\x64,c,ieplugin.dll,dll,BUILTIN\Administrators
WB900OJG,C:\Program Files\Common Files\Microsoft Shared\ink\IpsPlugin.dll,Program Files\Common Files\Microsoft Shared\ink,C,IpsPlugin.dll,dll,NT AUTHORITY\SYSTEM
WB900OJG,c:\Windows\System32\wsdprintproxy.dll,Windows\System32,c,wsdprintproxy.dll,dll,NT AUTHORITY\SYSTEM
WB900OJG,c:\Windows\System32\wbem\WMIPIPRT.dll,Windows\System32\wbem,c,WMIPIPRT.dll,dll,NT AUTHORITY\SYSTEM
WB900OJG,c:\Windows\System32\systemcpl.dll,Windows\System32,c,systemcpl.dll,dll,NT AUTHORITY\SYSTEM
WB900OJG,c:\Windows\System32\bthmtpcontexthandler.dll,Windows\System32,c,bthmtpcontexthandler.dll,dll,NT AUTHORITY\SYSTEM
WB900OJG,c:\Windows\System32\iasdatastore.dll,Windows\System32,c,iasdatastore.dll,dll,NT AUTHORITY\SYSTEM
WB900OJG,c:\Windows\System32\drivers\mouclass.sys,Windows\System32\drivers,c,mouclass.sys,sys,NT AUTHORITY\SYSTEM
WB900OJG,c:\Windows\System32\pid.dll,Windows\System32,c,pid.dll,dll,NT AUTHORITY\SYSTEM
WB900OJG,c:\Windows\SysWOW64\dinput.dll,Windows\SysWOW64,c,dinput.dll,dll,NT AUTHORITY\SYSTEM
WB900OJG,c:\Windows\System32\sppsvc.exe,Windows\System32,c,sppsvc.exe,exe,NT AUTHORITY\SYSTEM
WB900OJG,c:\Windows\System32\qwave.dll,Windows\System32,c,qwave.dll,dll,NT AUTHORITY\SYSTEM
WB900OJG,c:\Windows\System32\drivers\vgapnp.sys,Windows\System32\drivers,c,vgapnp.sys,sys,NT AUTHORITY\SYSTEM
WB900OJG,c:\Windows\System32\fdSSDP.dll,Windows\System32,c,fdSSDP.dll,dll,NT AUTHORITY\SYSTEM
WB900OJG,c:\Windows\System32\icardie.dll,Windows\System32,c,icardie.dll,dll,NT AUTHORITY\SYSTEM
WB900OJG,c:\Windows\System32\WMNetMgr.dll,Windows\System32,c,WMNetMgr.dll,dll,NT AUTHORITY\SYSTEM
WB900OJG,c:\Windows\SysWOW64\qedit.dll,Windows\SysWOW64,c,qedit.dll,dll,NT AUTHORITY\SYSTEM
WB900OJG,c:\Windows\System32\bcdsrv.dll,Windows\System32,c,bcdsrv.dll,dll,NT AUTHORITY\SYSTEM
WB900OJG,c:\Windows\SysWOW64\dinput8.dll,Windows\SysWOW64,c,dinput8.dll,dll,NT AUTHORITY\SYSTEM
WB900OJG,c:\Program Files\McAfee\MSC\RprtShm.dll,Program Files\McAfee\MSC,c,RprtShm.dll,dll,BUILTIN\Administrators
WB900OJG,c:\Windows\System32\wbem\racwmiprov.dll,Windows\System32\wbem,c,racwmiprov.dll,dll,NT AUTHORITY\SYSTEM
WB900OJG,C:\Windows\System32\usp10.dll,Windows\System32,C,usp10.dll,dll,NT AUTHORITY\SYSTEM
WB900OJG,c:\Windows\System32\DHCPQEC.DLL,Windows\System32,c,DHCPQEC.DLL,DLL,NT AUTHORITY\SYSTEM
WB900OJG,c:\Windows\System32\drivers\storvsc.sys,Windows\System32\drivers,c,storvsc.sys,sys,NT AUTHORITY\SYSTEM
WB900OJG,c:\Windows\System32\drivers\hcw85cir.sys,Windows\System32\drivers,c,hcw85cir.sys,sys,NT AUTHORITY\SYSTEM
WB900OJG,c:\Windows\System32\wbem\wmiperfclass.dll,Windows\System32\wbem,c,wmiperfclass.dll,dll,NT AUTHORITY\SYSTEM
WB900OJG,c:\Windows\SysWOW64\taskschdps.dll,Windows\SysWOW64,c,taskschdps.dll,dll,NT AUTHORITY\SYSTEM
WB900OJG,c:\Windows\System32\softkbd.dll,Windows\System32,c,softkbd.dll,dll,NT AUTHORITY\SYSTEM
WB900OJG,c:\program files\common files\McAfee\clientanalytics\Legacy\mcclientanalytics.exe,program files\common files\McAfee\clientanalytics\Legacy,c,mcclientanalytics.exe,exe,BUILTIN\Administrators
WB900OJG,c:\Windows\System32\drivers\elxstor.sys,Windows\System32\drivers,c,elxstor.sys,sys,NT AUTHORITY\SYSTEM
WB900OJG,c:\Windows\System32\drivers\partmgr.sys,Windows\System32\drivers,c,partmgr.sys,sys,NT AUTHORITY\SYSTEM
WB900OJG,c:\Windows\System32\IME\IMEJP10\APPLETS\IMJPCLST.DLL,Windows\System32\IME\IMEJP10\APPLETS,c,IMJPCLST.DLL,DLL,NT AUTHORITY\SYSTEM
WB900OJG,c:\Windows\System32\colbact.dll,Windows\System32,c,colbact.dll,dll,NT AUTHORITY\SYSTEM
WB900OJG,c:\Windows\System32\drivers\amdk8.sys,Windows\System32\drivers,c,amdk8.sys,sys,NT AUTHORITY\SYSTEM
WB900OJG,c:\Program Files\Common Files\McAfee\ModuleCore\McDspBridge.dll,Program Files\Common Files\McAfee\ModuleCore,c,McDspBridge.dll,dll,BUILTIN\Administrators
WB900OJG,c:\Windows\SysWOW64\dxdiagn.dll,Windows\SysWOW64,c,dxdiagn.dll,dll,NT AUTHORITY\SYSTEM
WB900OJG,c:\Windows\ehome\ehdrop.dll,Windows\ehome,c,ehdrop.dll,dll,NT AUTHORITY\SYSTEM
WB900OJG,c:\Windows\System32\drivers\rasacd.sys,Windows\System32\drivers,c,rasacd.sys,sys,NT AUTHORITY\SYSTEM
WB900OJG,c:\Windows\System32\mpg2splt.ax,Windows\System32,c,mpg2splt.ax,ax,NT AUTHORITY\SYSTEM
WB900OJG,c:\Windows\System32\thawbrkr.dll,Windows\System32,c,thawbrkr.dll,dll,NT AUTHORITY\SYSTEM
WB900OJG,c:\Windows\ehome\ehsched.exe,Windows\ehome,c,ehsched.exe,exe,NT AUTHORITY\SYSTEM
WB900OJG,c:\Windows\System32\shpafact.dll,Windows\System32,c,shpafact.dll,dll,NT AUTHORITY\SYSTEM
WB900OJG,c:\Windows\System32\MSAC3ENC.DLL,Windows\System32,c,MSAC3ENC.DLL,DLL,NT AUTHORITY\SYSTEM
WB900OJG,c:\Windows\SysWOW64\l2nacp.dll,Windows\SysWOW64,c,l2nacp.dll,dll,NT AUTHORITY\SYSTEM
WB900OJG,c:\Windows\System32\Display.dll,Windows\System32,c,Display.dll,dll,NT AUTHORITY\SYSTEM
WB900OJG,C:\Windows\SysWOW64\ddraw.dll,Windows\SysWOW64,C,ddraw.dll,dll,NT AUTHORITY\SYSTEM
WB900OJG,c:\Windows\System32\NapiNSP.dll,Windows\System32,c,NapiNSP.dll,dll,NT AUTHORITY\SYSTEM
WB900OJG,c:\Windows\SysWOW64\ie4uinit.exe,Windows\SysWOW64,c,ie4uinit.exe,exe,NT AUTHORITY\SYSTEM
WB900OJG,c:\Windows\ehome\mcx2filter.dll,Windows\ehome,c,mcx2filter.dll,dll,NT AUTHORITY\SYSTEM
WB900OJG,c:\Windows\System32\regsvc.dll,Windows\System32,c,regsvc.dll,dll,NT AUTHORITY\SYSTEM
WB900OJG,c:\Windows\SysWOW64\fdPnp.dll,Windows\SysWOW64,c,fdPnp.dll,dll,NT AUTHORITY\SYSTEM
WB900OJG,c:\Windows\System32\dispex.dll,Windows\System32,c,dispex.dll,dll,NT AUTHORITY\SYSTEM
WB900OJG,c:\Program Files\McAfee\MPS\mpsevh.dll,Program Files\McAfee\MPS,c,mpsevh.dll,dll,BUILTIN\Administrators
WB900OJG,c:\Windows\System32\FXSCOMEX.dll,Windows\System32,c,FXSCOMEX.dll,dll,NT AUTHORITY\SYSTEM
WB900OJG,c:\Windows\System32\poqexec.exe,Windows\System32,c,poqexec.exe,exe,NT AUTHORITY\SYSTEM
WB900OJG,c:\Windows\System32\umrdp.dll,Windows\System32,c,umrdp.dll,dll,NT AUTHORITY\SYSTEM
WB900OJG,c:\Windows\System32\drivers\usbehci.sys,Windows\System32\drivers,c,usbehci.sys,sys,NT AUTHORITY\SYSTEM
WB900OJG,c:\Windows\SysWOW64\wbem\win32_tpm.dll,Windows\SysWOW64\wbem,c,win32_tpm.dll,dll,NT AUTHORITY\SYSTEM
WB900OJG,c:\Windows\System32\com\comadmin.dll,Windows\System32\com,c,comadmin.dll,dll,NT AUTHORITY\SYSTEM
WB900OJG,c:\Windows\System32\srpuxnativesnapin.dll,Windows\System32,c,srpuxnativesnapin.dll,dll,NT AUTHORITY\SYSTEM
WB900OJG,c:\Windows\System32\drivers\vwifibus.sys,Windows\System32\drivers,c,vwifibus.sys,sys,NT AUTHORITY\SYSTEM
WB900OJG,c:\Windows\System32\drivers\rasl2tp.sys,Windows\System32\drivers,c,rasl2tp.sys,sys,NT AUTHORITY\SYSTEM
WB900OJG,c:\Windows\System32\IKEEXT.DLL,Windows\System32,c,IKEEXT.DLL,DLL,NT AUTHORITY\SYSTEM
WB900OJG,c:\Windows\SysWOW64\webcheck.dll,Windows\SysWOW64,c,webcheck.dll,dll,NT AUTHORITY\SYSTEM
WB900OJG,c:\Windows\System32\drivers\mouhid.sys,Windows\System32\drivers,c,mouhid.sys,sys,NT AUTHORITY\SYSTEM
WB900OJG,c:\Windows\SysWOW64\bitsprx2.dll,Windows\SysWOW64,c,bitsprx2.dll,dll,NT AUTHORITY\SYSTEM
WB900OJG,c:\Windows\SysWOW64\objsel.dll,Windows\SysWOW64,c,objsel.dll,dll,NT AUTHORITY\SYSTEM
WB900OJG,c:\Windows\System32\comuid.dll,Windows\System32,c,comuid.dll,dll,NT AUTHORITY\SYSTEM
WB900OJG,c:\Windows\System32\qasf.dll,Windows\System32,c,qasf.dll,dll,NT AUTHORITY\SYSTEM
WB900OJG,c:\Windows\ehome\mfcongestioncontroller.dll,Windows\ehome,c,mfcongestioncontroller.dll,dll,NT AUTHORITY\SYSTEM
WB900OJG,c:\Windows\ehome\ehReplay.dll,Windows\ehome,c,ehReplay.dll,dll,NT AUTHORITY\SYSTEM
WB900OJG,c:\Windows\System32\drivers\terminpt.sys,Windows\System32\drivers,c,terminpt.sys,sys,NT AUTHORITY\SYSTEM
WB900OJG,c:\Windows\System32\msacm32.drv,Windows\System32,c,msacm32.drv,drv,NT AUTHORITY\SYSTEM
WB900OJG,c:\Windows\System32\msg711.acm,Windows\System32,c,msg711.acm,acm,NT AUTHORITY\SYSTEM
WB900OJG,c:\program files\McAfee\webadvisor\win32\ieplugin.dll,program files\McAfee\webadvisor\win32,c,ieplugin.dll,dll,BUILTIN\Administrators
WB900OJG,c:\Windows\System32\wbem\SMTPCons.dll,Windows\System32\wbem,c,SMTPCons.dll,dll,NT AUTHORITY\SYSTEM
WB900OJG,c:\program files\McAfee\MfeAV\McVsPs.dll,program files\McAfee\MfeAV,c,McVsPs.dll,dll,BUILTIN\Administrators
WB900OJG,c:\Windows\SysWOW64\wpdwcn.dll,Windows\SysWOW64,c,wpdwcn.dll,dll,NT AUTHORITY\SYSTEM
WB900OJG,c:\Windows\System32\smbhelperclass.dll,Windows\System32,c,smbhelperclass.dll,dll,NT AUTHORITY\SYSTEM
WB900OJG,c:\Windows\System32\puiobj.dll,Windows\System32,c,puiobj.dll,dll,NT AUTHORITY\SYSTEM
WB900OJG,c:\Windows\SysWOW64\COLORCNV.DLL,Windows\SysWOW64,c,COLORCNV.DLL,DLL,NT AUTHORITY\SYSTEM
WB900OJG,c:\Windows\System32\sdiageng.dll,Windows\System32,c,sdiageng.dll,dll,NT AUTHORITY\SYSTEM
WB900OJG,c:\Windows\System32\azroleui.dll,Windows\System32,c,azroleui.dll,dll,NT AUTHORITY\SYSTEM
WB900OJG,c:\Windows\System32\shacct.dll,Windows\System32,c,shacct.dll,dll,NT AUTHORITY\SYSTEM
WB900OJG,c:\program files\McAfee\MfeAV\AMSIExt.dll,program files\McAfee\MfeAV,c,AMSIExt.dll,dll,BUILTIN\Administrators
WB900OJG,c:\Windows\System32\rundll32.exe,Windows\System32,c,rundll32.exe,exe,NT AUTHORITY\SYSTEM
WB900OJG,c:\Windows\ehome\mcplayer.dll,Windows\ehome,c,mcplayer.dll,dll,NT AUTHORITY\SYSTEM
WB900OJG,c:\Windows\System32\sxsstore.dll,Windows\System32,c,sxsstore.dll,dll,NT AUTHORITY\SYSTEM
WB900OJG,c:\Windows\System32\TabSvc.dll,Windows\System32,c,TabSvc.dll,dll,NT AUTHORITY\SYSTEM
WB900OJG,c:\Windows\System32\drivers\vboxmouse.sys,Windows\System32\drivers,c,vboxmouse.sys,sys,NT AUTHORITY\SYSTEM
WB900OJG,c:\Windows\ehome\ehskb.dll,Windows\ehome,c,ehskb.dll,dll,NT AUTHORITY\SYSTEM
WB900OJG,c:\Windows\System32\mswmdm.dll,Windows\System32,c,mswmdm.dll,dll,NT AUTHORITY\SYSTEM
WB900OJG,c:\Windows\System32\wiavideo.dll,Windows\System32,c,wiavideo.dll,dll,NT AUTHORITY\SYSTEM
WB900OJG,c:\Windows\System32\QUTIL.DLL,Windows\System32,c,QUTIL.DLL,DLL,NT AUTHORITY\SYSTEM
WB900OJG,c:\Windows\System32\psisdecd.dll,Windows\System32,c,psisdecd.dll,dll,NT AUTHORITY\SYSTEM
WB900OJG,c:\Windows\SysWOW64\mpeg2data.ax,Windows\SysWOW64,c,mpeg2data.ax,ax,NT AUTHORITY\SYSTEM
WB900OJG,c:\Windows\System32\wbem\vdswmi.dll,Windows\System32\wbem,c,vdswmi.dll,dll,NT AUTHORITY\SYSTEM
WB900OJG,c:\Windows\SysWOW64\qdv.dll,Windows\SysWOW64,c,qdv.dll,dll,NT AUTHORITY\SYSTEM
WB900OJG,c:\Windows\System32\DiagCpl.dll,Windows\System32,c,DiagCpl.dll,dll,NT AUTHORITY\SYSTEM
WB900OJG,c:\Windows\System32\dot3svc.dll,Windows\System32,c,dot3svc.dll,dll,NT AUTHORITY\SYSTEM
WB900OJG,c:\Windows\System32\msyuv.dll,Windows\System32,c,msyuv.dll,dll,NT AUTHORITY\SYSTEM
WB900OJG,c:\Windows\System32\credui.dll,Windows\System32,c,credui.dll,dll,NT AUTHORITY\SYSTEM
WB900OJG,c:\Windows\System32\printui.dll,Windows\System32,c,printui.dll,dll,NT AUTHORITY\SYSTEM
WB900OJG,c:\Windows\System32\drivers\cdfs.sys,Windows\System32\drivers,c,cdfs.sys,sys,NT AUTHORITY\SYSTEM
WB900OJG,c:\Program Files\Common Files\McAfee\MHN\HomeNetVer.dll,Program Files\Common Files\McAfee\MHN,c,HomeNetVer.dll,dll,BUILTIN\Administrators
WB900OJG,c:\Windows\SysWOW64\Speech\SpeechUX\speechuxps.dll,Windows\SysWOW64\Speech\SpeechUX,c,speechuxps.dll,dll,NT AUTHORITY\SYSTEM
WB900OJG,c:\Windows\System32\sppwmi.dll,Windows\System32,c,sppwmi.dll,dll,NT AUTHORITY\SYSTEM
WB900OJG,c:\Windows\System32\stclient.dll,Windows\System32,c,stclient.dll,dll,NT AUTHORITY\SYSTEM
WB900OJG,c:\Program Files\Common Files\McAfee\UPDMGR\6.4.134.1\mcupdagent.dll,Program Files\Common Files\McAfee\UPDMGR\6.4.134.1,c,mcupdagent.dll,dll,BUILTIN\Administrators
WB900OJG,c:\Windows\System32\certenc.dll,Windows\System32,c,certenc.dll,dll,NT AUTHORITY\SYSTEM
WB900OJG,C:\Windows\syswow64,Windows\syswow64,C,,,NT AUTHORITY\SYSTEM
WB900OJG,c:\Windows\System32\drivers\blbdrive.sys,Windows\System32\drivers,c,blbdrive.sys,sys,NT AUTHORITY\SYSTEM
WB900OJG,c:\Windows\System32\profsvc.dll,Windows\System32,c,profsvc.dll,dll,NT AUTHORITY\SYSTEM
WB900OJG,c:\Windows\System32\propsys.dll,Windows\System32,c,propsys.dll,dll,NT AUTHORITY\SYSTEM
WB900OJG,c:\Windows\System32\zipfldr.dll,Windows\System32,c,zipfldr.dll,dll,NT AUTHORITY\SYSTEM
WB900OJG,c:\Windows\System32\netshell.dll,Windows\System32,c,netshell.dll,dll,NT AUTHORITY\SYSTEM
WB900OJG,c:\Windows\System32\deskadp.dll,Windows\System32,c,deskadp.dll,dll,NT AUTHORITY\SYSTEM
WB900OJG,c:\Windows\System32\imgutil.dll,Windows\System32,c,imgutil.dll,dll,NT AUTHORITY\SYSTEM
WB900OJG,c:\Windows\SysWOW64\WMVSENCD.DLL,Windows\SysWOW64,c,WMVSENCD.DLL,DLL,NT AUTHORITY\SYSTEM
WB900OJG,C:\Windows\System32\advapi32.dll,Windows\System32,C,advapi32.dll,dll,NT AUTHORITY\SYSTEM
WB900OJG,c:\Program Files\McAfee\MSC\McLogShm.dll,Program Files\McAfee\MSC,c,McLogShm.dll,dll,BUILTIN\Administrators
WB900OJG,c:\Windows\SysWOW64\infocardapi.dll,Windows\SysWOW64,c,infocardapi.dll,dll,NT AUTHORITY\SYSTEM
WB900OJG,c:\Program Files\McAfee\MPF\MPFOEM.dll,Program Files\McAfee\MPF,c,MPFOEM.dll,dll,BUILTIN\Administrators
WB900OJG,c:\Windows\System32\DDORes.dll,Windows\System32,c,DDORes.dll,dll,NT AUTHORITY\SYSTEM
WB900OJG,c:\Windows\SysWOW64\ipbusenumproxy.dll,Windows\SysWOW64,c,ipbusenumproxy.dll,dll,NT AUTHORITY\SYSTEM
WB900OJG,c:\Windows\System32\useraccountcontrolsettings.dll,Windows\System32,c,useraccountcontrolsettings.dll,dll,NT AUTHORITY\SYSTEM
WB900OJG,c:\Windows\System32\explorerframe.dll,Windows\System32,c,explorerframe.dll,dll,NT AUTHORITY\SYSTEM
WB900OJG,c:\Windows\System32\sdshext.dll,Windows\System32,c,sdshext.dll,dll,NT AUTHORITY\SYSTEM
WB900OJG,c:\Windows\System32\biocredprov.dll,Windows\System32,c,biocredprov.dll,dll,NT AUTHORITY\SYSTEM
WB900OJG,c:\Windows\System32\drivers\rdyboost.sys,Windows\System32\drivers,c,rdyboost.sys,sys,NT AUTHORITY\SYSTEM
WB900OJG,c:\Windows\SysWOW64\wiascanprofiles.dll,Windows\SysWOW64,c,wiascanprofiles.dll,dll,NT AUTHORITY\SYSTEM
WB900OJG,c:\Windows\System32\certcli.dll,Windows\System32,c,certcli.dll,dll,NT AUTHORITY\SYSTEM
WB900OJG,c:\Windows\SysWOW64\wmpeffects.dll,Windows\SysWOW64,c,wmpeffects.dll,dll,NT AUTHORITY\SYSTEM
WB900OJG,c:\Windows\System32\wpcumi.dll,Windows\System32,c,wpcumi.dll,dll,NT AUTHORITY\SYSTEM
WB900OJG,c:\Windows\System32\mfds.dll,Windows\System32,c,mfds.dll,dll,NT AUTHORITY\SYSTEM
WB900OJG,c:\Windows\microsoft.net\framework\v4.0.30319\WPF\PenIMC.dll,Windows\microsoft.net\framework\v4.0.30319\WPF,c,PenIMC.dll,dll,NT AUTHORITY\SYSTEM
WB900OJG,c:\Windows\System32\dxptaskringtone.dll,Windows\System32,c,dxptaskringtone.dll,dll,NT AUTHORITY\SYSTEM
WB900OJG,C:\Program Files\Common Files\Microsoft Shared\ink\rtscom.dll,Program Files\Common Files\Microsoft Shared\ink,C,rtscom.dll,dll,NT AUTHORITY\SYSTEM
WB900OJG,c:\Windows\System32\gcdef.dll,Windows\System32,c,gcdef.dll,dll,NT AUTHORITY\SYSTEM
WB900OJG,c:\Windows\System32\wiadefui.dll,Windows\System32,c,wiadefui.dll,dll,NT AUTHORITY\SYSTEM
WB900OJG,c:\Windows\servicing\wrpintapi.dll,Windows\servicing,c,wrpintapi.dll,dll,NT AUTHORITY\SYSTEM
WB900OJG,c:\Windows\System32\drivers\sffp_mmc.sys,Windows\System32\drivers,c,sffp_mmc.sys,sys,NT AUTHORITY\SYSTEM
WB900OJG,c:\Windows\System32\drivers\hidusb.sys,Windows\System32\drivers,c,hidusb.sys,sys,NT AUTHORITY\SYSTEM
WB900OJG,c:\program files\common files\McAfee\CSP\2.9.175.0\mccspcoreps.dll,program files\common files\McAfee\CSP\2.9.175.0,c,mccspcoreps.dll,dll,BUILTIN\Administrators
WB900OJG,c:\Windows\System32\dskquoui.dll,Windows\System32,c,dskquoui.dll,dll,NT AUTHORITY\SYSTEM
WB900OJG,c:\Windows\System32\mssha.dll,Windows\System32,c,mssha.dll,dll,NT AUTHORITY\SYSTEM
WB900OJG,c:\Windows\System32\drivers\RDPREFMP.sys,Windows\System32\drivers,c,RDPREFMP.sys,sys,NT AUTHORITY\SYSTEM
WB900OJG,c:\Windows\System32\iasnap.dll,Windows\System32,c,iasnap.dll,dll,NT AUTHORITY\SYSTEM
WB900OJG,c:\Windows\System32\EAPQEC.DLL,Windows\System32,c,EAPQEC.DLL,DLL,NT AUTHORITY\SYSTEM
WB900OJG,C:\Windows\SysWOW64\dplayx.dll,Windows\SysWOW64,C,dplayx.dll,dll,NT AUTHORITY\SYSTEM
WB900OJG,c:\Windows\System32\spool\tools\printbrmps.dll,Windows\System32\spool\tools,c,printbrmps.dll,dll,NT AUTHORITY\SYSTEM
WB900OJG,c:\Windows\System32\wbem\dsprov.dll,Windows\System32\wbem,c,dsprov.dll,dll,NT AUTHORITY\SYSTEM
WB900OJG,c:\Windows\System32\wbem\WMIPJOBJ.dll,Windows\System32\wbem,c,WMIPJOBJ.dll,dll,NT AUTHORITY\SYSTEM
WB900OJG,c:\Windows\SysWOW64\qcap.dll,Windows\SysWOW64,c,qcap.dll,dll,NT AUTHORITY\SYSTEM
WB900OJG,c:\Windows\System32\mfmjpegdec.dll,Windows\System32,c,mfmjpegdec.dll,dll,NT AUTHORITY\SYSTEM
WB900OJG,c:\Windows\System32\mfh264enc.dll,Windows\System32,c,mfh264enc.dll,dll,NT AUTHORITY\SYSTEM
WB900OJG,c:\Windows\System32\xpsservices.dll,Windows\System32,c,xpsservices.dll,dll,NT AUTHORITY\SYSTEM
WB900OJG,c:\Windows\System32\wbem\ntevt.dll,Windows\System32\wbem,c,ntevt.dll,dll,NT AUTHORITY\SYSTEM
WB900OJG,c:\Windows\SysWOW64\evr.dll,Windows\SysWOW64,c,evr.dll,dll,NT AUTHORITY\SYSTEM
WB900OJG,c:\Windows\System32\BFE.DLL,Windows\System32,c,BFE.DLL,DLL,NT AUTHORITY\SYSTEM
WB900OJG,c:\Windows\SysWOW64\msadp32.acm,Windows\SysWOW64,c,msadp32.acm,acm,NT AUTHORITY\SYSTEM
WB900OJG,c:\Windows\SysWOW64\devicedisplaystatusmanager.dll,Windows\SysWOW64,c,devicedisplaystatusmanager.dll,dll,NT AUTHORITY\SYSTEM
WB900OJG,c:\Windows\System32\uianimation.dll,Windows\System32,c,uianimation.dll,dll,NT AUTHORITY\SYSTEM
WB900OJG,c:\Windows\System32\mfc42u.dll,Windows\System32,c,mfc42u.dll,dll,NT AUTHORITY\SYSTEM
WB900OJG,C:\Windows\System32\iertutil.dll,Windows\System32,C,iertutil.dll,dll,NT AUTHORITY\SYSTEM
WB900OJG,c:\Windows\SysWOW64\intl.cpl,Windows\SysWOW64,c,intl.cpl,cpl,NT AUTHORITY\SYSTEM
WB900OJG,c:\Windows\System32\Speech\Engines\SR\spsrx.dll,Windows\System32\Speech\Engines\SR,c,spsrx.dll,dll,NT AUTHORITY\SYSTEM
WB900OJG,c:\Windows\microsoft.net\framework64\v3.0\WPF\presentationfontcache.exe,Windows\microsoft.net\framework64\v3.0\WPF,c,presentationfontcache.exe,exe,NT AUTHORITY\SYSTEM
WB900OJG,c:\Windows\SysWOW64\tapi3.dll,Windows\SysWOW64,c,tapi3.dll,dll,NT AUTHORITY\SYSTEM
WB900OJG,c:\Windows\System32\odbcconf.dll,Windows\System32,c,odbcconf.dll,dll,NT AUTHORITY\SYSTEM
WB900OJG,c:\Windows\System32\mmcss.dll,Windows\System32,c,mmcss.dll,dll,NT AUTHORITY\SYSTEM
WB900OJG,c:\Windows\System32\cic.dll,Windows\System32,c,cic.dll,dll,NT AUTHORITY\SYSTEM
WB900OJG,c:\Windows\SysWOW64\mpg2splt.ax,Windows\SysWOW64,c,mpg2splt.ax,ax,NT AUTHORITY\SYSTEM
WB900OJG,c:\Windows\SysWOW64\iedkcs32.dll,Windows\SysWOW64,c,iedkcs32.dll,dll,NT AUTHORITY\SYSTEM
WB900OJG,c:\Windows\System32\kerberos.dll,Windows\System32,c,kerberos.dll,dll,NT AUTHORITY\SYSTEM
WB900OJG,c:\Windows\System32\drivers\wd.sys,Windows\System32\drivers,c,wd.sys,sys,NT AUTHORITY\SYSTEM
WB900OJG,c:\Windows\System32\netprof.dll,Windows\System32,c,netprof.dll,dll,NT AUTHORITY\SYSTEM
WB900OJG,c:\Windows\System32\fveui.dll,Windows\System32,c,fveui.dll,dll,NT AUTHORITY\SYSTEM
WB900OJG,c:\Windows\System32\hnetcfg.dll,Windows\System32,c,hnetcfg.dll,dll,NT AUTHORITY\SYSTEM
WB900OJG,c:\Windows\System32\drivers\mpio.sys,Windows\System32\drivers,c,mpio.sys,sys,NT AUTHORITY\SYSTEM
WB900OJG,c:\Windows\System32\iassam.dll,Windows\System32,c,iassam.dll,dll,NT AUTHORITY\SYSTEM
WB900OJG,c:\Windows\System32\wmdrmsdk.dll,Windows\System32,c,wmdrmsdk.dll,dll,NT AUTHORITY\SYSTEM
WB900OJG,c:\Windows\System32\QSHVHOST.DLL,Windows\System32,c,QSHVHOST.DLL,DLL,NT AUTHORITY\SYSTEM
WB900OJG,c:\Windows\System32\portabledevicetypes.dll,Windows\System32,c,portabledevicetypes.dll,dll,NT AUTHORITY\SYSTEM
WB900OJG,c:\Windows\System32\mf.dll,Windows\System32,c,mf.dll,dll,NT AUTHORITY\SYSTEM
WB900OJG,c:\Windows\SysWOW64\fdWSD.dll,Windows\SysWOW64,c,fdWSD.dll,dll,NT AUTHORITY\SYSTEM
WB900OJG,c:\Windows\System32\drivers\usbcir.sys,Windows\System32\drivers,c,usbcir.sys,sys,NT AUTHORITY\SYSTEM
WB900OJG,c:\Windows\System32\ndfetw.dll,Windows\System32,c,ndfetw.dll,dll,NT AUTHORITY\SYSTEM
WB900OJG,c:\Windows\System32\xwizards.dll,Windows\System32,c,xwizards.dll,dll,NT AUTHORITY\SYSTEM
WB900OJG,c:\Windows\SysWOW64\midimap.dll,Windows\SysWOW64,c,midimap.dll,dll,NT AUTHORITY\SYSTEM
WB900OJG,c:\Windows\System32\msmpeg2vdec.dll,Windows\System32,c,msmpeg2vdec.dll,dll,NT AUTHORITY\SYSTEM
WB900OJG,c:\Program Files\McAfee\MSC\mcregobj\17 4 142 0\mcregobj.dll,Program Files\McAfee\MSC\mcregobj\17 4 142 0,c,mcregobj.dll,dll,BUILTIN\Administrators
WB900OJG,c:\Windows\System32\drivers\pacer.sys,Windows\System32\drivers,c,pacer.sys,sys,NT AUTHORITY\SYSTEM
WB900OJG,C:\Windows\System32\lpk.dll,Windows\System32,C,lpk.dll,dll,NT AUTHORITY\SYSTEM
WB900OJG,C:\Program Files\Common Files\SpeechEngines\Microsoft\TTS20\MSTTSEngine.dll,Program Files\Common Files\SpeechEngines\Microsoft\TTS20,C,MSTTSEngine.dll,dll,NT AUTHORITY\SYSTEM
WB900OJG,c:\Windows\System32\wbiosrvc.dll,Windows\System32,c,wbiosrvc.dll,dll,NT AUTHORITY\SYSTEM
WB900OJG,c:\Windows\System32\wmpmde.dll,Windows\System32,c,wmpmde.dll,dll,NT AUTHORITY\SYSTEM
WB900OJG,c:\Windows\SysWOW64\WMVDECOD.DLL,Windows\SysWOW64,c,WMVDECOD.DLL,DLL,NT AUTHORITY\SYSTEM
WB900OJG,c:\Windows\System32\ndfapi.dll,Windows\System32,c,ndfapi.dll,dll,NT AUTHORITY\SYSTEM
WB900OJG,c:\Program Files\Common Files\McAfee\Platform\Core\mccoreps.dll,Program Files\Common Files\McAfee\Platform\Core,c,mccoreps.dll,dll,BUILTIN\Administrators
WB900OJG,c:\Windows\System32\dot3gpui.dll,Windows\System32,c,dot3gpui.dll,dll,NT AUTHORITY\SYSTEM
WB900OJG,c:\Windows\System32\Setup\rasmigplugin.dll,Windows\System32\Setup,c,rasmigplugin.dll,dll,NT AUTHORITY\SYSTEM
WB900OJG,c:\Windows\System32\drivers\ipfltdrv.sys,Windows\System32\drivers,c,ipfltdrv.sys,sys,NT AUTHORITY\SYSTEM
WB900OJG,c:\Windows\System32\dmloader.dll,Windows\System32,c,dmloader.dll,dll,NT AUTHORITY\SYSTEM
WB900OJG,c:\Windows\System32\dxtrans.dll,Windows\System32,c,dxtrans.dll,dll,NT AUTHORITY\SYSTEM
WB900OJG,c:\Program Files\Common Files\McAfee\Platform\Core\McEvtBrk.dll,Program Files\Common Files\McAfee\Platform\Core,c,McEvtBrk.dll,dll,BUILTIN\Administrators
WB900OJG,c:\Windows\System32\drivers\wanarp.sys,Windows\System32\drivers,c,wanarp.sys,sys,NT AUTHORITY\SYSTEM
WB900OJG,c:\Windows\System32\mssrch.dll,Windows\System32,c,mssrch.dll,dll,NT AUTHORITY\SYSTEM
WB900OJG,c:\Windows\SysWOW64\mycomput.dll,Windows\SysWOW64,c,mycomput.dll,dll,NT AUTHORITY\SYSTEM
WB900OJG,C:\Windows\SysWOW64\explorer.exe,Windows\SysWOW64,C,explorer.exe,exe,NT AUTHORITY\SYSTEM
WB900OJG,c:\Windows\System32\swprv.dll,Windows\System32,c,swprv.dll,dll,NT AUTHORITY\SYSTEM
WB900OJG,c:\Windows\System32\msimtf.dll,Windows\System32,c,msimtf.dll,dll,NT AUTHORITY\SYSTEM
WB900OJG,c:\Windows\System32\hlink.dll,Windows\System32,c,hlink.dll,dll,NT AUTHORITY\SYSTEM
WB900OJG,c:\Windows\System32\wbem\WmiApSrv.exe,Windows\System32\wbem,c,WmiApSrv.exe,exe,NT AUTHORITY\SYSTEM
WB900OJG,c:\Windows\System32\provsvc.dll,Windows\System32,c,provsvc.dll,dll,NT AUTHORITY\SYSTEM
WB900OJG,c:\Windows\System32\drivers\asyncmac.sys,Windows\System32\drivers,c,asyncmac.sys,sys,NT AUTHORITY\SYSTEM
WB900OJG,c:\Windows\SysWOW64\msacm32.drv,Windows\SysWOW64,c,msacm32.drv,drv,NT AUTHORITY\SYSTEM
WB900OJG,c:\Windows\SysWOW64\MP43DECD.DLL,Windows\SysWOW64,c,MP43DECD.DLL,DLL,NT AUTHORITY\SYSTEM
WB900OJG,c:\Program Files\McAfee\MSC\WssNgmAmbassador\NgmUIExtn.dll,Program Files\McAfee\MSC\WssNgmAmbassador,c,NgmUIExtn.dll,dll,BUILTIN\Administrators
WB900OJG,C:\Windows\SysWOW64\rpcrt4.dll,Windows\SysWOW64,C,rpcrt4.dll,dll,NT AUTHORITY\SYSTEM
WB900OJG,c:\Windows\SysWOW64\wscui.cpl,Windows\SysWOW64,c,wscui.cpl,cpl,NT AUTHORITY\SYSTEM
WB900OJG,c:\Windows\System32\playsndsrv.dll,Windows\System32,c,playsndsrv.dll,dll,NT AUTHORITY\SYSTEM
WB900OJG,c:\Windows\System32\findnetprinters.dll,Windows\System32,c,findnetprinters.dll,dll,NT AUTHORITY\SYSTEM
WB900OJG,c:\Windows\SysWOW64\MSVidCtl.dll,Windows\SysWOW64,c,MSVidCtl.dll,dll,NT AUTHORITY\SYSTEM
WB900OJG,C:\Windows\System32\setupapi.dll,Windows\System32,C,setupapi.dll,dll,NT AUTHORITY\SYSTEM
WB900OJG,c:\Windows\microsoft.net\framework\v2.0.50727\mscorsvw.exe,Windows\microsoft.net\framework\v2.0.50727,c,mscorsvw.exe,exe,NT AUTHORITY\SYSTEM
WB900OJG,c:\Windows\System32\vbisurf.ax,Windows\System32,c,vbisurf.ax,ax,NT AUTHORITY\SYSTEM
WB900OJG,c:\Windows\System32\drivers\mshidkmdf.sys,Windows\System32\drivers,c,mshidkmdf.sys,sys,NT AUTHORITY\SYSTEM
WB900OJG,c:\Windows\System32\drivers\volsnap.sys,Windows\System32\drivers,c,volsnap.sys,sys,NT AUTHORITY\SYSTEM
WB900OJG,c:\Windows\SysWOW64\shdocvw.dll,Windows\SysWOW64,c,shdocvw.dll,dll,NT AUTHORITY\SYSTEM
WB900OJG,c:\Windows\System32\dps.dll,Windows\System32,c,dps.dll,dll,NT AUTHORITY\SYSTEM
WB900OJG,c:\Windows\System32\drivers\acpipmi.sys,Windows\System32\drivers,c,acpipmi.sys,sys,NT AUTHORITY\SYSTEM
WB900OJG,c:\Program Files\McAfee\MSC\TskTCShm.dll,Program Files\McAfee\MSC,c,TskTCShm.dll,dll,BUILTIN\Administrators
WB900OJG,c:\Windows\System32\wiaextensionhost64.dll,Windows\System32,c,wiaextensionhost64.dll,dll,NT AUTHORITY\SYSTEM
WB900OJG,c:\Windows\System32\drivers\umbus.sys,Windows\System32\drivers,c,umbus.sys,sys,NT AUTHORITY\SYSTEM
WB900OJG,c:\Windows\ehome\ehchhime.dll,Windows\ehome,c,ehchhime.dll,dll,NT AUTHORITY\SYSTEM
WB900OJG,c:\Windows\System32\drivers\umpass.sys,Windows\System32\drivers,c,umpass.sys,sys,NT AUTHORITY\SYSTEM
WB900OJG,c:\Windows\System32\authui.dll,Windows\System32,c,authui.dll,dll,NT AUTHORITY\SYSTEM
WB900OJG,c:\Windows\System32\wbem\wbemess.dll,Windows\System32\wbem,c,wbemess.dll,dll,NT AUTHORITY\SYSTEM
WB900OJG,c:\Windows\System32\Speech\SpeechUX\SPTIP.DLL,Windows\System32\Speech\SpeechUX,c,SPTIP.DLL,DLL,NT AUTHORITY\SYSTEM
WB900OJG,c:\Windows\System32\drivers\AGP440.sys,Windows\System32\drivers,c,AGP440.sys,sys,NT AUTHORITY\SYSTEM
WB900OJG,c:\Windows\System32\drivers\isapnp.sys,Windows\System32\drivers,c,isapnp.sys,sys,NT AUTHORITY\SYSTEM
WB900OJG,c:\Windows\System32\ipbusenumproxy.dll,Windows\System32,c,ipbusenumproxy.dll,dll,NT AUTHORITY\SYSTEM
WB900OJG,c:\Program Files\McAfee\MSC\McUpdShm.dll,Program Files\McAfee\MSC,c,McUpdShm.dll,dll,BUILTIN\Administrators
WB900OJG,c:\program files\microsoft sql server\mssql14.sqlexpress\MSSQL\Binn\sqlservr.exe,program files\microsoft sql server\mssql14.sqlexpress\MSSQL\Binn,c,sqlservr.exe,exe,NT AUTHORITY\SYSTEM
WB900OJG,c:\program files\TightVNC\tvnserver.exe,program files\TightVNC,c,tvnserver.exe,exe,NT AUTHORITY\SYSTEM
WB900OJG,c:\Windows\System32\tsmf.dll,Windows\System32,c,tsmf.dll,dll,NT AUTHORITY\SYSTEM
WB900OJG,c:\Windows\System32\structuredquery.dll,Windows\System32,c,structuredquery.dll,dll,NT AUTHORITY\SYSTEM
WB900OJG,c:\Windows\System32\drivers\agilevpn.sys,Windows\System32\drivers,c,agilevpn.sys,sys,NT AUTHORITY\SYSTEM
WB900OJG,c:\Windows\System32\ie4uinit.exe,Windows\System32,c,ie4uinit.exe,exe,NT AUTHORITY\SYSTEM
WB900OJG,c:\Windows\System32\mmcshext.dll,Windows\System32,c,mmcshext.dll,dll,NT AUTHORITY\SYSTEM
WB900OJG,c:\Windows\servicing\CbsApi.dll,Windows\servicing,c,CbsApi.dll,dll,NT AUTHORITY\SYSTEM
WB900OJG,c:\Windows\System32\IME\IMETC10\IMTCCORE.DLL,Windows\System32\IME\IMETC10,c,IMTCCORE.DLL,DLL,NT AUTHORITY\SYSTEM
WB900OJG,c:\Windows\System32\panmap.dll,Windows\System32,c,panmap.dll,dll,NT AUTHORITY\SYSTEM
WB900OJG,c:\Program Files\McAfee\MQS\ShredShm.dll,Program Files\McAfee\MQS,c,ShredShm.dll,dll,BUILTIN\Administrators
WB900OJG,c:\Windows\System32\adsnt.dll,Windows\System32,c,adsnt.dll,dll,NT AUTHORITY\SYSTEM
WB900OJG,c:\Windows\System32\iyuv_32.dll,Windows\System32,c,iyuv_32.dll,dll,NT AUTHORITY\SYSTEM
WB900OJG,c:\Program Files\McAfee\MPF\MpfEvt.dll,Program Files\McAfee\MPF,c,MpfEvt.dll,dll,BUILTIN\Administrators
WB900OJG,c:\Windows\System32\Wwanpref.dll,Windows\System32,c,Wwanpref.dll,dll,NT AUTHORITY\SYSTEM
WB900OJG,c:\Windows\System32\drivers\amdsata.sys,Windows\System32\drivers,c,amdsata.sys,sys,NT AUTHORITY\SYSTEM
WB900OJG,c:\Windows\System32\dswave.dll,Windows\System32,c,dswave.dll,dll,NT AUTHORITY\SYSTEM
WB900OJG,c:\Program Files\McAfee\MQS\ShrCore.dll,Program Files\McAfee\MQS,c,ShrCore.dll,dll,BUILTIN\Administrators
WB900OJG,c:\Windows\System32\comdlg32.dll,Windows\System32,c,comdlg32.dll,dll,NT AUTHORITY\SYSTEM
WB900OJG,c:\Windows\ehome\ehtrace.dll,Windows\ehome,c,ehtrace.dll,dll,NT AUTHORITY\SYSTEM
WB900OJG,c:\Windows\System32\drivers\nvraid.sys,Windows\System32\drivers,c,nvraid.sys,sys,NT AUTHORITY\SYSTEM
WB900OJG,c:\Windows\System32\drivers\mpsdrv.sys,Windows\System32\drivers,c,mpsdrv.sys,sys,NT AUTHORITY\SYSTEM
WB900OJG,c:\Windows\System32\dxdiagn.dll,Windows\System32,c,dxdiagn.dll,dll,NT AUTHORITY\SYSTEM
WB900OJG,c:\Windows\System32\QSVRMGMT.DLL,Windows\System32,c,QSVRMGMT.DLL,DLL,NT AUTHORITY\SYSTEM
WB900OJG,c:\Windows\System32\vdsbas.dll,Windows\System32,c,vdsbas.dll,dll,NT AUTHORITY\SYSTEM
WB900OJG,C:\Windows\System32\nsi.dll,Windows\System32,C,nsi.dll,dll,NT AUTHORITY\SYSTEM
WB900OJG,c:\Windows\System32\winhttp.dll,Windows\System32,c,winhttp.dll,dll,NT AUTHORITY\SYSTEM
WB900OJG,c:\Windows\System32\msrdpwebaccess.dll,Windows\System32,c,msrdpwebaccess.dll,dll,NT AUTHORITY\SYSTEM
WB900OJG,c:\Windows\System32\tsworkspace.dll,Windows\System32,c,tsworkspace.dll,dll,NT AUTHORITY\SYSTEM
WB900OJG,c:\Program Files\McAfee\VUL\McVulVer.dll,Program Files\McAfee\VUL,c,McVulVer.dll,dll,BUILTIN\Administrators
WB900OJG,c:\Windows\System32\drivers\mssmbios.sys,Windows\System32\drivers,c,mssmbios.sys,sys,NT AUTHORITY\SYSTEM
WB900OJG,c:\Windows\System32\MSNP.ax,Windows\System32,c,MSNP.ax,ax,NT AUTHORITY\SYSTEM
WB900OJG,c:\Windows\System32\iepeers.dll,Windows\System32,c,iepeers.dll,dll,NT AUTHORITY\SYSTEM
WB900OJG,c:\Windows\SysWOW64\iertutil.dll,Windows\SysWOW64,c,iertutil.dll,dll,NT AUTHORITY\SYSTEM
WB900OJG,c:\Windows\System32\msident.dll,Windows\System32,c,msident.dll,dll,NT AUTHORITY\SYSTEM
WB900OJG,c:\Windows\System32\drivers\BrFiltUp.sys,Windows\System32\drivers,c,BrFiltUp.sys,sys,NT AUTHORITY\SYSTEM
WB900OJG,c:\Windows\System32\wkssvc.dll,Windows\System32,c,wkssvc.dll,dll,NT AUTHORITY\SYSTEM
WB900OJG,c:\Windows\System32\scripto.dll,Windows\System32,c,scripto.dll,dll,NT AUTHORITY\SYSTEM
WB900OJG,c:\Windows\System32\drivers\flpydisk.sys,Windows\System32\drivers,c,flpydisk.sys,sys,NT AUTHORITY\SYSTEM
WB900OJG,c:\Windows\SysWOW64\wmvdspa.dll,Windows\SysWOW64,c,wmvdspa.dll,dll,NT AUTHORITY\SYSTEM
WB900OJG,c:\Windows\System32\sud.dll,Windows\System32,c,sud.dll,dll,NT AUTHORITY\SYSTEM
WB900OJG,c:\Windows\System32\drivers\iirsp.sys,Windows\System32\drivers,c,iirsp.sys,sys,NT AUTHORITY\SYSTEM
WB900OJG,c:\Windows\System32\itircl.dll,Windows\System32,c,itircl.dll,dll,NT AUTHORITY\SYSTEM
WB900OJG,c:\Windows\System32\nlasvc.dll,Windows\System32,c,nlasvc.dll,dll,NT AUTHORITY\SYSTEM
WB900OJG,c:\Windows\System32\ksxbar.ax,Windows\System32,c,ksxbar.ax,ax,NT AUTHORITY\SYSTEM
WB900OJG,c:\Windows\System32\eapphost.dll,Windows\System32,c,eapphost.dll,dll,NT AUTHORITY\SYSTEM
WB900OJG,c:\Program Files\McAfee\MPF\MpfPP.dll,Program Files\McAfee\MPF,c,MpfPP.dll,dll,BUILTIN\Administrators
WB900OJG,c:\Windows\System32\drivers\ql2300.sys,Windows\System32\drivers,c,ql2300.sys,sys,NT AUTHORITY\SYSTEM
WB900OJG,c:\Windows\System32\IME\IMEJP10\IMJPAPI.DLL,Windows\System32\IME\IMEJP10,c,IMJPAPI.DLL,DLL,NT AUTHORITY\SYSTEM
WB900OJG,c:\Windows\System32\wpcmig.dll,Windows\System32,c,wpcmig.dll,dll,NT AUTHORITY\SYSTEM
WB900OJG,c:\Windows\System32\KMSVC.DLL,Windows\System32,c,KMSVC.DLL,DLL,NT AUTHORITY\SYSTEM
WB900OJG,c:\Windows\System32\itss.dll,Windows\System32,c,itss.dll,dll,NT AUTHORITY\SYSTEM
WB900OJG,c:\Windows\SysWOW64\mfps.dll,Windows\SysWOW64,c,mfps.dll,dll,NT AUTHORITY\SYSTEM
WB900OJG,c:\Windows\System32\wups2.dll,Windows\System32,c,wups2.dll,dll,NT AUTHORITY\SYSTEM
WB900OJG,c:\Windows\System32\drivers\hidbatt.sys,Windows\System32\drivers,c,hidbatt.sys,sys,NT AUTHORITY\SYSTEM
WB900OJG,c:\Windows\System32\drivers\mrxdav.sys,Windows\System32\drivers,c,mrxdav.sys,sys,NT AUTHORITY\SYSTEM
WB900OJG,c:\Windows\System32\QAGENTRT.DLL,Windows\System32,c,QAGENTRT.DLL,DLL,NT AUTHORITY\SYSTEM
WB900OJG,c:\Windows\System32\ndiscapcfg.dll,Windows\System32,c,ndiscapcfg.dll,dll,NT AUTHORITY\SYSTEM
WB900OJG,c:\Windows\System32\wbem\repdrvfs.dll,Windows\System32\wbem,c,repdrvfs.dll,dll,NT AUTHORITY\SYSTEM
WB900OJG,c:\Windows\SysWOW64\MPG4DECD.DLL,Windows\SysWOW64,c,MPG4DECD.DLL,DLL,NT AUTHORITY\SYSTEM
WB900OJG,c:\Windows\System32\cewmdm.dll,Windows\System32,c,cewmdm.dll,dll,NT AUTHORITY\SYSTEM
WB900OJG,c:\Windows\SysWOW64\AuthFWGP.dll,Windows\SysWOW64,c,AuthFWGP.dll,dll,NT AUTHORITY\SYSTEM
WB900OJG,C:\Windows\System32\gdi32.dll,Windows\System32,C,gdi32.dll,dll,NT AUTHORITY\SYSTEM
WB900OJG,c:\Windows\System32\drivers\sbp2port.sys,Windows\System32\drivers,c,sbp2port.sys,sys,NT AUTHORITY\SYSTEM
WB900OJG,c:\Windows\System32\appmgmts.dll,Windows\System32,c,appmgmts.dll,dll,NT AUTHORITY\SYSTEM
WB900OJG,c:\Windows\SysWOW64\mshtml.dll,Windows\SysWOW64,c,mshtml.dll,dll,NT AUTHORITY\SYSTEM
WB900OJG,c:\Windows\System32\IME\IMETC10\IMTCTIP.dll,Windows\System32\IME\IMETC10,c,IMTCTIP.dll,dll,NT AUTHORITY\SYSTEM
WB900OJG,c:\Windows\SysWOW64\netcfgx.dll,Windows\SysWOW64,c,netcfgx.dll,dll,NT AUTHORITY\SYSTEM
WB900OJG,c:\Windows\System32\wbem\ServDeps.dll,Windows\System32\wbem,c,ServDeps.dll,dll,NT AUTHORITY\SYSTEM
WB900OJG,c:\Windows\System32\wbem\viewprov.dll,Windows\System32\wbem,c,viewprov.dll,dll,NT AUTHORITY\SYSTEM
WB900OJG,c:\Windows\SysWOW64\wmcodecdspps.dll,Windows\SysWOW64,c,wmcodecdspps.dll,dll,NT AUTHORITY\SYSTEM
WB900OJG,C:\Windows\System32\tcpmon.dll,Windows\System32,C,tcpmon.dll,dll,NT AUTHORITY\SYSTEM
WB900OJG,c:\Windows\System32\drivers\mrxsmb20.sys,Windows\System32\drivers,c,mrxsmb20.sys,sys,NT AUTHORITY\SYSTEM
WB900OJG,c:\Windows\System32\termsrv.dll,Windows\System32,c,termsrv.dll,dll,NT AUTHORITY\SYSTEM
WB900OJG,c:\program files\McAfee\webadvisor\x64\downloadscan.dll,program files\McAfee\webadvisor\x64,c,downloadscan.dll,dll,BUILTIN\Administrators
WB900OJG,c:\Windows\System32\fdprint.dll,Windows\System32,c,fdprint.dll,dll,NT AUTHORITY\SYSTEM
WB900OJG,c:\Windows\System32\drivers\BrSerId.sys,Windows\System32\drivers,c,BrSerId.sys,sys,NT AUTHORITY\SYSTEM
WB900OJG,c:\Program Files\Common Files\McAfee\Platform\mcsystraymgr.dll,Program Files\Common Files\McAfee\Platform,c,mcsystraymgr.dll,dll,BUILTIN\Administrators
WB900OJG,c:\Windows\System32\msscp.dll,Windows\System32,c,msscp.dll,dll,NT AUTHORITY\SYSTEM
WB900OJG,c:\Windows\System32\drivers\filetrace.sys,Windows\System32\drivers,c,filetrace.sys,sys,NT AUTHORITY\SYSTEM
WB900OJG,c:\Windows\System32\QAGENT.DLL,Windows\System32,c,QAGENT.DLL,DLL,NT AUTHORITY\SYSTEM
WB900OJG,c:\Windows\System32\wscisvif.dll,Windows\System32,c,wscisvif.dll,dll,NT AUTHORITY\SYSTEM
WB900OJG,c:\Windows\System32\VBoxTray.exe,Windows\System32,c,VBoxTray.exe,exe,NT AUTHORITY\SYSTEM
WB900OJG,c:\Windows\System32\drivers\b57nd60a.sys,Windows\System32\drivers,c,b57nd60a.sys,sys,NT AUTHORITY\SYSTEM
WB900OJG,c:\Windows\System32\mfdvdec.dll,Windows\System32,c,mfdvdec.dll,dll,NT AUTHORITY\SYSTEM
WB900OJG,c:\Windows\System32\wiaservc.dll,Windows\System32,c,wiaservc.dll,dll,NT AUTHORITY\SYSTEM
WB900OJG,c:\Windows\SysWOW64\l3codeca.acm,Windows\SysWOW64,c,l3codeca.acm,acm,NT AUTHORITY\SYSTEM
WB900OJG,c:\Windows\System32\drivers\acpi.sys,Windows\System32\drivers,c,acpi.sys,sys,NT AUTHORITY\SYSTEM
WB900OJG,c:\Windows\System32\wcspluginservice.dll,Windows\System32,c,wcspluginservice.dll,dll,NT AUTHORITY\SYSTEM
WB900OJG,c:\Windows\System32\l2nacp.dll,Windows\System32,c,l2nacp.dll,dll,NT AUTHORITY\SYSTEM
WB900OJG,c:\Windows\System32\drivers\lsi_scsi.sys,Windows\System32\drivers,c,lsi_scsi.sys,sys,NT AUTHORITY\SYSTEM
WB900OJG,c:\Windows\SysWOW64\WMVENCOD.DLL,Windows\SysWOW64,c,WMVENCOD.DLL,DLL,NT AUTHORITY\SYSTEM
WB900OJG,c:\Windows\System32\drivers\cdrom.sys,Windows\System32\drivers,c,cdrom.sys,sys,NT AUTHORITY\SYSTEM
WB900OJG,c:\Windows\System32\drivers\rdpvideominiport.sys,Windows\System32\drivers,c,rdpvideominiport.sys,sys,NT AUTHORITY\SYSTEM
WB900OJG,c:\Windows\ehome\ehentt.dll,Windows\ehome,c,ehentt.dll,dll,NT AUTHORITY\SYSTEM
WB900OJG,c:\Windows\System32\sensorsapi.dll,Windows\System32,c,sensorsapi.dll,dll,NT AUTHORITY\SYSTEM
WB900OJG,c:\Windows\System32\VIDRESZR.DLL,Windows\System32,c,VIDRESZR.DLL,DLL,NT AUTHORITY\SYSTEM
WB900OJG,c:\Windows\System32\defragsvc.dll,Windows\System32,c,defragsvc.dll,dll,NT AUTHORITY\SYSTEM
WB900OJG,c:\Windows\System32\srvsvc.dll,Windows\System32,c,srvsvc.dll,dll,NT AUTHORITY\SYSTEM
WB900OJG,c:\Windows\System32\AUDIOKSE.dll,Windows\System32,c,AUDIOKSE.dll,dll,NT AUTHORITY\SYSTEM
WB900OJG,c:\Windows\System32\occache.dll,Windows\System32,c,occache.dll,dll,NT AUTHORITY\SYSTEM
WB900OJG,c:\Windows\SysWOW64\scrobj.dll,Windows\SysWOW64,c,scrobj.dll,dll,NT AUTHORITY\SYSTEM
WB900OJG,c:\Windows\System32\dshowrdpfilter.dll,Windows\System32,c,dshowrdpfilter.dll,dll,NT AUTHORITY\SYSTEM
WB900OJG,c:\Windows\System32\drivers\msisadrv.sys,Windows\System32\drivers,c,msisadrv.sys,sys,NT AUTHORITY\SYSTEM
WB900OJG,c:\Windows\System32\msaatext.dll,Windows\System32,c,msaatext.dll,dll,NT AUTHORITY\SYSTEM
WB900OJG,c:\Windows\SysWOW64\perfhost.exe,Windows\SysWOW64,c,perfhost.exe,exe,NT AUTHORITY\SYSTEM
WB900OJG,c:\Windows\SysWOW64\psisrndr.ax,Windows\SysWOW64,c,psisrndr.ax,ax,NT AUTHORITY\SYSTEM
WB900OJG,c:\Windows\System32\drivers\msahci.sys,Windows\System32\drivers,c,msahci.sys,sys,NT AUTHORITY\SYSTEM
WB900OJG,C:\Windows\System32\wininet.dll,Windows\System32,C,wininet.dll,dll,NT AUTHORITY\SYSTEM
WB900OJG,c:\Windows\System32\wbem\WMIPSESS.dll,Windows\System32\wbem,c,WMIPSESS.dll,dll,NT AUTHORITY\SYSTEM
WB900OJG,c:\Windows\System32\IME\IMETC10\IMTCCFG.DLL,Windows\System32\IME\IMETC10,c,IMTCCFG.DLL,DLL,NT AUTHORITY\SYSTEM
WB900OJG,C:\Program Files (x86)\Common Files\Microsoft Shared\DAO\dao360.dll,Program Files (x86)\Common Files\Microsoft Shared\DAO,C,dao360.dll,dll,NT AUTHORITY\SYSTEM
WB900OJG,c:\Windows\System32\sdautoplay.dll,Windows\System32,c,sdautoplay.dll,dll,NT AUTHORITY\SYSTEM
WB900OJG,c:\Windows\SysWOW64\rshx32.dll,Windows\SysWOW64,c,rshx32.dll,dll,NT AUTHORITY\SYSTEM
WB900OJG,c:\Windows\System32\iscsiwmi.dll,Windows\System32,c,iscsiwmi.dll,dll,NT AUTHORITY\SYSTEM
WB900OJG,c:\Windows\System32\drivers\viaide.sys,Windows\System32\drivers,c,viaide.sys,sys,NT AUTHORITY\SYSTEM
WB900OJG,c:\Windows\System32\txflog.dll,Windows\System32,c,txflog.dll,dll,NT AUTHORITY\SYSTEM
WB900OJG,c:\Windows\System32\IME\IMEJP10\APPLETS\IMJPCAC.DLL,Windows\System32\IME\IMEJP10\APPLETS,c,IMJPCAC.DLL,DLL,NT AUTHORITY\SYSTEM
WB900OJG,c:\Windows\System32\drivers\modem.sys,Windows\System32\drivers,c,modem.sys,sys,NT AUTHORITY\SYSTEM
WB900OJG,c:\Windows\System32\wbem\wbemcons.dll,Windows\System32\wbem,c,wbemcons.dll,dll,NT AUTHORITY\SYSTEM
WB900OJG,c:\Windows\System32\drivers\tssecsrv.sys,Windows\System32\drivers,c,tssecsrv.sys,sys,NT AUTHORITY\SYSTEM
WB900OJG,c:\Windows\System32\dmdlgs.dll,Windows\System32,c,dmdlgs.dll,dll,NT AUTHORITY\SYSTEM
WB900OJG,c:\Windows\System32\AdmTmpl.dll,Windows\System32,c,AdmTmpl.dll,dll,NT AUTHORITY\SYSTEM
WB900OJG,c:\Windows\SysWOW64\MSAC3ENC.DLL,Windows\SysWOW64,c,MSAC3ENC.DLL,DLL,NT AUTHORITY\SYSTEM
WB900OJG,c:\Windows\System32\wbem\wbemcore.dll,Windows\System32\wbem,c,wbemcore.dll,dll,NT AUTHORITY\SYSTEM
WB900OJG,c:\Windows\System32\shimgvw.dll,Windows\System32,c,shimgvw.dll,dll,NT AUTHORITY\SYSTEM
WB900OJG,c:\Windows\System32\auxiliarydisplaycpl.dll,Windows\System32,c,auxiliarydisplaycpl.dll,dll,NT AUTHORITY\SYSTEM
WB900OJG,c:\Windows\System32\wshcon.dll,Windows\System32,c,wshcon.dll,dll,NT AUTHORITY\SYSTEM
WB900OJG,c:\Windows\System32\drivers\tcpipreg.sys,Windows\System32\drivers,c,tcpipreg.sys,sys,NT AUTHORITY\SYSTEM
WB900OJG,c:\Windows\SysWOW64\cdosys.dll,Windows\SysWOW64,c,cdosys.dll,dll,NT AUTHORITY\SYSTEM
WB900OJG,c:\Windows\System32\drivers\RDPENCDD.sys,Windows\System32\drivers,c,RDPENCDD.sys,sys,NT AUTHORITY\SYSTEM
WB900OJG,c:\Windows\System32\drivers\dmvsc.sys,Windows\System32\drivers,c,dmvsc.sys,sys,NT AUTHORITY\SYSTEM
WB900OJG,c:\Windows\System32\ddoiproxy.dll,Windows\System32,c,ddoiproxy.dll,dll,NT AUTHORITY\SYSTEM
WB900OJG,c:\Windows\System32\p2psvc.dll,Windows\System32,c,p2psvc.dll,dll,NT AUTHORITY\SYSTEM
WB900OJG,c:\Windows\System32\vidcap.ax,Windows\System32,c,vidcap.ax,ax,NT AUTHORITY\SYSTEM
WB900OJG,c:\Windows\System32\WWanAPI.dll,Windows\System32,c,WWanAPI.dll,dll,NT AUTHORITY\SYSTEM
WB900OJG,c:\Windows\System32\schedsvc.dll,Windows\System32,c,schedsvc.dll,dll,NT AUTHORITY\SYSTEM
WB900OJG,c:\Windows\SysWOW64\WSTPager.ax,Windows\SysWOW64,c,WSTPager.ax,ax,NT AUTHORITY\SYSTEM
WB900OJG,c:\Windows\System32\mfps.dll,Windows\System32,c,mfps.dll,dll,NT AUTHORITY\SYSTEM
WB900OJG,c:\Windows\SysWOW64\WMPEncEn.dll,Windows\SysWOW64,c,WMPEncEn.dll,dll,NT AUTHORITY\SYSTEM
WB900OJG,c:\Windows\System32\sendmail.dll,Windows\System32,c,sendmail.dll,dll,NT AUTHORITY\SYSTEM
WB900OJG,C:\Windows\System32\dpnet.dll,Windows\System32,C,dpnet.dll,dll,NT AUTHORITY\SYSTEM
WB900OJG,c:\Program Files\Common Files\McAfee\Platform\McSvcHost\McSvHVer.dll,Program Files\Common Files\McAfee\Platform\McSvcHost,c,McSvHVer.dll,dll,BUILTIN\Administrators
WB900OJG,c:\Windows\System32\drivers\ndistapi.sys,Windows\System32\drivers,c,ndistapi.sys,sys,NT AUTHORITY\SYSTEM
WB900OJG,c:\Program Files\McAfee\MfeAV\McOasShm.dll,Program Files\McAfee\MfeAV,c,McOasShm.dll,dll,BUILTIN\Administrators
WB900OJG,c:\Windows\SysWOW64\wavemsp.dll,Windows\SysWOW64,c,wavemsp.dll,dll,NT AUTHORITY\SYSTEM
WB900OJG,c:\Windows\System32\Mcx2Svc.dll,Windows\System32,c,Mcx2Svc.dll,dll,NT AUTHORITY\SYSTEM
WB900OJG,c:\Windows\System32\ntlanui2.dll,Windows\System32,c,ntlanui2.dll,dll,NT AUTHORITY\SYSTEM
WB900OJG,c:\Windows\System32\msxml3.dll,Windows\System32,c,msxml3.dll,dll,NT AUTHORITY\SYSTEM
WB900OJG,c:\Windows\System32\nlmgp.dll,Windows\System32,c,nlmgp.dll,dll,NT AUTHORITY\SYSTEM
WB900OJG,c:\Windows\SysWOW64\racpldlg.dll,Windows\SysWOW64,c,racpldlg.dll,dll,NT AUTHORITY\SYSTEM
WB900OJG,c:\Windows\System32\mssvp.dll,Windows\System32,c,mssvp.dll,dll,NT AUTHORITY\SYSTEM
WB900OJG,c:\Program Files\McAfee\MSC\mcuinshm.dll,Program Files\McAfee\MSC,c,mcuinshm.dll,dll,BUILTIN\Administrators
WB900OJG,c:\Windows\System32\mstask.dll,Windows\System32,c,mstask.dll,dll,NT AUTHORITY\SYSTEM
WB900OJG,c:\Windows\System32\iedkcs32.dll,Windows\System32,c,iedkcs32.dll,dll,NT AUTHORITY\SYSTEM
WB900OJG,c:\Windows\SysWOW64\MFWMAAEC.DLL,Windows\SysWOW64,c,MFWMAAEC.DLL,DLL,NT AUTHORITY\SYSTEM
WB900OJG,c:\Windows\System32\drivers\smb.sys,Windows\System32\drivers,c,smb.sys,sys,NT AUTHORITY\SYSTEM
WB900OJG,c:\Windows\System32\qmgr.dll,Windows\System32,c,qmgr.dll,dll,NT AUTHORITY\SYSTEM
WB900OJG,c:\Windows\System32\wbem\cimwin32.dll,Windows\System32\wbem,c,cimwin32.dll,dll,NT AUTHORITY\SYSTEM
WB900OJG,c:\Windows\SysWOW64\msvbvm60.dll,Windows\SysWOW64,c,msvbvm60.dll,dll,NT AUTHORITY\SYSTEM
WB900OJG,C:\Windows\System32\usbmon.dll,Windows\System32,C,usbmon.dll,dll,NT AUTHORITY\SYSTEM
WB900OJG,c:\Program Files\McAfee\MSC\McCtxMenuFrmWrk.dll,Program Files\McAfee\MSC,c,McCtxMenuFrmWrk.dll,dll,BUILTIN\Administrators
WB900OJG,c:\Windows\System32\atl.dll,Windows\System32,c,atl.dll,dll,NT AUTHORITY\SYSTEM
WB900OJG,c:\Windows\System32\qdvd.dll,Windows\System32,c,qdvd.dll,dll,NT AUTHORITY\SYSTEM
WB900OJG,c:\Windows\System32\dsuiext.dll,Windows\System32,c,dsuiext.dll,dll,NT AUTHORITY\SYSTEM
WB900OJG,c:\Windows\ehome\ehjpnime.dll,Windows\ehome,c,ehjpnime.dll,dll,NT AUTHORITY\SYSTEM
WB900OJG,c:\Windows\System32\IME\IMEJP10\IMJPTIP.DLL,Windows\System32\IME\IMEJP10,c,IMJPTIP.DLL,DLL,NT AUTHORITY\SYSTEM
WB900OJG,c:\Windows\System32\WLanConn.dll,Windows\System32,c,WLanConn.dll,dll,NT AUTHORITY\SYSTEM
WB900OJG,c:\program files\windows media player\wmpnssci.dll,program files\windows media player,c,wmpnssci.dll,dll,NT SERVICE\TrustedInstaller
WB900OJG,c:\Windows\System32\drivers\stexstor.sys,Windows\System32\drivers,c,stexstor.sys,sys,NT AUTHORITY\SYSTEM
WB900OJG,c:\Windows\SysWOW64\MSDvbNP.ax,Windows\SysWOW64,c,MSDvbNP.ax,ax,NT AUTHORITY\SYSTEM
WB900OJG,c:\Windows\System32\wlanpref.dll,Windows\System32,c,wlanpref.dll,dll,NT AUTHORITY\SYSTEM
WB900OJG,c:\Windows\System32\offfilt.dll,Windows\System32,c,offfilt.dll,dll,NT AUTHORITY\SYSTEM
WB900OJG,c:\Windows\SysWOW64\tdc.ocx,Windows\SysWOW64,c,tdc.ocx,ocx,NT AUTHORITY\SYSTEM
WB900OJG,c:\Windows\System32\hcproviders.dll,Windows\System32,c,hcproviders.dll,dll,NT AUTHORITY\SYSTEM
WB900OJG,c:\Windows\System32\WfHC.dll,Windows\System32,c,WfHC.dll,dll,NT AUTHORITY\SYSTEM
WB900OJG,c:\Windows\System32\Setup\cmmigr.dll,Windows\System32\Setup,c,cmmigr.dll,dll,NT AUTHORITY\SYSTEM
WB900OJG,c:\Windows\System32\appwiz.cpl,Windows\System32,c,appwiz.cpl,cpl,NT AUTHORITY\SYSTEM
WB900OJG,c:\Windows\System32\qedit.dll,Windows\System32,c,qedit.dll,dll,NT AUTHORITY\SYSTEM
WB900OJG,c:\Windows\System32\Sens.dll,Windows\System32,c,Sens.dll,dll,NT AUTHORITY\SYSTEM
WB900OJG,c:\Program Files\McAfee\MSK\mskola64.dll,Program Files\McAfee\MSK,c,mskola64.dll,dll,BUILTIN\Administrators
WB900OJG,c:\Windows\System32\bwcontexthandler.dll,Windows\System32,c,bwcontexthandler.dll,dll,NT AUTHORITY\SYSTEM
WB900OJG,c:\Windows\SysWOW64\dfshim.dll,Windows\SysWOW64,c,dfshim.dll,dll,NT AUTHORITY\SYSTEM
WB900OJG,c:\Windows\System32\drivers\HpSAMD.sys,Windows\System32\drivers,c,HpSAMD.sys,sys,NT AUTHORITY\SYSTEM
WB900OJG,c:\Windows\System32\ui0detect.exe,Windows\System32,c,ui0detect.exe,exe,NT AUTHORITY\SYSTEM
WB900OJG,c:\Windows\ehome\MhegVM.dll,Windows\ehome,c,MhegVM.dll,dll,NT AUTHORITY\SYSTEM
WB900OJG,c:\Windows\System32\drivers\tdx.sys,Windows\System32\drivers,c,tdx.sys,sys,NT AUTHORITY\SYSTEM
WB900OJG,C:\Windows\System32\msctf.dll,Windows\System32,C,msctf.dll,dll,NT AUTHORITY\SYSTEM
WB900OJG,c:\Windows\microsoft.net\framework64\v3.0\WPF\PenIMC.dll,Windows\microsoft.net\framework64\v3.0\WPF,c,PenIMC.dll,dll,NT AUTHORITY\SYSTEM
WB900OJG,c:\Windows\System32\drivers\E1G6032E.sys,Windows\System32\drivers,c,E1G6032E.sys,sys,NT AUTHORITY\SYSTEM
WB900OJG,c:\Windows\System32\activeds.dll,Windows\System32,c,activeds.dll,dll,NT AUTHORITY\SYSTEM
WB900OJG,c:\Windows\System32\fdPHost.dll,Windows\System32,c,fdPHost.dll,dll,NT AUTHORITY\SYSTEM
WB900OJG,c:\Windows\SysWOW64\wbem\racwmiprov.dll,Windows\SysWOW64\wbem,c,racwmiprov.dll,dll,NT AUTHORITY\SYSTEM
WB900OJG,c:\Windows\System32\IMJP10K.DLL,Windows\System32,c,IMJP10K.DLL,DLL,NT AUTHORITY\SYSTEM
WB900OJG,c:\Windows\System32\bthserv.dll,Windows\System32,c,bthserv.dll,dll,NT AUTHORITY\SYSTEM
WB900OJG,c:\Windows\System32\rastls.dll,Windows\System32,c,rastls.dll,dll,NT AUTHORITY\SYSTEM
WB900OJG,c:\Windows\System32\drivers\atapi.sys,Windows\System32\drivers,c,atapi.sys,sys,NT AUTHORITY\SYSTEM
WB900OJG,C:\Windows\System32\ws2_32.dll,Windows\System32,C,ws2_32.dll,dll,NT AUTHORITY\SYSTEM
WB900OJG,c:\program files\common files\McAfee\McProxy\Proxyver.dll,program files\common files\McAfee\McProxy,c,Proxyver.dll,dll,BUILTIN\Administrators
WB900OJG,c:\Windows\System32\msfeedsbs.dll,Windows\System32,c,msfeedsbs.dll,dll,NT AUTHORITY\SYSTEM
WB900OJG,c:\Windows\System32\themeservice.dll,Windows\System32,c,themeservice.dll,dll,NT AUTHORITY\SYSTEM
WB900OJG,c:\Windows\System32\IME\imekr8\imkrudt.dll,Windows\System32\IME\imekr8,c,imkrudt.dll,dll,NT AUTHORITY\SYSTEM
WB900OJG,c:\Windows\System32\msgsm32.acm,Windows\System32,c,msgsm32.acm,acm,NT AUTHORITY\SYSTEM
WB900OJG,c:\Windows\System32\dnshc.dll,Windows\System32,c,dnshc.dll,dll,NT AUTHORITY\SYSTEM
WB900OJG,c:\Windows\System32\drivers\fltMgr.sys,Windows\System32\drivers,c,fltMgr.sys,sys,NT AUTHORITY\SYSTEM
WB900OJG,c:\Windows\SysWOW64\msfeeds.dll,Windows\SysWOW64,c,msfeeds.dll,dll,NT AUTHORITY\SYSTEM
WB900OJG,c:\Windows\System32\iaspolcy.dll,Windows\System32,c,iaspolcy.dll,dll,NT AUTHORITY\SYSTEM
WB900OJG,c:\Windows\SysWOW64\urlmon.dll,Windows\SysWOW64,c,urlmon.dll,dll,NT AUTHORITY\SYSTEM
WB900OJG,c:\Windows\System32\ksproxy.ax,Windows\System32,c,ksproxy.ax,ax,NT AUTHORITY\SYSTEM
WB900OJG,c:\Windows\SysWOW64\mscories.dll,Windows\SysWOW64,c,mscories.dll,dll,NT AUTHORITY\SYSTEM
WB900OJG,c:\Windows\System32\sbe.dll,Windows\System32,c,sbe.dll,dll,NT AUTHORITY\SYSTEM
WB900OJG,c:\Windows\System32\drivers\ql40xx.sys,Windows\System32\drivers,c,ql40xx.sys,sys,NT AUTHORITY\SYSTEM
WB900OJG,c:\Windows\System32\mcmde.dll,Windows\System32,c,mcmde.dll,dll,NT AUTHORITY\SYSTEM
WB900OJG,c:\Windows\System32\COLORCNV.DLL,Windows\System32,c,COLORCNV.DLL,DLL,NT AUTHORITY\SYSTEM
WB900OJG,c:\Windows\System32\imapi.dll,Windows\System32,c,imapi.dll,dll,NT AUTHORITY\SYSTEM
